19.388,19.39,19.381,19.338,19.275,19.209,19.168,19.154,19.16,19.172,19.189,19.191,19.207,19.253,19.326,19.371,19.377,19.376,19.378,19.393,19.422,19.462,19.498,19.524,19.541,19.544,19.533,19.515,19.491,19.461,19.425,19.384,19.348,19.323,19.298,19.274,19.251,19.229,19.21,19.193,19.176,19.161,19.144,19.124,19.105,19.068,19.03,18.995,18.973,18.966,18.966,18.967,18.932,18.93,18.929,18.925,18.921,18.92,18.923,18.906,18.892,18.881,18.87,18.854,18.83,18.792,18.733,18.65,18.531,18.37,18.224,18.014,17.814,17.601,17.42,17.277
19.385,19.372,19.358,19.322,19.269,19.211,19.166,19.145,19.144,19.15,19.161,19.173,19.193,19.246,19.305,19.344,19.361,19.367,19.372,19.384,19.406,19.437,19.468,19.494,19.512,19.519,19.513,19.498,19.475,19.447,19.414,19.378,19.341,19.309,19.279,19.253,19.23,19.208,19.189,19.171,19.154,19.137,19.118,19.097,19.071,19.039,19.005,18.976,18.955,18.943,18.937,18.931,18.922,18.915,18.909,18.902,18.894,18.887,18.881,18.874,18.863,18.849,18.831,18.808,18.774,18.726,18.658,18.564,18.442,18.289,18.127,17.931,17.73,17.544,17.386,17.259
19.367,19.358,19.348,19.317,19.268,19.209,19.159,19.132,19.122,19.122,19.129,19.141,19.17,19.239,19.304,19.345,19.362,19.365,19.366,19.373,19.388,19.412,19.439,19.466,19.487,19.497,19.496,19.484,19.463,19.437,19.407,19.375,19.342,19.31,19.281,19.255,19.231,19.21,19.191,19.173,19.156,19.139,19.12,19.098,19.072,19.042,19.01,18.98,18.957,18.943,18.935,18.93,18.926,18.921,18.915,18.908,18.9,18.892,18.882,18.872,18.86,18.844,18.825,18.799,18.763,18.714,18.646,18.554,18.433,18.283,18.115,17.931,17.73,17.544,17.386,17.259
19.352,19.346,19.34,19.315,19.269,19.208,19.152,19.117,19.1,19.091,19.089,19.1,19.144,19.232,19.308,19.353,19.366,19.363,19.357,19.359,19.372,19.392,19.416,19.443,19.467,19.483,19.487,19.478,19.46,19.434,19.406,19.375,19.345,19.315,19.287,19.261,19.238,19.217,19.199,19.181,19.165,19.148,19.13,19.109,19.084,19.054,19.022,18.991,18.968,18.955,18.948,18.945,18.942,18.938,18.934,18.928,18.92,18.912,18.902,18.891,18.879,18.863,18.844,18.82,18.787,18.742,18.68,18.596,18.482,18.336,18.159,17.977,17.766,17.567,17.399,17.266
19.339,19.335,19.332,19.313,19.274,19.213,19.149,19.107,19.08,19.059,19.044,19.051,19.117,19.226,19.315,19.364,19.373,19.36,19.346,19.345,19.357,19.379,19.401,19.424,19.447,19.469,19.481,19.478,19.461,19.436,19.407,19.377,19.347,19.319,19.291,19.266,19.244,19.224,19.206,19.19,19.174,19.158,19.142,19.122,19.099,19.071,19.04,19.011,18.99,18.978,18.973,18.971,18.969,18.966,18.962,18.957,18.951,18.943,18.934,18.923,18.911,18.897,18.88,18.857,18.829,18.791,18.739,18.666,18.565,18.428,18.25,18.052,17.829,17.606,17.418,17.274
19.329,19.325,19.323,19.31,19.28,19.224,19.155,19.103,19.068,19.031,18.996,18.998,19.096,19.229,19.328,19.379,19.381,19.358,19.334,19.326,19.341,19.37,19.398,19.416,19.431,19.451,19.472,19.479,19.467,19.442,19.412,19.381,19.351,19.323,19.296,19.272,19.25,19.231,19.214,19.199,19.185,19.171,19.157,19.14,19.119,19.093,19.066,19.041,19.024,19.015,19.011,19.008,19.006,19.003,18.999,18.994,18.988,18.981,18.972,18.963,18.951,18.938,18.922,18.902,18.877,18.846,18.804,18.746,18.663,18.542,18.372,18.154,17.92,17.664,17.444,17.282
19.322,19.315,19.314,19.305,19.282,19.236,19.167,19.108,19.064,19.01,18.948,18.944,19.086,19.245,19.346,19.398,19.39,19.355,19.32,19.306,19.321,19.358,19.401,19.427,19.431,19.435,19.458,19.478,19.475,19.452,19.42,19.388,19.357,19.328,19.302,19.279,19.258,19.24,19.224,19.211,19.199,19.188,19.175,19.161,19.143,19.122,19.102,19.084,19.072,19.064,19.059,19.054,19.049,19.043,19.037,19.03,19.023,19.016,19.008,18.999,18.989,18.977,18.962,18.944,18.922,18.896,18.863,18.82,18.758,18.663,18.517,18.307,18.036,17.755,17.484,17.292
19.319,19.305,19.305,19.3,19.283,19.244,19.179,19.117,19.067,18.999,18.907,18.895,19.084,19.275,19.37,19.418,19.399,19.351,19.309,19.292,19.302,19.339,19.399,19.448,19.459,19.434,19.434,19.469,19.485,19.467,19.433,19.398,19.366,19.337,19.312,19.288,19.268,19.251,19.237,19.225,19.216,19.207,19.196,19.183,19.17,19.159,19.148,19.135,19.121,19.107,19.093,19.078,19.061,19.043,19.027,19.014,19.005,19,18.997,18.994,18.989,18.982,18.972,18.96,18.944,18.924,18.9,18.871,18.832,18.769,18.663,18.492,18.233,17.891,17.564,17.312
19.318,19.295,19.295,19.294,19.282,19.25,19.189,19.124,19.072,18.996,18.878,18.85,19.077,19.308,19.393,19.436,19.407,19.347,19.301,19.285,19.29,19.317,19.388,19.459,19.5,19.475,19.42,19.438,19.488,19.486,19.453,19.415,19.38,19.35,19.324,19.301,19.281,19.265,19.252,19.242,19.233,19.225,19.216,19.209,19.206,19.2,19.181,19.147,19.105,19.064,19.022,18.979,18.932,18.889,18.852,18.828,18.818,18.821,18.83,18.842,18.853,18.862,18.869,18.875,18.88,18.881,18.878,18.872,18.862,18.837,18.775,18.664,18.475,18.159,17.734,17.383
19.309,19.285,19.286,19.287,19.279,19.253,19.199,19.129,19.072,18.997,18.863,18.81,19.057,19.328,19.411,19.447,19.418,19.349,19.296,19.279,19.281,19.299,19.374,19.46,19.516,19.532,19.462,19.404,19.464,19.502,19.478,19.437,19.399,19.367,19.339,19.316,19.297,19.281,19.268,19.256,19.248,19.244,19.246,19.249,19.233,19.181,19.093,18.992,18.898,18.801,18.704,18.632,18.55,18.486,18.442,18.421,18.421,18.437,18.442,18.466,18.495,18.521,18.549,18.58,18.615,18.652,18.691,18.731,18.775,18.821,18.838,18.785,18.68,18.512,18.152,17.648
19.292,19.275,19.276,19.279,19.274,19.254,19.208,19.134,19.069,18.999,18.859,18.778,19.029,19.329,19.423,19.448,19.425,19.359,19.296,19.27,19.268,19.281,19.356,19.461,19.505,19.549,19.516,19.426,19.423,19.489,19.487,19.449,19.411,19.377,19.348,19.324,19.304,19.287,19.273,19.265,19.267,19.282,19.288,19.236,19.111,18.941,18.757,18.594,18.46,18.31,18.19,18.106,18.059,18.039,18.041,18.059,18.088,18.122,18.157,18.189,18.218,18.216,18.237,18.261,18.289,18.325,18.374,18.438,18.519,18.621,18.741,18.806,18.775,18.748,18.644,18.277
19.279,19.265,19.265,19.269,19.267,19.253,19.215,19.142,19.065,19.001,18.861,18.752,19.004,19.319,19.427,19.446,19.423,19.364,19.301,19.265,19.259,19.265,19.329,19.449,19.495,19.535,19.529,19.46,19.416,19.461,19.475,19.442,19.405,19.375,19.347,19.324,19.304,19.289,19.284,19.29,19.309,19.313,19.22,19,18.746,18.485,18.271,18.108,17.991,17.92,17.891,17.889,17.907,17.942,17.99,18.046,18.106,18.165,18.215,18.254,18.267,18.277,18.279,18.272,18.259,18.246,18.242,18.259,18.309,18.397,18.539,18.706,18.771,18.804,18.827,18.77
19.266,19.253,19.254,19.258,19.258,19.248,19.219,19.153,19.062,19,18.865,18.729,18.968,19.306,19.427,19.441,19.414,19.358,19.302,19.269,19.258,19.254,19.298,19.42,19.49,19.508,19.517,19.474,19.428,19.447,19.478,19.455,19.419,19.39,19.363,19.34,19.322,19.314,19.318,19.331,19.322,19.197,18.917,18.571,18.266,18.044,17.953,17.92,17.903,17.896,17.898,17.912,17.945,17.997,18.068,18.149,18.233,18.31,18.371,18.409,18.446,18.471,18.48,18.472,18.445,18.399,18.339,18.278,18.245,18.264,18.352,18.533,18.693,18.773,18.839,18.858
19.254,19.24,19.241,19.245,19.246,19.24,19.22,19.164,19.063,18.994,18.868,18.708,18.936,19.292,19.423,19.436,19.404,19.344,19.296,19.272,19.261,19.249,19.267,19.372,19.471,19.475,19.486,19.466,19.429,19.427,19.49,19.502,19.473,19.441,19.411,19.383,19.363,19.353,19.355,19.336,19.174,18.849,18.437,18.117,18.017,18.014,18.024,18.022,18.003,17.975,17.955,17.96,17.996,18.065,18.157,18.26,18.357,18.423,18.49,18.542,18.58,18.606,18.621,18.625,18.615,18.585,18.529,18.441,18.334,18.252,18.244,18.357,18.557,18.694,18.784,18.839
19.239,19.227,19.227,19.232,19.234,19.23,19.216,19.173,19.071,18.985,18.869,18.689,18.904,19.28,19.417,19.43,19.396,19.329,19.283,19.269,19.263,19.249,19.243,19.307,19.421,19.466,19.454,19.438,19.415,19.398,19.464,19.537,19.538,19.507,19.47,19.434,19.404,19.384,19.361,19.204,18.791,18.362,18.15,18.086,18.147,18.202,18.196,18.145,18.076,18.015,17.986,18,18.059,18.153,18.266,18.378,18.456,18.53,18.582,18.616,18.638,18.653,18.664,18.673,18.68,18.679,18.661,18.61,18.51,18.374,18.26,18.252,18.401,18.582,18.702,18.779
19.224,19.212,19.212,19.217,19.219,19.217,19.209,19.178,19.086,18.975,18.868,18.669,18.869,19.264,19.405,19.423,19.394,19.322,19.269,19.258,19.26,19.251,19.234,19.251,19.339,19.432,19.459,19.447,19.432,19.412,19.428,19.508,19.551,19.539,19.504,19.463,19.423,19.386,19.263,18.893,18.416,18.153,18.187,18.318,18.38,18.34,18.24,18.13,18.042,17.994,17.996,18.046,18.136,18.249,18.359,18.452,18.529,18.578,18.604,18.616,18.622,18.627,18.634,18.643,18.656,18.674,18.691,18.691,18.646,18.531,18.368,18.25,18.286,18.453,18.61,18.711
19.207,19.196,19.196,19.201,19.204,19.203,19.197,19.175,19.103,18.968,18.868,18.649,18.823,19.233,19.382,19.409,19.395,19.327,19.261,19.24,19.245,19.248,19.235,19.225,19.257,19.334,19.409,19.446,19.454,19.444,19.422,19.436,19.479,19.496,19.48,19.444,19.402,19.312,19,18.542,18.233,18.254,18.444,18.51,18.411,18.252,18.109,18.016,17.974,17.979,18.024,18.101,18.203,18.313,18.407,18.493,18.547,18.572,18.578,18.579,18.586,18.598,18.61,18.614,18.611,18.612,18.632,18.671,18.692,18.64,18.494,18.318,18.245,18.343,18.511,18.645
19.19,19.178,19.178,19.184,19.187,19.187,19.183,19.167,19.114,18.962,18.869,18.631,18.765,19.178,19.336,19.383,19.394,19.341,19.264,19.22,19.213,19.231,19.233,19.219,19.219,19.244,19.294,19.35,19.387,19.401,19.39,19.377,19.388,19.408,19.408,19.386,19.332,19.11,18.681,18.323,18.31,18.508,18.583,18.42,18.197,18.031,17.947,17.927,17.949,17.995,18.057,18.134,18.231,18.319,18.426,18.499,18.538,18.547,18.542,18.558,18.6,18.648,18.683,18.7,18.693,18.657,18.619,18.627,18.673,18.682,18.586,18.404,18.262,18.278,18.422,18.578
19.171,19.159,19.159,19.165,19.169,19.169,19.166,19.154,19.113,18.958,18.871,18.616,18.697,19.096,19.26,19.33,19.375,19.351,19.273,19.2,19.167,19.192,19.218,19.213,19.208,19.21,19.22,19.244,19.275,19.303,19.323,19.334,19.343,19.349,19.347,19.325,19.19,18.833,18.438,18.331,18.521,18.612,18.408,18.118,17.923,17.839,17.836,17.879,17.94,18.003,18.065,18.135,18.226,18.321,18.427,18.496,18.524,18.515,18.521,18.585,18.666,18.722,18.751,18.768,18.775,18.748,18.675,18.623,18.645,18.684,18.634,18.472,18.3,18.255,18.359,18.519
19.151,19.139,19.139,19.145,19.15,19.15,19.148,19.137,19.101,18.954,18.872,18.604,18.626,18.997,19.151,19.235,19.315,19.33,19.27,19.178,19.114,19.133,19.182,19.196,19.199,19.204,19.202,19.201,19.206,19.225,19.258,19.293,19.317,19.326,19.318,19.236,18.964,18.575,18.374,18.487,18.617,18.409,18.046,17.799,17.689,17.677,17.727,17.812,17.903,17.984,18.052,18.122,18.2,18.308,18.417,18.485,18.503,18.487,18.524,18.62,18.697,18.732,18.743,18.755,18.781,18.789,18.729,18.641,18.632,18.676,18.652,18.509,18.331,18.256,18.326,18.474
19.132,19.119,19.119,19.126,19.131,19.132,19.13,19.118,19.082,18.949,18.871,18.593,18.56,18.892,19.02,19.095,19.191,19.24,19.214,19.131,19.055,19.064,19.126,19.162,19.182,19.203,19.208,19.2,19.19,19.191,19.218,19.265,19.303,19.313,19.26,19.058,18.712,18.444,18.463,18.592,18.428,18.004,17.68,17.52,17.468,17.493,17.578,17.7,17.828,17.939,18.026,18.101,18.178,18.277,18.389,18.464,18.482,18.474,18.52,18.618,18.691,18.718,18.722,18.735,18.767,18.789,18.746,18.647,18.629,18.673,18.652,18.516,18.346,18.265,18.319,18.449
19.114,19.101,19.101,19.108,19.113,19.115,19.113,19.097,19.054,18.943,18.865,18.582,18.504,18.779,18.893,18.934,19.009,19.067,19.07,19.024,18.977,18.992,19.057,19.112,19.153,19.197,19.219,19.215,19.201,19.192,19.209,19.258,19.296,19.267,19.115,18.824,18.533,18.456,18.55,18.457,18.009,17.593,17.379,17.275,17.243,17.282,17.389,17.539,17.704,17.855,17.976,18.066,18.146,18.228,18.344,18.435,18.467,18.462,18.494,18.588,18.669,18.705,18.713,18.725,18.749,18.757,18.714,18.628,18.631,18.677,18.637,18.497,18.344,18.282,18.336,18.44
19.097,19.085,19.085,19.092,19.097,19.099,19.096,19.076,19.016,18.938,18.854,18.568,18.461,18.681,18.765,18.781,18.83,18.861,18.872,18.869,18.878,18.921,18.987,19.054,19.118,19.185,19.228,19.231,19.218,19.207,19.223,19.266,19.267,19.148,18.904,18.623,18.475,18.515,18.481,18.073,17.573,17.299,17.166,17.081,17.05,17.084,17.182,17.334,17.521,17.713,17.882,18.007,18.095,18.167,18.279,18.39,18.45,18.451,18.459,18.535,18.628,18.681,18.696,18.698,18.702,18.695,18.657,18.615,18.656,18.677,18.598,18.452,18.332,18.309,18.362,18.438
19.081,19.07,19.07,19.076,19.081,19.082,19.079,19.055,18.975,18.934,18.841,18.551,18.428,18.603,18.666,18.666,18.692,18.72,18.72,18.748,18.797,18.86,18.929,19.006,19.092,19.178,19.236,19.248,19.236,19.23,19.247,19.263,19.182,18.966,18.699,18.513,18.493,18.496,18.182,17.641,17.291,17.162,17.072,16.989,16.941,16.941,17,17.12,17.295,17.508,17.724,17.905,18.027,18.099,18.196,18.319,18.417,18.444,18.432,18.468,18.56,18.636,18.671,18.676,18.667,18.651,18.636,18.647,18.678,18.639,18.524,18.396,18.331,18.342,18.392,18.463
19.065,19.054,19.054,19.06,19.064,19.064,19.061,19.035,18.94,18.932,18.826,18.535,18.403,18.546,18.6,18.605,18.626,18.652,18.66,18.701,18.757,18.82,18.894,18.986,19.088,19.183,19.249,19.268,19.26,19.257,19.261,19.213,19.035,18.771,18.557,18.484,18.483,18.299,17.79,17.35,17.22,17.193,17.113,17.011,16.928,16.882,16.886,16.951,17.082,17.277,17.512,17.743,17.919,18.028,18.102,18.221,18.351,18.429,18.427,18.414,18.471,18.555,18.613,18.64,18.643,18.646,18.655,18.66,18.633,18.545,18.436,18.357,18.344,18.369,18.415,18.462
19.047,19.037,19.037,19.042,19.045,19.046,19.041,19.016,18.917,18.933,18.814,18.524,18.387,18.507,18.562,18.577,18.603,18.629,18.641,18.682,18.729,18.791,18.878,18.989,19.104,19.201,19.264,19.287,19.282,19.268,19.228,19.096,18.854,18.61,18.488,18.476,18.386,17.984,17.479,17.288,17.351,17.357,17.248,17.115,17,16.914,16.869,16.877,16.949,17.093,17.302,17.542,17.757,17.907,18,18.105,18.244,18.374,18.431,18.404,18.398,18.454,18.515,18.568,18.604,18.62,18.613,18.581,18.518,18.435,18.369,18.343,18.351,18.372,18.391,18.362
19.027,19.019,19.019,19.023,19.026,19.027,19.022,18.997,18.904,18.934,18.808,18.521,18.38,18.483,18.54,18.56,18.585,18.607,18.617,18.649,18.693,18.76,18.862,18.99,19.116,19.213,19.271,19.29,19.274,19.228,19.124,18.928,18.682,18.508,18.461,18.419,18.168,17.675,17.368,17.454,17.605,17.56,17.423,17.28,17.138,17.023,16.942,16.903,16.919,17.004,17.159,17.365,17.575,17.744,17.871,17.979,18.113,18.259,18.394,18.429,18.385,18.393,18.431,18.471,18.506,18.514,18.495,18.457,18.409,18.367,18.347,18.348,18.356,18.351,18.31,18.202
19.006,19.001,19.001,19.004,19.008,19.009,19.004,18.979,18.897,18.937,18.811,18.526,18.384,18.468,18.526,18.543,18.562,18.58,18.601,18.619,18.658,18.727,18.835,18.972,19.102,19.195,19.242,19.245,19.203,19.111,18.956,18.744,18.549,18.456,18.43,18.296,17.899,17.493,17.482,17.747,17.842,17.757,17.641,17.482,17.321,17.181,17.068,16.989,16.957,16.99,17.094,17.256,17.432,17.578,17.695,17.83,17.971,18.108,18.274,18.422,18.415,18.387,18.406,18.416,18.424,18.422,18.409,18.389,18.371,18.362,18.36,18.357,18.335,18.279,18.172,18.039
18.986,18.983,18.983,18.986,18.99,18.992,18.986,18.96,18.892,18.941,18.82,18.538,18.397,18.464,18.515,18.524,18.541,18.559,18.581,18.606,18.628,18.692,18.797,18.925,19.041,19.115,19.14,19.116,19.044,18.922,18.759,18.586,18.467,18.424,18.347,18.088,17.672,17.498,17.749,18.019,18.038,17.98,17.868,17.695,17.514,17.349,17.205,17.089,17.015,17.002,17.067,17.2,17.355,17.472,17.538,17.63,17.798,17.96,18.09,18.319,18.431,18.389,18.402,18.412,18.407,18.4,18.389,18.379,18.37,18.36,18.344,18.31,18.246,18.142,18.012,17.913
18.969,18.965,18.964,18.967,18.972,18.975,18.97,18.943,18.887,18.945,18.834,18.555,18.41,18.472,18.511,18.509,18.528,18.548,18.565,18.583,18.607,18.65,18.736,18.834,18.912,18.949,18.944,18.902,18.823,18.711,18.586,18.481,18.422,18.367,18.204,17.858,17.569,17.673,18.043,18.221,18.217,18.179,18.06,17.888,17.698,17.512,17.337,17.186,17.073,17.02,17.049,17.162,17.314,17.432,17.465,17.467,17.593,17.803,17.914,18.11,18.381,18.386,18.356,18.379,18.376,18.376,18.37,18.36,18.348,18.329,18.298,18.248,18.166,18.05,17.924,17.848
18.95,18.945,18.944,18.948,18.953,18.958,18.954,18.927,18.882,18.946,18.847,18.574,18.418,18.482,18.52,18.501,18.521,18.54,18.549,18.556,18.571,18.591,18.645,18.697,18.729,18.734,18.715,18.676,18.616,18.544,18.475,18.422,18.368,18.253,17.99,17.687,17.63,17.942,18.261,18.346,18.341,18.292,18.189,18.052,17.887,17.699,17.496,17.299,17.141,17.044,17.032,17.125,17.279,17.414,17.462,17.403,17.399,17.606,17.783,17.866,18.202,18.386,18.313,18.316,18.319,18.317,18.316,18.313,18.306,18.294,18.272,18.234,18.166,18.062,17.942,17.855
18.929,18.924,18.923,18.927,18.933,18.94,18.938,18.912,18.877,18.945,18.857,18.592,18.422,18.484,18.535,18.503,18.516,18.532,18.529,18.524,18.522,18.52,18.54,18.556,18.56,18.553,18.537,18.513,18.481,18.445,18.406,18.351,18.253,18.048,17.787,17.647,17.823,18.2,18.408,18.437,18.415,18.344,18.259,18.177,18.083,17.93,17.72,17.468,17.238,17.087,17.021,17.086,17.246,17.393,17.47,17.406,17.307,17.428,17.648,17.706,17.897,18.298,18.318,18.277,18.28,18.277,18.279,18.278,18.276,18.269,18.255,18.23,18.19,18.127,18.031,17.927
18.907,18.9,18.899,18.904,18.913,18.922,18.922,18.897,18.872,18.942,18.866,18.611,18.428,18.481,18.547,18.511,18.511,18.52,18.505,18.485,18.468,18.46,18.446,18.448,18.445,18.438,18.428,18.412,18.39,18.355,18.297,18.205,18.038,17.832,17.688,17.757,18.071,18.373,18.482,18.467,18.416,18.347,18.313,18.293,18.249,18.152,17.982,17.701,17.373,17.154,17.022,17.042,17.215,17.381,17.482,17.41,17.269,17.332,17.495,17.644,17.619,18,18.273,18.271,18.266,18.266,18.28,18.292,18.297,18.291,18.272,18.245,18.215,18.177,18.109,17.997
18.883,18.875,18.875,18.881,18.891,18.903,18.906,18.883,18.865,18.935,18.867,18.631,18.435,18.48,18.555,18.523,18.503,18.502,18.474,18.435,18.401,18.384,18.379,18.37,18.354,18.344,18.328,18.308,18.271,18.204,18.104,17.971,17.823,17.718,17.749,17.975,18.272,18.472,18.5,18.463,18.41,18.387,18.417,18.45,18.437,18.342,18.179,17.934,17.517,17.219,17.04,17.002,17.178,17.38,17.527,17.425,17.227,17.316,17.408,17.581,17.536,17.615,17.992,18.192,18.258,18.247,18.264,18.292,18.307,18.305,18.277,18.235,18.2,18.177,18.128,18.01
18.861,18.85,18.85,18.858,18.87,18.885,18.892,18.871,18.859,18.928,18.868,18.65,18.441,18.479,18.561,18.537,18.494,18.475,18.43,18.367,18.313,18.283,18.272,18.263,18.247,18.218,18.177,18.122,18.052,17.967,17.871,17.782,17.733,17.776,17.949,18.2,18.409,18.509,18.508,18.481,18.463,18.514,18.634,18.756,18.737,18.541,18.282,18.074,17.604,17.241,17.057,16.993,17.15,17.387,17.599,17.467,17.195,17.329,17.453,17.514,17.616,17.474,17.599,17.856,18.133,18.263,18.237,18.26,18.302,18.315,18.274,18.187,18.113,18.104,18.087,17.951
18.84,18.825,18.826,18.835,18.849,18.868,18.879,18.863,18.852,18.921,18.879,18.671,18.445,18.472,18.562,18.551,18.49,18.443,18.373,18.281,18.204,18.161,18.138,18.113,18.076,18.027,17.969,17.907,17.847,17.795,17.764,17.774,17.846,17.987,18.171,18.346,18.48,18.537,18.551,18.555,18.582,18.686,18.885,19.015,19.001,18.733,18.318,18.041,17.564,17.199,17.052,17.028,17.17,17.426,17.68,17.513,17.178,17.339,17.552,17.579,17.661,17.681,17.612,17.58,17.681,18.002,18.283,18.308,18.307,18.34,18.305,18.183,18.034,17.996,17.99,17.806
18.816,18.8,18.8,18.811,18.828,18.85,18.867,18.858,18.846,18.913,18.891,18.696,18.449,18.461,18.554,18.558,18.5,18.422,18.318,18.194,18.094,18.038,18.001,17.959,17.909,17.858,17.816,17.792,17.794,17.829,17.902,18.001,18.109,18.229,18.334,18.447,18.53,18.586,18.629,18.663,18.705,18.793,18.941,18.991,18.949,18.627,18.238,17.842,17.381,17.106,17.05,17.112,17.271,17.532,17.766,17.547,17.165,17.334,17.593,17.728,17.731,17.799,17.868,17.851,17.688,17.653,17.937,18.201,18.305,18.335,18.287,18.174,17.968,17.882,17.836,17.567
18.789,18.773,18.773,18.785,18.805,18.832,18.857,18.858,18.841,18.904,18.903,18.727,18.456,18.444,18.541,18.55,18.514,18.443,18.318,18.156,18.02,17.946,17.901,17.854,17.807,17.779,17.785,17.836,17.934,18.055,18.169,18.269,18.338,18.408,18.468,18.525,18.582,18.643,18.7,18.744,18.764,18.797,18.883,18.881,18.696,18.319,17.938,17.49,17.141,17.042,17.122,17.279,17.466,17.706,17.864,17.557,17.148,17.313,17.546,17.741,17.85,17.864,17.874,17.905,17.93,17.813,17.665,17.832,18.107,18.226,18.177,18.097,17.868,17.742,17.609,17.29
18.761,18.744,18.744,18.757,18.781,18.813,18.847,18.859,18.838,18.893,18.914,18.762,18.476,18.423,18.525,18.536,18.498,18.443,18.341,18.181,18.018,17.917,17.864,17.819,17.786,17.789,17.848,17.958,18.09,18.217,18.32,18.424,18.507,18.558,18.59,18.617,18.649,18.691,18.736,18.775,18.787,18.789,18.746,18.575,18.261,17.888,17.448,17.1,17.016,17.134,17.332,17.544,17.738,17.918,17.96,17.53,17.124,17.292,17.442,17.6,17.745,17.815,17.822,17.826,17.88,17.91,17.758,17.668,17.852,18.048,18.062,17.979,17.723,17.565,17.368,17.05
18.731,18.711,18.711,18.727,18.753,18.791,18.835,18.862,18.836,18.877,18.921,18.816,18.518,18.402,18.503,18.527,18.484,18.429,18.348,18.226,18.08,17.965,17.902,17.861,17.838,17.851,17.901,17.97,18.047,18.139,18.242,18.376,18.507,18.606,18.667,18.704,18.732,18.753,18.767,18.762,18.71,18.587,18.377,18.093,17.696,17.259,16.975,16.988,17.191,17.431,17.645,17.841,17.998,18.113,18.014,17.451,17.096,17.247,17.327,17.439,17.565,17.657,17.69,17.697,17.747,17.837,17.804,17.682,17.754,17.937,17.979,17.81,17.543,17.381,17.125,16.755
18.697,18.675,18.676,18.692,18.721,18.763,18.818,18.861,18.839,18.857,18.917,18.879,18.594,18.391,18.47,18.521,18.481,18.425,18.356,18.27,18.17,18.078,18.023,17.999,17.992,17.995,18.006,18.02,18.037,18.057,18.084,18.121,18.166,18.233,18.291,18.328,18.356,18.366,18.35,18.295,18.191,18.018,17.716,17.325,16.955,16.826,17.004,17.316,17.579,17.753,17.892,18.047,18.191,18.263,17.997,17.317,17.071,17.191,17.236,17.325,17.459,17.592,17.676,17.696,17.699,17.72,17.721,17.69,17.783,17.922,17.841,17.582,17.367,17.139,16.793,16.355
18.661,18.637,18.637,18.655,18.685,18.73,18.793,18.855,18.848,18.835,18.897,18.928,18.707,18.417,18.422,18.507,18.486,18.435,18.376,18.316,18.26,18.217,18.196,18.197,18.211,18.233,18.258,18.263,18.277,18.276,18.259,18.234,18.207,18.182,18.164,18.143,18.109,18.062,17.949,17.773,17.533,17.207,16.863,16.672,16.764,17.11,17.504,17.731,17.798,17.847,17.961,18.125,18.292,18.31,17.834,17.165,17.056,17.131,17.137,17.195,17.303,17.462,17.611,17.701,17.733,17.745,17.762,17.797,17.847,17.807,17.589,17.354,17.11,16.804,16.503,16.287
18.624,18.597,18.597,18.616,18.646,18.692,18.759,18.837,18.861,18.822,18.866,18.943,18.822,18.511,18.382,18.455,18.489,18.45,18.405,18.36,18.328,18.318,18.333,18.365,18.395,18.434,18.448,18.433,18.377,18.275,18.135,18.008,17.87,17.731,17.599,17.474,17.333,17.156,16.954,16.747,16.571,16.476,16.552,16.845,17.292,17.7,17.848,17.759,17.698,17.801,17.998,18.202,18.333,18.206,17.521,17.083,17.063,17.105,17.086,17.089,17.123,17.215,17.342,17.491,17.608,17.685,17.724,17.718,17.648,17.496,17.296,17.072,16.825,16.66,16.677,16.678
18.586,18.557,18.557,18.576,18.607,18.651,18.717,18.805,18.864,18.823,18.845,18.917,18.917,18.659,18.41,18.398,18.453,18.456,18.423,18.389,18.37,18.373,18.43,18.498,18.52,18.469,18.347,18.162,17.873,17.527,17.177,16.937,16.788,16.687,16.611,16.553,16.499,16.446,16.392,16.363,16.422,16.641,17.021,17.473,17.833,17.915,17.697,17.56,17.666,17.886,18.1,18.273,18.259,17.849,17.247,17.118,17.14,17.187,17.165,17.115,17.054,17.028,17.056,17.132,17.217,17.298,17.339,17.336,17.284,17.176,17.017,16.855,16.8,16.909,17.062,16.94
18.548,18.517,18.517,18.538,18.568,18.609,18.669,18.757,18.843,18.833,18.825,18.873,18.94,18.824,18.541,18.389,18.403,18.42,18.402,18.385,18.396,18.454,18.526,18.52,18.401,18.214,17.914,17.506,17.082,16.839,16.705,16.599,16.535,16.497,16.468,16.435,16.391,16.353,16.355,16.464,16.734,17.138,17.554,17.856,17.914,17.696,17.493,17.667,17.842,17.951,18.072,18.117,17.873,17.416,17.207,17.268,17.37,17.457,17.461,17.387,17.264,17.134,17.035,16.991,16.999,17.034,17.055,17.059,17.018,16.944,16.878,16.902,17.054,17.326,17.549,17.62
18.511,18.478,18.478,18.5,18.53,18.567,18.618,18.696,18.794,18.835,18.825,18.85,18.904,18.905,18.725,18.491,18.391,18.399,18.401,18.412,18.462,18.54,18.555,18.428,18.215,17.96,17.679,17.277,16.961,16.741,16.547,16.475,16.498,16.5,16.456,16.369,16.305,16.32,16.456,16.731,17.129,17.537,17.789,17.856,17.748,17.577,17.662,17.952,17.933,17.851,17.833,17.719,17.474,17.254,17.268,17.419,17.59,17.731,17.752,17.685,17.582,17.452,17.299,17.147,17.033,16.976,16.96,16.955,16.949,16.955,17.015,17.178,17.458,17.763,17.974,18.031
18.477,18.442,18.442,18.465,18.495,18.528,18.57,18.631,18.726,18.809,18.826,18.845,18.86,18.905,18.834,18.666,18.498,18.434,18.436,18.474,18.546,18.584,18.479,18.267,18.051,17.943,17.784,17.337,16.925,16.579,16.452,16.594,16.71,16.656,16.52,16.322,16.299,16.435,16.676,17.017,17.43,17.717,17.754,17.727,17.728,17.733,17.892,18.101,17.991,17.822,17.702,17.54,17.327,17.259,17.391,17.634,17.861,17.935,17.863,17.79,17.74,17.674,17.585,17.46,17.313,17.188,17.091,17.044,17.033,17.084,17.194,17.365,17.577,17.739,17.788,17.725
18.445,18.408,18.408,18.432,18.462,18.493,18.527,18.572,18.648,18.75,18.809,18.849,18.837,18.881,18.871,18.775,18.656,18.552,18.528,18.565,18.607,18.542,18.338,18.156,18.116,18.14,17.854,17.176,16.715,16.541,16.741,17.017,17.044,16.874,16.671,16.388,16.437,16.658,16.875,17.192,17.567,17.705,17.64,17.66,17.78,17.852,17.99,18.211,18.06,17.87,17.701,17.49,17.293,17.338,17.56,17.828,17.948,17.817,17.654,17.625,17.629,17.647,17.668,17.664,17.618,17.522,17.4,17.305,17.271,17.286,17.351,17.45,17.53,17.551,17.483,17.408
18.414,18.377,18.376,18.402,18.432,18.461,18.49,18.522,18.575,18.666,18.758,18.846,18.843,18.851,18.879,18.826,18.766,18.689,18.651,18.65,18.609,18.458,18.28,18.252,18.353,18.332,17.877,17.083,16.678,16.845,17.225,17.388,17.263,17.056,16.798,16.623,16.76,16.913,16.957,17.219,17.568,17.642,17.566,17.604,17.717,17.846,18.023,18.25,18.062,17.815,17.609,17.42,17.316,17.457,17.713,17.912,17.845,17.583,17.488,17.515,17.488,17.499,17.542,17.599,17.648,17.68,17.67,17.575,17.468,17.385,17.3,17.164,17.06,16.839,16.745,16.769
18.394,18.347,18.346,18.373,18.404,18.433,18.459,18.482,18.513,18.577,18.677,18.81,18.844,18.826,18.863,18.831,18.79,18.763,18.72,18.664,18.553,18.416,18.389,18.512,18.567,18.44,17.987,17.289,16.993,17.25,17.57,17.573,17.361,17.182,16.94,16.933,17.097,17.098,16.962,17.153,17.499,17.592,17.532,17.577,17.692,17.79,17.941,18.234,18.118,17.786,17.52,17.395,17.374,17.577,17.805,17.885,17.68,17.446,17.432,17.419,17.389,17.374,17.389,17.441,17.493,17.525,17.628,17.712,17.655,17.173,16.648,16.163,15.868,15.92,16.007,16.38
18.383,18.317,18.316,18.346,18.379,18.408,18.431,18.448,18.462,18.498,18.583,18.729,18.833,18.824,18.843,18.825,18.737,18.728,18.678,18.587,18.472,18.421,18.511,18.605,18.62,18.471,18.039,17.463,17.269,17.545,17.822,17.604,17.451,17.403,17.271,17.309,17.411,17.288,17.007,17.035,17.349,17.531,17.538,17.613,17.76,17.82,17.84,18.236,18.278,17.871,17.497,17.406,17.449,17.659,17.832,17.811,17.563,17.412,17.447,17.466,17.457,17.398,17.342,17.331,17.34,17.201,17.129,17.384,17.721,17.999,17.502,16.382,15.512,15.285,15.392,16.286
18.38,18.287,18.287,18.319,18.354,18.383,18.404,18.416,18.42,18.435,18.497,18.617,18.778,18.801,18.816,18.843,18.706,18.614,18.554,18.468,18.415,18.49,18.648,18.743,18.748,18.575,18.063,17.571,17.53,17.797,17.877,17.545,17.639,17.715,17.64,17.665,17.709,17.518,17.149,16.934,17.116,17.377,17.499,17.615,17.825,17.962,17.885,18.229,18.441,18.019,17.533,17.416,17.501,17.697,17.821,17.75,17.514,17.413,17.501,17.612,17.651,17.592,17.48,17.377,17.322,16.973,16.385,16.553,16.981,17.722,18.138,16.999,15.24,14.482,15.053,16.254
18.351,18.256,18.258,18.292,18.328,18.356,18.376,18.384,18.382,18.386,18.426,18.515,18.681,18.765,18.764,18.84,18.765,18.546,18.444,18.379,18.415,18.576,18.676,18.695,18.677,18.386,17.932,17.649,17.777,17.954,17.758,17.699,17.866,17.961,17.934,17.92,17.922,17.781,17.421,17.019,16.921,17.101,17.341,17.553,17.844,18.106,18.02,18.215,18.512,18.145,17.615,17.422,17.519,17.701,17.802,17.724,17.514,17.424,17.516,17.642,17.694,17.708,17.641,17.507,17.434,16.985,15.941,16.069,16.679,17.371,18.111,17.318,15.147,14.252,14.92,15.761
18.326,18.228,18.231,18.266,18.301,18.328,18.344,18.349,18.343,18.341,18.37,18.446,18.571,18.704,18.728,18.79,18.861,18.632,18.451,18.378,18.462,18.614,18.62,18.641,18.608,18.161,17.77,17.736,17.925,17.886,17.778,17.908,18.053,18.148,18.122,18.06,18.01,17.926,17.733,17.368,16.991,16.89,17.109,17.429,17.77,18.155,18.168,18.174,18.464,18.211,17.712,17.442,17.504,17.683,17.788,17.736,17.555,17.445,17.48,17.568,17.618,17.706,17.719,17.605,17.539,17.06,15.806,15.917,16.838,17.515,18.064,17.239,14.862,14.131,14.341,14.454
18.304,18.205,18.207,18.242,18.275,18.298,18.311,18.312,18.302,18.296,18.324,18.393,18.483,18.619,18.689,18.712,18.85,18.798,18.59,18.488,18.554,18.604,18.486,18.665,18.606,18.143,17.824,17.862,17.938,17.896,17.981,18.107,18.184,18.195,18.156,18.076,17.961,17.875,17.839,17.725,17.368,16.952,16.913,17.223,17.588,18.065,18.323,18.202,18.398,18.332,17.878,17.494,17.459,17.646,17.766,17.771,17.639,17.503,17.461,17.51,17.599,17.713,17.759,17.64,17.6,17.16,15.864,15.775,16.882,17.557,17.89,16.689,14.341,13.939,14.142,14.25
18.285,18.184,18.186,18.219,18.25,18.27,18.279,18.276,18.261,18.251,18.275,18.339,18.426,18.528,18.643,18.674,18.751,18.89,18.758,18.676,18.719,18.652,18.414,18.694,18.551,18.11,17.905,17.95,18.029,18.115,18.221,18.216,18.211,18.169,18.115,18.033,17.894,17.775,17.755,17.719,17.634,17.257,16.83,16.955,17.28,17.785,18.343,18.279,18.312,18.388,18.104,17.639,17.41,17.557,17.716,17.797,17.757,17.657,17.586,17.603,17.676,17.769,17.778,17.629,17.615,17.311,16.05,15.429,16.269,16.83,17.025,15.782,14.053,14.066,14.28,14.014
18.268,18.167,18.168,18.199,18.227,18.244,18.25,18.243,18.224,18.209,18.23,18.291,18.369,18.455,18.566,18.646,18.676,18.847,18.853,18.805,18.759,18.507,18.456,18.758,18.512,18.059,17.927,18.072,18.222,18.241,18.253,18.257,18.275,18.233,18.168,18.079,17.954,17.82,17.747,17.51,17.392,17.539,16.892,16.733,16.945,17.365,18.115,18.332,18.223,18.235,18.169,17.896,17.531,17.44,17.578,17.723,17.785,17.801,17.788,17.799,17.814,17.833,17.741,17.595,17.617,17.456,16.334,15.154,15.377,15.523,15.555,14.732,13.991,14.465,14.747,14.129
18.253,18.152,18.152,18.18,18.205,18.219,18.222,18.214,18.193,18.175,18.193,18.249,18.322,18.399,18.484,18.599,18.657,18.708,18.824,18.791,18.65,18.398,18.611,18.855,18.556,18.095,17.997,18.165,18.211,18.182,18.266,18.37,18.436,18.426,18.373,18.304,18.188,18.082,17.969,17.455,16.977,17.439,17.021,16.626,16.69,16.9,17.65,18.227,18.278,18.276,18.247,18.136,17.859,17.576,17.473,17.537,17.615,17.685,17.74,17.762,17.756,17.728,17.605,17.591,17.611,17.483,16.559,15.162,14.978,14.889,14.661,14.333,14.414,14.832,15.072,14.706
18.215,18.137,18.136,18.162,18.183,18.194,18.195,18.185,18.165,18.149,18.17,18.225,18.289,18.352,18.423,18.51,18.618,18.669,18.754,18.741,18.594,18.566,18.807,18.903,18.57,18.141,18.051,18.229,18.166,18.156,18.33,18.479,18.573,18.577,18.54,18.525,18.467,18.387,18.269,17.607,16.727,16.937,17.046,16.595,16.57,16.533,17.079,17.829,18.205,18.278,18.245,18.187,18.043,17.825,17.631,17.557,17.555,17.577,17.608,17.616,17.577,17.526,17.566,17.588,17.616,17.307,16.502,15.159,14.855,14.975,14.855,14.682,14.507,14.315,14.25,14.283
18.177,18.121,18.12,18.143,18.161,18.169,18.168,18.158,18.139,18.129,18.159,18.219,18.274,18.326,18.378,18.442,18.535,18.639,18.711,18.759,18.687,18.753,18.893,18.924,18.697,18.255,18.013,18.148,18.126,18.134,18.331,18.5,18.592,18.576,18.53,18.54,18.541,18.52,18.473,17.75,16.619,16.41,16.873,16.547,16.531,16.352,16.481,17.11,17.635,17.794,17.653,17.432,17.175,16.921,16.751,16.71,16.753,16.913,17.098,17.24,17.307,17.319,17.426,17.524,17.552,16.877,16.072,14.956,14.659,14.659,14.658,14.594,0,0,0,0
18.136,18.103,18.103,18.124,18.14,18.146,18.143,18.133,18.117,18.114,18.153,18.213,18.264,18.305,18.353,18.397,18.46,18.553,18.635,18.758,18.798,18.881,18.928,18.875,18.811,18.566,18.209,18.063,18.034,18.167,18.352,18.505,18.574,18.513,18.41,18.394,18.422,18.452,18.494,17.805,16.58,15.984,16.393,16.405,16.444,16.458,16.074,16.221,16.446,16.542,16.361,16.104,15.901,15.766,15.627,15.457,15.447,15.699,16.025,16.372,16.482,16.677,17.095,17.37,17.31,16.303,15.495,14.776,0,0,0,0,0,0,0,0
18.117,18.086,18.086,18.105,18.119,18.124,18.122,18.113,18.1,18.101,18.136,18.173,18.211,18.263,18.314,18.366,18.411,18.474,18.568,18.656,18.786,18.88,18.857,18.665,18.569,18.561,18.498,18.353,18.316,18.359,18.434,18.544,18.548,18.394,18.286,18.281,18.297,18.305,18.337,17.703,16.567,15.702,15.691,16.107,16.168,16.678,16.345,15.907,15.855,15.782,15.792,15.865,16.087,16.243,16.024,15.547,15.415,15.657,15.874,16.031,16.121,16.455,16.866,17.181,16.91,15.858,0,0,0,0,0,0,0,0,0,0
18.096,18.068,18.068,18.085,18.099,18.104,18.103,18.097,18.087,18.085,18.085,18.067,18.065,18.126,18.227,18.312,18.37,18.417,18.475,18.564,18.624,18.676,18.603,18.389,18.261,18.237,18.359,18.419,18.447,18.473,18.505,18.528,18.422,18.265,18.249,18.24,18.183,18.152,18.086,17.479,16.512,15.627,15.278,15.638,15.786,16.301,16.428,15.794,15.78,15.754,15.924,16.215,16.419,16.481,16.035,15.373,15.609,16.205,16.443,16.413,16.53,16.523,16.786,17.051,16.399,0,0,0,0,0,0,0,0,0,0,0
18.07,18.05,18.05,18.066,18.078,18.083,18.083,18.079,18.07,18.05,17.984,17.888,17.836,17.875,18.011,18.188,18.319,18.377,18.413,18.468,18.584,18.583,18.541,18.396,18.393,18.404,18.361,18.316,18.284,18.28,18.321,18.355,18.265,18.243,18.249,18.09,17.871,17.859,17.754,17.15,16.302,15.565,15.216,15.316,15.494,15.992,16.7,16.342,15.881,15.878,16.077,16.268,16.441,16.431,15.784,15.119,15.672,16.291,16.459,16.498,16.804,17.076,17.278,17.188,0,0,0,0,0,0,0,0,0,0,0,0
18.049,18.031,18.03,18.043,18.054,18.058,18.058,18.051,18.032,17.971,17.82,17.662,17.592,17.62,17.731,17.914,18.146,18.328,18.389,18.396,18.396,18.55,18.626,18.633,18.558,18.514,18.431,18.297,18.23,18.242,18.288,18.253,18.154,18.262,18.234,17.87,17.471,17.432,17.282,16.686,15.944,15.354,15.215,15.323,15.403,15.69,16.405,16.541,16.105,16.035,16.224,16.334,16.487,16.301,15.381,14.864,15.477,15.858,16.219,16.372,16.807,17.572,17.494,17.166,0,0,0,0,0,0,0,0,0,0,0,0
