18.077,18.097,17.993,17.925,17.869,17.822,17.786,17.759,17.733,17.702,17.651,17.572,17.462,17.326,17.19,17.084,16.992,16.912,16.864,16.828,16.797,16.768,16.74,16.712,16.683,16.662,16.653,16.654,16.636,16.584,16.53,16.485,16.443,16.404,16.37,16.335,16.29,16.207,16.088,15.964,15.854,15.769,15.726,15.722,15.738,15.763,15.77,15.791,15.773,15.721,15.651,15.573,15.506,15.451,15.408,15.378,15.365,15.369,15.368,15.35,15.304,15.202,15.039,14.824,14.588,14.353,14.16,13.991,13.853,13.776,13.73,13.694,13.666,13.648,13.644,13.644
18.057,18.034,17.98,17.921,17.869,17.824,17.785,17.751,17.716,17.675,17.618,17.538,17.436,17.317,17.197,17.091,16.999,16.922,16.864,16.821,16.785,16.755,16.727,16.7,16.672,16.65,16.637,16.628,16.608,16.566,16.516,16.465,16.412,16.358,16.305,16.248,16.18,16.088,15.983,15.885,15.801,15.733,15.692,15.689,15.708,15.733,15.746,15.743,15.718,15.671,15.611,15.547,15.489,15.438,15.397,15.366,15.351,15.346,15.335,15.304,15.245,15.138,14.984,14.79,14.576,14.358,14.16,13.995,13.87,13.786,13.732,13.694,13.665,13.645,13.64,13.64
18.074,18.033,17.98,17.921,17.869,17.824,17.784,17.747,17.708,17.661,17.599,17.519,17.42,17.309,17.196,17.091,16.999,16.921,16.86,16.811,16.771,16.74,16.714,16.688,16.662,16.638,16.62,16.608,16.589,16.554,16.506,16.452,16.398,16.344,16.288,16.224,16.148,16.053,15.953,15.862,15.786,15.728,15.693,15.685,15.698,15.72,15.735,15.73,15.703,15.656,15.597,15.534,15.476,15.426,15.386,15.36,15.346,15.338,15.321,15.284,15.215,15.105,14.955,14.771,14.568,14.358,14.16,13.995,13.87,13.782,13.724,13.687,13.662,13.645,13.638,13.637
18.103,18.053,17.994,17.931,17.874,17.825,17.783,17.745,17.704,17.654,17.59,17.509,17.412,17.303,17.192,17.086,16.993,16.914,16.849,16.797,16.754,16.722,16.697,16.675,16.652,16.627,16.605,16.588,16.572,16.548,16.513,16.469,16.42,16.368,16.314,16.254,16.184,16.104,16.023,15.951,15.892,15.848,15.818,15.8,15.791,15.788,15.781,15.76,15.723,15.67,15.61,15.548,15.492,15.444,15.406,15.378,15.357,15.339,15.315,15.274,15.205,15.1,14.958,14.784,14.587,14.379,14.178,14.007,13.877,13.785,13.726,13.69,13.667,13.651,13.642,13.637
18.131,18.078,18.017,17.951,17.886,17.829,17.783,17.744,17.703,17.653,17.589,17.507,17.409,17.299,17.186,17.078,16.982,16.9,16.832,16.776,16.732,16.7,16.677,16.658,16.638,16.616,16.592,16.57,16.551,16.533,16.511,16.483,16.449,16.41,16.366,16.317,16.261,16.2,16.138,16.08,16.028,15.985,15.951,15.926,15.906,15.887,15.86,15.819,15.763,15.697,15.624,15.553,15.488,15.433,15.389,15.357,15.334,15.315,15.295,15.263,15.209,15.123,14.998,14.838,14.648,14.44,14.231,14.046,13.902,13.8,13.735,13.696,13.672,13.656,13.644,13.637
18.161,18.108,18.047,17.977,17.906,17.84,17.786,17.744,17.704,17.656,17.592,17.51,17.41,17.297,17.18,17.067,16.966,16.879,16.808,16.75,16.705,16.675,16.654,16.637,16.62,16.599,16.577,16.553,16.532,16.513,16.496,16.477,16.455,16.428,16.396,16.358,16.314,16.266,16.216,16.167,16.121,16.081,16.051,16.029,16.005,15.972,15.921,15.85,15.765,15.672,15.578,15.489,15.411,15.346,15.298,15.266,15.249,15.243,15.242,15.236,15.215,15.164,15.074,14.941,14.767,14.56,14.337,14.127,13.954,13.829,13.75,13.702,13.675,13.656,13.643,13.633
18.197,18.143,18.082,18.009,17.931,17.857,17.792,17.742,17.703,17.659,17.599,17.518,17.415,17.297,17.171,17.051,16.943,16.852,16.776,16.717,16.675,16.648,16.631,16.615,16.599,16.579,16.557,16.536,16.514,16.494,16.477,16.461,16.444,16.424,16.399,16.369,16.333,16.293,16.252,16.212,16.174,16.144,16.123,16.102,16.071,16.018,15.938,15.832,15.709,15.58,15.455,15.342,15.247,15.173,15.121,15.093,15.088,15.102,15.131,15.165,15.193,15.2,15.168,15.086,14.947,14.752,14.516,14.267,14.046,13.88,13.772,13.708,13.674,13.653,13.64,13.628
18.235,18.18,18.121,18.046,17.961,17.876,17.798,17.735,17.694,17.658,17.605,17.527,17.422,17.296,17.161,17.03,16.915,16.818,16.739,16.681,16.646,16.625,16.609,16.593,16.576,16.556,16.536,16.516,16.496,16.478,16.461,16.445,16.43,16.413,16.391,16.366,16.336,16.303,16.27,16.237,16.209,16.188,16.173,16.153,16.113,16.037,15.92,15.768,15.595,15.419,15.254,15.113,15.001,14.92,14.869,14.846,14.851,14.885,14.943,15.021,15.106,15.183,15.233,15.234,15.167,15.016,14.782,14.492,14.2,13.965,13.808,13.717,13.67,13.648,13.636,13.623
18.267,18.213,18.159,18.088,17.998,17.9,17.801,17.712,17.658,17.637,17.603,17.535,17.429,17.294,17.146,17.004,16.881,16.778,16.699,16.648,16.622,16.605,16.588,16.57,16.552,16.533,16.514,16.496,16.479,16.463,16.448,16.435,16.422,16.407,16.389,16.367,16.342,16.315,16.286,16.259,16.237,16.223,16.215,16.199,16.152,16.049,15.88,15.663,15.424,15.189,14.988,14.837,14.733,14.664,14.622,14.604,14.613,14.653,14.727,14.834,14.963,15.1,15.225,15.317,15.35,15.294,15.123,14.83,14.463,14.115,13.869,13.732,13.666,13.64,13.631,13.617
18.287,18.242,18.196,18.132,18.043,17.934,17.81,17.677,17.574,17.554,17.566,17.528,17.43,17.287,17.127,16.974,16.842,16.736,16.661,16.624,16.605,16.584,16.563,16.543,16.523,16.503,16.485,16.467,16.451,16.437,16.425,16.416,16.407,16.397,16.386,16.372,16.355,16.335,16.312,16.287,16.265,16.252,16.252,16.249,16.21,16.087,15.853,15.53,15.198,14.926,14.745,14.646,14.591,14.553,14.52,14.496,14.49,14.515,14.587,14.711,14.879,15.068,15.247,15.392,15.487,15.516,15.446,15.236,14.87,14.413,14.008,13.763,13.663,13.629,13.624,13.612
18.306,18.268,18.231,18.178,18.096,17.983,17.84,17.662,17.485,17.413,17.464,17.481,17.401,17.26,17.096,16.937,16.8,16.695,16.631,16.607,16.587,16.561,16.536,16.514,16.494,16.479,16.467,16.458,16.449,16.441,16.433,16.425,16.416,16.405,16.392,16.378,16.363,16.348,16.333,16.315,16.295,16.279,16.276,16.287,16.271,16.125,15.795,15.365,14.971,14.737,14.658,14.648,14.641,14.616,14.573,14.52,14.475,14.465,14.522,14.666,14.891,15.162,15.418,15.609,15.721,15.762,15.735,15.614,15.339,14.879,14.329,13.881,13.662,13.61,13.611,13.605
18.328,18.295,18.265,18.224,18.154,18.047,17.897,17.693,17.449,17.294,17.325,17.383,17.332,17.202,17.044,16.891,16.758,16.659,16.612,16.596,16.569,16.539,16.517,16.505,16.507,16.514,16.519,16.517,16.511,16.503,16.496,16.49,16.483,16.476,16.465,16.449,16.428,16.402,16.374,16.347,16.324,16.304,16.294,16.303,16.309,16.142,15.681,15.18,14.816,14.69,14.726,14.764,14.765,14.735,14.674,14.588,14.5,14.453,14.496,14.66,14.94,15.285,15.611,15.855,15.995,16.044,16.023,15.939,15.755,15.39,14.819,14.189,13.744,13.58,13.576,13.589
18.348,18.32,18.296,18.267,18.213,18.12,17.977,17.767,17.48,17.235,17.201,17.262,17.236,17.123,16.978,16.838,16.718,16.635,16.607,16.59,16.556,16.534,16.538,16.559,16.571,16.562,16.535,16.504,16.477,16.456,16.441,16.434,16.434,16.442,16.456,16.472,16.483,16.482,16.46,16.421,16.38,16.344,16.318,16.311,16.326,16.174,15.592,15.022,14.749,14.744,14.833,14.859,14.856,14.817,14.744,14.64,14.528,14.457,14.489,14.67,14.992,15.384,15.748,16.011,16.163,16.227,16.229,16.182,16.07,15.823,15.347,14.666,14.005,13.616,13.521,13.539
18.366,18.342,18.323,18.304,18.266,18.193,18.069,17.872,17.572,17.244,17.117,17.148,17.135,17.042,16.912,16.787,16.685,16.623,16.608,16.588,16.564,16.577,16.605,16.593,16.528,16.438,16.351,16.28,16.225,16.185,16.158,16.145,16.146,16.162,16.195,16.247,16.319,16.402,16.469,16.487,16.454,16.409,16.365,16.333,16.333,16.233,15.602,14.939,14.744,14.826,14.903,14.93,14.928,14.861,14.773,14.668,14.552,14.464,14.478,14.656,15,15.431,15.833,16.112,16.248,16.304,16.315,16.295,16.248,16.12,15.795,15.201,14.448,13.821,13.52,13.468
18.378,18.358,18.344,18.333,18.309,18.258,18.162,17.992,17.708,17.324,17.087,17.06,17.048,16.974,16.86,16.748,16.661,16.615,16.611,16.605,16.616,16.633,16.573,16.426,16.249,16.093,15.974,15.887,15.825,15.781,15.749,15.726,15.711,15.706,15.719,15.763,15.858,16.02,16.232,16.419,16.487,16.464,16.422,16.374,16.346,16.297,15.711,14.949,14.763,14.891,14.971,15.055,15.033,14.932,14.806,14.69,14.577,14.478,14.454,14.592,14.933,15.407,15.87,16.184,16.311,16.364,16.366,16.343,16.317,16.27,16.104,15.678,14.98,14.216,13.676,13.454
18.384,18.368,18.358,18.354,18.34,18.308,18.242,18.11,17.866,17.466,17.12,17.009,16.985,16.924,16.827,16.723,16.643,16.609,16.628,16.658,16.66,16.554,16.318,16.051,15.839,15.7,15.618,15.574,15.554,15.547,15.545,15.538,15.521,15.493,15.462,15.44,15.459,15.572,15.82,16.16,16.429,16.48,16.46,16.419,16.369,16.348,15.864,15.032,14.791,14.94,15.062,15.165,15.115,15.025,14.884,14.735,14.615,14.505,14.433,14.504,14.813,15.328,15.868,16.23,16.356,16.396,16.381,16.352,16.332,16.319,16.265,16.026,15.483,14.723,14.02,13.592
18.38,18.371,18.365,18.365,18.358,18.339,18.301,18.213,18.02,17.649,17.221,17.004,16.946,16.889,16.806,16.71,16.636,16.622,16.675,16.696,16.576,16.287,15.949,15.715,15.626,15.642,15.714,15.805,15.883,15.927,15.921,15.861,15.773,15.692,15.616,15.518,15.419,15.376,15.504,15.849,16.262,16.483,16.465,16.443,16.394,16.381,16.005,15.151,14.823,14.978,15.151,15.219,15.17,15.105,14.985,14.831,14.681,14.554,14.439,14.43,14.674,15.198,15.809,16.237,16.376,16.385,16.346,16.31,16.308,16.319,16.319,16.225,15.871,15.226,14.491,13.919
18.382,18.37,18.366,18.368,18.364,18.354,18.335,18.287,18.153,17.847,17.384,17.054,16.931,16.868,16.792,16.709,16.649,16.661,16.714,16.629,16.341,15.962,15.705,15.68,15.826,16.04,16.245,16.399,16.495,16.535,16.519,16.444,16.307,16.112,15.889,15.722,15.593,15.426,15.344,15.549,16.002,16.387,16.46,16.437,16.407,16.397,16.11,15.273,14.859,15.009,15.218,15.246,15.213,15.164,15.078,14.957,14.798,14.629,14.477,14.388,14.524,14.99,15.644,16.175,16.382,16.365,16.303,16.25,16.26,16.301,16.329,16.309,16.117,15.639,14.983,14.382
18.387,18.367,18.36,18.361,18.359,18.355,18.347,18.327,18.255,18.027,17.585,17.168,16.947,16.862,16.79,16.722,16.682,16.701,16.678,16.44,16.059,15.759,15.737,15.964,16.258,16.473,16.573,16.603,16.609,16.61,16.608,16.587,16.513,16.351,16.105,15.878,15.769,15.629,15.381,15.313,15.653,16.182,16.433,16.403,16.4,16.397,16.181,15.38,14.897,15.034,15.262,15.265,15.233,15.185,15.128,15.055,14.935,14.757,14.557,14.396,14.388,14.704,15.327,15.978,16.35,16.379,16.294,16.225,16.226,16.286,16.335,16.345,16.25,15.933,15.42,14.891
18.384,18.355,18.344,18.342,18.34,18.34,18.341,18.338,18.316,18.17,17.788,17.336,17.009,16.875,16.801,16.747,16.718,16.698,16.546,16.201,15.86,15.77,15.993,16.325,16.529,16.565,16.535,16.506,16.495,16.503,16.528,16.558,16.567,16.517,16.358,16.087,15.883,15.821,15.616,15.286,15.288,15.791,16.352,16.397,16.37,16.382,16.234,15.468,14.932,15.054,15.289,15.269,15.228,15.188,15.144,15.092,15.024,14.905,14.706,14.482,14.336,14.426,14.881,15.573,16.169,16.406,16.342,16.255,16.232,16.278,16.336,16.36,16.314,16.121,15.763,15.357
18.368,18.329,18.313,18.306,18.305,18.309,18.319,18.328,18.337,18.272,17.966,17.531,17.124,16.909,16.822,16.773,16.73,16.629,16.361,16.002,15.812,15.953,16.29,16.525,16.54,16.473,16.43,16.41,16.402,16.412,16.443,16.489,16.538,16.572,16.558,16.418,16.088,15.902,15.844,15.533,15.156,15.308,15.977,16.481,16.36,16.371,16.285,15.542,14.965,15.071,15.299,15.262,15.239,15.249,15.195,15.116,15.055,14.996,14.88,14.665,14.423,14.294,14.453,14.984,15.702,16.256,16.425,16.34,16.285,16.293,16.333,16.358,16.341,16.238,16.02,15.747
18.325,18.28,18.259,18.251,18.252,18.261,18.278,18.3,18.327,18.334,18.109,17.719,17.279,16.973,16.849,16.786,16.701,16.51,16.181,15.898,15.9,16.188,16.475,16.535,16.446,16.39,16.373,16.351,16.329,16.322,16.345,16.396,16.452,16.49,16.515,16.515,16.321,15.988,15.913,15.813,15.344,15.069,15.47,16.219,16.423,16.387,16.342,15.611,14.999,15.085,15.296,15.256,15.295,15.351,15.295,15.186,15.085,15.029,14.984,14.873,14.645,14.389,14.26,14.429,14.973,15.697,16.254,16.434,16.376,16.337,16.346,16.365,16.366,16.32,16.201,16.031
18.236,18.199,18.182,18.177,18.182,18.197,18.222,18.255,18.293,18.353,18.222,17.884,17.449,17.068,16.883,16.783,16.637,16.375,16.048,15.89,16.057,16.371,16.524,16.456,16.367,16.357,16.363,16.37,16.355,16.288,16.255,16.299,16.381,16.433,16.443,16.459,16.374,16.045,15.907,15.924,15.598,15.098,15.123,15.784,16.47,16.419,16.383,15.683,15.038,15.095,15.284,15.257,15.354,15.413,15.381,15.293,15.164,15.061,15.016,14.987,14.889,14.661,14.397,14.23,14.335,14.82,15.537,16.154,16.439,16.47,16.445,16.435,16.426,16.392,16.316,16.203
18.105,18.093,18.087,18.09,18.102,18.124,18.156,18.197,18.244,18.332,18.303,18.025,17.614,17.188,16.928,16.771,16.563,16.259,15.973,15.948,16.219,16.473,16.503,16.392,16.354,16.369,16.387,16.431,16.417,16.315,16.204,16.198,16.287,16.365,16.38,16.406,16.334,16.047,15.886,15.931,15.751,15.226,14.985,15.358,16.116,16.403,16.382,15.757,15.087,15.099,15.269,15.261,15.384,15.424,15.416,15.382,15.281,15.143,15.047,15.011,15.002,14.93,14.721,14.462,14.23,14.206,14.546,15.184,15.815,16.218,16.403,16.459,16.458,16.421,16.349,16.243
17.997,17.986,17.986,17.996,18.018,18.049,18.089,18.136,18.189,18.282,18.346,18.146,17.77,17.325,16.992,16.769,16.501,16.177,15.947,16.033,16.35,16.523,16.489,16.407,16.411,16.419,16.427,16.481,16.468,16.362,16.196,16.121,16.194,16.291,16.307,16.344,16.292,16.028,15.864,15.912,15.799,15.347,14.98,15.077,15.659,16.354,16.321,15.808,15.143,15.099,15.248,15.264,15.386,15.41,15.399,15.405,15.373,15.261,15.125,15.045,15.014,15.026,14.983,14.809,14.569,14.293,14.123,14.218,14.656,15.228,15.671,15.945,16.07,16.09,16.037,15.932
17.914,17.881,17.881,17.899,17.93,17.972,18.022,18.079,18.137,18.222,18.348,18.242,17.914,17.473,17.082,16.791,16.469,16.13,15.949,16.114,16.445,16.562,16.522,16.491,16.51,16.492,16.48,16.511,16.505,16.407,16.204,16.063,16.107,16.214,16.237,16.279,16.249,16.002,15.847,15.894,15.829,15.446,15.022,14.973,15.289,15.971,16.214,15.827,15.202,15.099,15.224,15.261,15.369,15.394,15.371,15.376,15.392,15.352,15.224,15.121,15.049,15.027,15.052,15.029,14.893,14.658,14.383,14.187,14.137,14.272,14.589,14.931,15.167,15.278,15.287,15.226
17.832,17.769,17.768,17.794,17.837,17.893,17.957,18.026,18.092,18.166,18.32,18.309,18.044,17.626,17.199,16.85,16.477,16.116,15.96,16.171,16.505,16.61,16.584,16.572,16.582,16.543,16.518,16.525,16.527,16.433,16.2,16.008,16.023,16.131,16.162,16.212,16.211,15.985,15.835,15.876,15.856,15.533,15.098,14.941,15.04,15.49,16.109,15.817,15.254,15.1,15.196,15.251,15.341,15.381,15.361,15.352,15.372,15.384,15.297,15.198,15.116,15.057,15.04,15.067,15.086,14.986,14.718,14.397,14.195,14.143,14.129,14.179,14.301,14.416,14.471,14.468
17.745,17.642,17.642,17.677,17.733,17.807,17.892,17.98,18.057,18.121,18.279,18.346,18.152,17.776,17.34,16.948,16.531,16.134,15.972,16.193,16.534,16.663,16.639,16.596,16.575,16.529,16.507,16.518,16.535,16.426,16.157,15.939,15.932,16.034,16.081,16.137,16.177,15.98,15.828,15.856,15.864,15.605,15.191,14.938,14.958,15.205,15.759,15.776,15.31,15.108,15.167,15.234,15.302,15.361,15.365,15.354,15.363,15.378,15.315,15.247,15.177,15.101,15.057,15.043,15.065,15.111,15.073,14.81,14.371,14.176,14.166,14.114,14.042,13.998,13.974,13.968
17.642,17.498,17.497,17.541,17.613,17.71,17.825,17.944,18.042,18.096,18.235,18.361,18.233,17.909,17.489,17.079,16.631,16.188,15.984,16.178,16.529,16.709,16.683,16.585,16.519,16.47,16.462,16.501,16.52,16.374,16.08,15.862,15.831,15.916,15.984,16.053,16.139,15.986,15.825,15.837,15.852,15.641,15.244,14.943,14.876,15.004,15.307,15.703,15.371,15.132,15.139,15.21,15.264,15.318,15.35,15.358,15.365,15.356,15.3,15.258,15.217,15.145,15.066,15.035,15.044,15.061,15.102,15.109,14.893,14.344,14.17,14.184,14.14,14.054,13.95,13.84
17.532,17.332,17.331,17.382,17.47,17.593,17.75,17.92,18.058,18.108,18.2,18.36,18.29,18.013,17.629,17.23,16.776,16.287,16.008,16.131,16.475,16.724,16.732,16.606,16.501,16.447,16.443,16.482,16.47,16.286,16.003,15.806,15.74,15.788,15.874,15.959,16.09,15.995,15.828,15.822,15.828,15.638,15.25,14.91,14.777,14.917,15.074,15.418,15.409,15.192,15.13,15.177,15.23,15.271,15.303,15.319,15.321,15.301,15.269,15.251,15.229,15.164,15.076,15.016,15.01,15.041,15.069,15.101,15.118,14.913,14.404,14.229,14.197,14.157,14.115,14.012
17.382,17.143,17.141,17.196,17.297,17.45,17.658,17.899,18.106,18.168,18.195,18.35,18.336,18.094,17.748,17.379,16.951,16.438,16.068,16.071,16.367,16.673,16.766,16.675,16.563,16.496,16.471,16.469,16.409,16.217,15.972,15.797,15.696,15.685,15.764,15.863,16.029,16.001,15.837,15.813,15.796,15.596,15.208,14.828,14.659,14.799,14.984,15.1,15.316,15.244,15.16,15.16,15.198,15.234,15.257,15.268,15.269,15.261,15.257,15.257,15.231,15.152,15.056,15,15.001,15.042,15.091,15.117,15.138,15.134,14.889,14.531,14.301,14.171,14.137,14.139
17.186,16.934,16.931,16.986,17.093,17.271,17.535,17.868,18.177,18.288,18.241,18.343,18.381,18.173,17.849,17.512,17.137,16.64,16.188,16.04,16.223,16.535,16.729,16.736,16.661,16.584,16.521,16.47,16.375,16.193,15.992,15.84,15.718,15.644,15.68,15.773,15.96,16,15.85,15.808,15.753,15.516,15.119,14.72,14.557,14.687,14.897,15,15.109,15.196,15.183,15.172,15.19,15.217,15.238,15.251,15.259,15.266,15.27,15.242,15.157,15.051,14.988,14.984,15.023,15.085,15.149,15.194,15.203,15.202,15.136,14.899,14.579,14.297,14.111,14.093
16.973,16.714,16.712,16.759,16.862,17.052,17.357,17.775,18.201,18.415,18.314,18.339,18.416,18.263,17.954,17.633,17.31,16.873,16.385,16.086,16.102,16.336,16.582,16.704,16.709,16.649,16.562,16.477,16.371,16.214,16.047,15.914,15.787,15.668,15.641,15.703,15.891,15.989,15.862,15.801,15.699,15.414,14.998,14.6,14.472,14.598,14.803,14.96,15.002,15.064,15.12,15.148,15.174,15.201,15.224,15.239,15.242,15.22,15.16,15.075,15.005,14.978,14.996,15.04,15.094,15.158,15.228,15.289,15.314,15.297,15.26,15.13,14.876,14.568,14.304,14.112
16.631,16.494,16.497,16.529,16.614,16.789,17.095,17.548,18.065,18.425,18.437,18.359,18.433,18.35,18.073,17.758,17.467,17.106,16.641,16.238,16.073,16.156,16.359,16.544,16.64,16.634,16.561,16.47,16.371,16.248,16.113,15.994,15.874,15.735,15.647,15.657,15.828,15.97,15.868,15.789,15.64,15.305,14.872,14.487,14.357,14.443,14.64,14.855,14.975,15.001,15.027,15.057,15.086,15.111,15.125,15.121,15.099,15.065,15.033,15.017,15.021,15.031,15.054,15.1,15.168,15.249,15.331,15.402,15.44,15.426,15.376,15.279,15.089,14.823,14.593,14.39
16.324,16.306,16.307,16.317,16.371,16.502,16.755,17.169,17.723,18.253,18.509,18.452,18.455,18.41,18.191,17.892,17.616,17.317,16.917,16.483,16.175,16.081,16.162,16.315,16.452,16.513,16.492,16.428,16.349,16.256,16.155,16.058,15.957,15.82,15.688,15.636,15.772,15.946,15.869,15.772,15.588,15.209,14.77,14.387,14.192,14.187,14.354,14.637,14.871,14.97,15,15.014,15.028,15.04,15.045,15.038,15.026,15.018,15.003,14.99,14.999,15.036,15.098,15.183,15.288,15.398,15.492,15.56,15.594,15.572,15.502,15.403,15.254,15.03,14.817,14.664
16.168,16.173,16.159,16.145,16.162,16.236,16.403,16.712,17.194,17.791,18.301,18.508,18.485,18.443,18.274,18.018,17.759,17.505,17.181,16.777,16.397,16.155,16.082,16.133,16.233,16.319,16.355,16.34,16.293,16.226,16.149,16.078,16.012,15.903,15.753,15.641,15.723,15.917,15.866,15.759,15.559,15.142,14.706,14.322,14.066,13.983,14.088,14.309,14.567,14.763,14.892,14.958,14.977,14.974,14.963,14.953,14.937,14.917,14.92,14.961,15.034,15.131,15.247,15.371,15.494,15.603,15.67,15.684,15.668,15.624,15.544,15.448,15.344,15.188,14.999,14.849
16.111,16.094,16.063,16.031,16.017,16.04,16.127,16.315,16.645,17.137,17.723,18.209,18.418,18.411,18.302,18.105,17.882,17.665,17.411,17.074,16.694,16.366,16.159,16.081,16.092,16.14,16.189,16.215,16.205,16.165,16.11,16.062,16.03,15.965,15.828,15.673,15.686,15.883,15.862,15.753,15.571,15.119,14.678,14.32,14.045,13.959,14.098,14.211,14.278,14.381,14.521,14.655,14.725,14.771,14.814,14.833,14.833,14.863,14.95,15.072,15.197,15.301,15.382,15.475,15.556,15.556,15.504,15.469,15.462,15.453,15.415,15.361,15.318,15.243,15.119,14.979
16.09,16.061,16.023,15.981,15.947,15.934,15.962,16.06,16.256,16.57,17.014,17.547,18.012,18.234,18.234,18.121,17.956,17.781,17.589,17.336,17.011,16.668,16.38,16.189,16.093,16.065,16.073,16.096,16.108,16.093,16.06,16.034,16.028,16.004,15.897,15.722,15.667,15.847,15.855,15.753,15.624,15.166,14.675,14.344,14.086,14.035,14.235,14.386,14.39,14.385,14.355,14.4,14.503,14.666,14.759,14.737,14.74,14.848,14.998,15.109,15.165,15.198,15.241,15.282,15.247,15.145,15.079,15.099,15.154,15.201,15.226,15.233,15.252,15.244,15.176,14.962
16.095,16.069,16.03,15.988,15.946,15.91,15.896,15.93,16.04,16.233,16.502,16.865,17.323,17.755,17.992,18.02,17.946,17.835,17.707,17.537,17.297,16.999,16.693,16.433,16.246,16.13,16.07,16.047,16.043,16.038,16.025,16.018,16.03,16.032,15.955,15.778,15.666,15.813,15.845,15.75,15.684,15.292,14.724,14.344,14.129,14.072,14.289,14.49,14.534,14.551,14.514,14.424,14.498,14.669,14.708,14.604,14.606,14.743,14.87,14.904,14.899,14.905,14.935,14.934,14.868,14.811,14.832,14.903,14.973,15.028,15.062,15.075,15.096,15.096,14.955,14.578
16.133,16.108,16.07,16.029,15.984,15.938,15.9,15.889,15.935,16.056,16.234,16.45,16.731,17.095,17.469,17.705,17.773,17.765,17.724,17.646,17.504,17.289,17.023,16.75,16.509,16.322,16.191,16.106,16.055,16.034,16.029,16.033,16.051,16.063,16.003,15.829,15.677,15.785,15.834,15.744,15.707,15.409,14.811,14.337,14.125,14.068,14.245,14.462,14.516,14.566,14.617,14.555,14.497,14.642,14.693,14.551,14.499,14.596,14.711,14.688,14.651,14.673,14.704,14.686,14.625,14.602,14.638,14.676,14.659,14.604,14.555,14.513,14.501,14.509,14.35,14.111
16.197,16.166,16.125,16.08,16.031,15.979,15.932,15.898,15.897,15.962,16.093,16.247,16.417,16.636,16.921,17.226,17.435,17.534,17.583,17.603,17.575,17.471,17.291,17.059,16.815,16.59,16.406,16.265,16.163,16.105,16.088,16.087,16.098,16.102,16.043,15.871,15.692,15.764,15.823,15.737,15.685,15.432,14.877,14.346,14.089,14.036,14.121,14.302,14.387,14.476,14.592,14.653,14.542,14.57,14.706,14.612,14.47,14.455,14.596,14.671,14.61,14.583,14.573,14.533,14.468,14.413,14.346,14.204,14.019,13.901,13.857,13.856,13.9,13.96,13.964,13.972
16.27,16.229,16.182,16.129,16.069,16.008,15.957,15.919,15.894,15.909,16.002,16.141,16.266,16.388,16.55,16.777,17.034,17.224,17.336,17.416,17.476,17.494,17.433,17.29,17.091,16.872,16.664,16.487,16.345,16.246,16.198,16.176,16.165,16.148,16.078,15.901,15.705,15.747,15.812,15.728,15.634,15.38,14.949,14.428,14.065,13.983,13.986,14.065,14.182,14.354,14.511,14.636,14.628,14.542,14.663,14.708,14.543,14.36,14.379,14.587,14.641,14.57,14.478,14.387,14.282,14.087,13.799,13.503,13.331,13.305,13.365,13.485,13.642,13.796,13.907,13.965
16.337,16.289,16.235,16.171,16.096,16.021,15.964,15.932,15.906,15.882,15.92,16.048,16.192,16.293,16.374,16.485,16.663,16.881,17.051,17.17,17.268,17.359,17.414,17.385,17.273,17.103,16.909,16.722,16.556,16.422,16.335,16.28,16.239,16.194,16.103,15.918,15.713,15.734,15.804,15.715,15.562,15.25,14.934,14.585,14.205,13.968,13.884,13.882,14.041,14.287,14.465,14.591,14.652,14.574,14.588,14.722,14.677,14.418,14.219,14.361,14.582,14.534,14.367,14.18,13.949,13.628,13.287,13.073,13.022,13.051,13.131,13.269,13.446,13.606,13.703,13.718
16.399,16.346,16.284,16.209,16.12,16.026,15.952,15.925,15.92,15.887,15.864,15.937,16.092,16.236,16.323,16.378,16.456,16.595,16.77,16.914,17.033,17.143,17.256,17.333,17.325,17.233,17.086,16.915,16.744,16.587,16.463,16.371,16.299,16.225,16.11,15.912,15.709,15.727,15.795,15.71,15.513,15.063,14.675,14.488,14.373,14.107,13.893,13.846,14.078,14.333,14.47,14.565,14.638,14.597,14.547,14.663,14.748,14.611,14.275,14.136,14.43,14.421,14.207,13.928,13.641,13.386,13.231,13.21,13.226,13.193,13.137,13.105,13.148,13.253,13.326,13.316
16.464,16.404,16.333,16.249,16.148,16.034,15.933,15.891,15.912,15.911,15.855,15.85,15.96,16.13,16.273,16.352,16.397,16.464,16.576,16.706,16.822,16.933,17.048,17.175,17.255,17.248,17.164,17.028,16.866,16.698,16.548,16.426,16.328,16.227,16.085,15.875,15.693,15.729,15.799,15.698,15.447,14.961,14.459,14.211,14.244,14.15,13.96,14.013,14.267,14.432,14.482,14.543,14.613,14.595,14.528,14.571,14.706,14.74,14.514,14.069,14.247,14.263,14.029,13.721,13.471,13.298,13.15,13.031,12.997,13.039,13.111,13.161,13.154,13.116,13.101,13.081
16.546,16.464,16.379,16.289,16.183,16.056,15.926,15.845,15.866,15.92,15.886,15.819,15.849,15.988,16.166,16.305,16.381,16.433,16.498,16.585,16.677,16.772,16.874,16.991,17.122,17.179,17.149,17.05,16.903,16.738,16.579,16.435,16.313,16.19,16.027,15.808,15.675,15.753,15.802,15.61,15.442,14.915,14.323,14.047,14.073,14.053,14.043,14.24,14.441,14.475,14.46,14.516,14.587,14.569,14.506,14.5,14.602,14.746,14.686,14.142,14.107,14.108,13.872,13.578,13.337,13.08,12.768,12.603,12.616,12.693,12.768,12.882,13.028,13.124,13.139,13.102
16.606,16.512,16.42,16.329,16.225,16.097,15.948,15.818,15.795,15.883,15.919,15.841,15.793,15.861,16.019,16.198,16.33,16.405,16.463,16.522,16.588,16.663,16.749,16.847,16.983,17.072,17.073,16.998,16.868,16.714,16.548,16.386,16.257,16.116,15.916,15.706,15.676,15.777,15.773,15.709,15.47,14.644,14.048,13.942,13.982,14.03,14.192,14.424,14.513,14.45,14.419,14.487,14.554,14.524,14.476,14.485,14.531,14.694,14.736,14.192,14.024,13.977,13.748,13.469,13.183,12.826,12.585,12.566,12.463,12.58,12.657,12.694,12.796,12.942,13.07,13.138
16.649,16.544,16.449,16.36,16.264,16.147,16,15.836,15.74,15.806,15.918,15.887,15.794,15.783,15.879,16.047,16.218,16.332,16.399,16.453,16.51,16.577,16.656,16.746,16.866,16.96,16.964,16.897,16.778,16.629,16.461,16.299,16.16,15.964,15.75,15.664,15.776,15.875,15.828,15.593,14.765,14.045,13.916,13.962,14.04,14.191,14.41,14.543,14.512,14.426,14.387,14.439,14.511,14.465,14.422,14.469,14.523,14.658,14.726,14.191,13.971,13.872,13.649,13.378,13.054,12.777,12.996,13.114,12.648,12.528,12.607,12.589,12.606,12.652,12.778,12.914
16.652,16.549,16.458,16.377,16.293,16.193,16.063,15.896,15.736,15.722,15.869,15.925,15.832,15.764,15.785,15.897,16.065,16.217,16.315,16.381,16.438,16.501,16.575,16.664,16.771,16.839,16.827,16.759,16.648,16.503,16.332,16.16,15.977,15.779,15.699,15.796,15.901,15.83,15.514,14.754,14.105,13.957,13.968,14.08,14.276,14.482,14.597,14.561,14.474,14.445,14.4,14.368,14.418,14.376,14.357,14.442,14.542,14.661,14.714,14.17,13.933,13.79,13.566,13.306,12.983,12.829,13.248,13.478,13.038,12.606,12.635,12.645,12.652,12.545,12.491,12.552
16.613,16.524,16.445,16.375,16.304,16.222,16.117,15.97,15.785,15.675,15.788,15.929,15.881,15.786,15.749,15.787,15.908,16.069,16.202,16.291,16.361,16.431,16.51,16.597,16.674,16.705,16.676,16.602,16.483,16.32,16.13,15.954,15.803,15.737,15.792,15.84,15.727,15.432,14.982,14.461,14.111,13.897,13.978,14.28,14.556,14.672,14.613,14.5,14.456,14.469,14.461,14.386,14.306,14.269,14.323,14.462,14.593,14.698,14.711,14.144,13.902,13.728,13.497,13.252,12.963,12.93,13.209,13.46,13.331,12.829,12.617,12.604,12.685,12.746,12.558,12.376
16.54,16.475,16.412,16.354,16.296,16.23,16.147,16.028,15.853,15.677,15.711,15.894,15.922,15.828,15.76,15.738,15.78,15.904,16.057,16.186,16.286,16.368,16.444,16.508,16.547,16.542,16.487,16.386,16.238,16.06,15.902,15.806,15.769,15.784,15.786,15.693,15.514,15.303,15.018,14.526,13.839,13.731,14.093,14.468,14.648,14.614,14.517,14.461,14.452,14.47,14.484,14.453,14.376,14.332,14.416,14.568,14.681,14.755,14.699,14.102,13.87,13.682,13.436,13.21,12.972,12.989,13.147,13.299,13.349,12.994,12.678,12.56,12.598,12.738,12.768,12.586
16.453,16.41,16.365,16.319,16.272,16.219,16.153,16.058,15.905,15.703,15.663,15.836,15.94,15.875,15.791,15.749,15.72,15.752,15.859,15.989,16.106,16.2,16.273,16.319,16.328,16.292,16.211,16.092,15.952,15.837,15.787,15.785,15.792,15.786,15.745,15.689,15.65,15.545,15.175,14.442,13.697,13.812,14.284,14.497,14.551,14.503,14.455,14.432,14.429,14.439,14.452,14.451,14.442,14.485,14.566,14.68,14.766,14.805,14.633,14.036,13.833,13.646,13.395,13.175,12.969,13.021,13.17,13.246,13.258,12.997,12.699,12.587,12.652,12.772,12.859,12.827
16.376,16.344,16.31,16.274,16.236,16.193,16.139,16.06,15.928,15.723,15.64,15.781,15.932,15.927,15.824,15.779,15.747,15.704,15.711,15.775,15.861,15.943,16.006,16.04,16.036,15.994,15.92,15.834,15.771,15.763,15.79,15.811,15.816,15.817,15.821,15.823,15.787,15.666,15.375,14.68,13.937,13.906,14.293,14.435,14.453,14.412,14.391,14.387,14.395,14.408,14.422,14.438,14.505,14.6,14.643,14.736,14.813,14.78,14.473,13.956,13.794,13.611,13.361,13.128,13.017,13.144,13.183,13.112,13.034,12.848,12.685,12.692,12.811,12.897,12.908,12.894
16.299,16.275,16.25,16.222,16.192,16.156,16.111,16.044,15.927,15.727,15.626,15.738,15.901,15.99,15.883,15.787,15.781,15.758,15.712,15.699,15.721,15.757,15.791,15.809,15.804,15.776,15.74,15.725,15.748,15.793,15.829,15.842,15.847,15.847,15.81,15.709,15.577,15.487,15.575,15.062,14.111,13.817,14.243,14.388,14.351,14.333,14.338,14.347,14.368,14.398,14.438,14.494,14.573,14.617,14.654,14.726,14.756,14.619,14.247,13.88,13.753,13.566,13.325,13.138,13.17,13.172,13.013,12.897,12.82,12.767,12.8,12.874,12.935,12.899,12.679,12.581
16.217,16.205,16.188,16.168,16.143,16.113,16.075,16.017,15.913,15.728,15.617,15.7,15.856,16.034,16.017,15.826,15.755,15.781,15.763,15.725,15.704,15.7,15.705,15.705,15.698,15.693,15.708,15.749,15.801,15.845,15.867,15.874,15.871,15.835,15.748,15.601,15.503,15.334,15.535,15.347,14.379,13.881,14.228,14.328,14.272,14.286,14.282,14.301,14.346,14.404,14.464,14.513,14.536,14.545,14.574,14.604,14.554,14.348,14.03,13.826,13.731,13.56,13.368,13.27,13.214,13.023,12.932,12.923,12.941,13.007,13.028,12.994,12.915,12.635,12.301,12.298
16.141,16.138,16.128,16.112,16.093,16.068,16.034,15.985,15.897,15.739,15.62,15.661,15.792,16.002,16.173,16.017,15.761,15.73,15.767,15.762,15.739,15.716,15.698,15.689,15.697,15.723,15.767,15.819,15.862,15.89,15.902,15.906,15.895,15.84,15.722,15.514,15.418,15.304,15.335,15.474,14.745,14.006,14.178,14.279,14.217,14.216,14.208,14.248,14.303,14.361,14.409,14.432,14.424,14.406,14.398,14.371,14.264,14.072,13.889,13.81,13.738,13.588,13.422,13.26,13.092,13.081,13.183,13.232,13.227,13.226,13.163,13.005,12.757,12.333,12.196,12.297
16.076,16.077,16.071,16.059,16.043,16.021,15.992,15.95,15.883,15.764,15.643,15.629,15.706,15.886,16.149,16.287,15.998,15.719,15.709,15.743,15.75,15.732,15.727,15.74,15.765,15.803,15.845,15.882,15.909,15.925,15.93,15.918,15.884,15.763,15.575,15.37,15.275,15.245,15.26,15.47,14.945,14.098,14.135,14.235,14.145,14.13,14.126,14.16,14.192,14.216,14.225,14.216,14.191,14.16,14.128,14.075,13.981,13.874,13.808,13.767,13.662,13.48,13.292,13.179,13.286,13.487,13.56,13.527,13.483,13.447,13.276,12.962,12.503,12.04,11.897,11.944
16.025,16.025,16.019,16.008,15.994,15.974,15.949,15.914,15.865,15.792,15.692,15.632,15.631,15.724,15.943,16.244,16.389,16.048,15.719,15.669,15.723,15.778,15.804,15.822,15.84,15.861,15.886,15.907,15.917,15.916,15.906,15.893,15.784,15.55,15.3,15.171,15.19,15.256,15.294,15.493,15.087,14.199,14.102,14.186,14.067,14.034,14.015,14.027,14.035,14.025,13.996,13.954,13.912,13.879,13.854,13.819,13.772,13.726,13.684,13.604,13.456,13.295,13.236,13.39,13.631,13.684,13.626,13.491,13.468,13.462,13.091,12.577,12.22,11.943,11.793,11.731
15.985,15.98,15.972,15.961,15.946,15.927,15.903,15.873,15.835,15.791,15.74,15.679,15.621,15.599,15.717,15.944,16.204,16.248,16.069,15.851,15.723,15.733,15.778,15.796,15.816,15.835,15.845,15.84,15.809,15.795,15.809,15.824,15.601,15.232,15.07,15.13,15.266,15.333,15.305,15.565,15.327,14.389,14.072,14.141,13.983,13.903,13.845,13.851,13.873,13.877,13.858,13.824,13.771,13.702,13.657,13.639,13.608,13.565,13.503,13.404,13.29,13.259,13.435,13.678,13.715,13.61,13.499,13.298,13.317,13.226,12.613,12.295,12.125,12.049,11.996,11.807
15.948,15.938,15.928,15.915,15.899,15.88,15.855,15.826,15.79,15.751,15.729,15.715,15.672,15.547,15.5,15.592,15.654,15.702,15.731,15.815,15.807,15.767,15.748,15.776,15.779,15.759,15.739,15.738,15.734,15.756,15.763,15.803,15.389,15.028,15.084,15.215,15.275,14.999,14.501,14.85,15.166,14.315,14.053,14.072,13.85,13.701,13.6,13.581,13.591,13.615,13.655,13.715,13.782,13.792,13.706,13.61,13.566,13.513,13.449,13.385,13.41,13.554,13.725,13.743,13.598,13.449,13.354,13.099,13.041,12.977,12.679,12.509,0,0,0,0
15.911,15.898,15.885,15.87,15.853,15.831,15.805,15.773,15.734,15.688,15.662,15.665,15.692,15.595,15.335,15.31,15.453,15.398,15.435,15.5,15.689,15.767,15.747,15.754,15.768,15.777,15.786,15.792,15.809,15.786,15.848,15.68,15.08,15.009,15.158,15.033,14.466,14.095,13.84,13.768,14.473,14.075,14.055,13.996,13.724,13.488,13.281,13.186,13.196,13.275,13.345,13.426,13.556,13.692,13.782,13.785,13.719,13.636,13.568,13.602,13.605,13.509,13.492,13.411,13.349,13.275,13.211,12.945,0,0,0,0,0,0,0,0
15.87,15.856,15.841,15.826,15.806,15.782,15.752,15.715,15.669,15.613,15.567,15.556,15.605,15.627,15.251,14.978,15.285,15.458,15.519,15.502,15.477,15.602,15.709,15.762,15.761,15.746,15.757,15.815,15.942,15.853,15.623,15.242,14.924,15.073,14.931,14.295,13.696,13.563,13.635,13.605,13.966,13.97,14.07,13.925,13.634,13.33,13.064,12.978,13.116,13.407,13.63,13.728,13.708,13.566,13.53,13.544,13.592,13.667,13.655,13.539,13.39,13.16,13.148,13.243,13.256,13.148,0,0,0,0,0,0,0,0,0,0
15.827,15.813,15.798,15.781,15.76,15.733,15.699,15.656,15.602,15.534,15.463,15.428,15.468,15.488,15.067,14.78,15.051,15.384,15.51,15.613,15.579,15.544,15.618,15.704,15.746,15.748,15.732,15.754,15.894,15.945,15.644,15.12,14.98,14.993,14.393,13.626,13.717,13.658,13.58,13.636,13.803,13.94,13.963,13.796,13.529,13.218,12.975,12.965,13.239,13.608,13.841,13.963,14.019,14.01,14.004,13.942,13.616,13.515,13.595,13.45,13.244,13.179,13.1,13.168,13.199,0,0,0,0,0,0,0,0,0,0,0
15.785,15.772,15.755,15.738,15.716,15.686,15.648,15.601,15.54,15.462,15.367,15.312,15.321,15.214,14.757,14.661,14.815,15.053,15.273,15.535,15.615,15.608,15.653,15.689,15.687,15.703,15.714,15.706,15.781,15.921,15.774,15.263,14.974,14.483,13.775,13.669,13.667,13.591,13.599,13.663,13.792,13.909,13.836,13.609,13.359,13.125,13.043,13.254,13.617,13.834,13.945,14.001,14.022,14.043,14.076,14.103,13.98,13.811,13.647,13.537,13.458,13.389,13.283,13.17,0,0,0,0,0,0,0,0,0,0,0,0
15.747,15.733,15.716,15.697,15.673,15.642,15.601,15.549,15.486,15.403,15.297,15.23,15.204,15.02,14.635,14.552,14.486,14.534,14.807,15.251,15.495,15.434,15.412,15.4,15.439,15.563,15.712,15.732,15.725,15.852,15.829,15.322,14.811,14.021,13.606,13.734,13.685,13.688,13.7,13.753,13.822,13.822,13.679,13.467,13.303,13.268,13.445,13.794,13.911,13.814,13.956,14.125,14.161,14.127,14.101,14.037,13.887,13.723,13.57,13.467,13.429,13.452,13.403,13.219,0,0,0,0,0,0,0,0,0,0,0,0
