16.229,16.231,16.187,16.168,16.164,16.171,16.196,16.253,16.235,16.215,16.145,15.924,15.574,15.491,15.382,15.292,15.217,15.145,15.119,15.099,15.072,15.009,14.891,14.772,14.697,14.618,14.543,14.474,14.411,14.361,14.324,14.284,14.243,14.201,14.159,14.118,14.084,14.06,14.03,13.992,13.947,13.891,13.822,13.734,13.64,13.567,13.498,13.44,13.391,13.349,13.307,13.242,13.162,13.076,12.993,12.916,12.85,12.793,12.746,12.706,12.672,12.64,12.611,12.584,12.556,12.529,12.501,12.472,12.441,12.407,12.374,12.343,12.31,12.279,12.248,12.219
16.227,16.211,16.183,16.163,16.154,16.153,16.16,16.17,16.146,16.096,16,15.831,15.621,15.489,15.38,15.289,15.214,15.152,15.108,15.069,15.026,14.961,14.87,14.773,14.689,14.611,14.538,14.472,14.412,14.361,14.317,14.275,14.233,14.191,14.15,14.111,14.073,14.036,13.998,13.954,13.903,13.845,13.778,13.704,13.628,13.554,13.487,13.427,13.372,13.317,13.255,13.184,13.108,13.033,12.963,12.898,12.841,12.791,12.747,12.708,12.673,12.642,12.612,12.583,12.555,12.527,12.498,12.468,12.436,12.403,12.37,12.337,12.304,12.272,12.241,12.213
16.235,16.211,16.183,16.159,16.141,16.129,16.122,16.111,16.079,16.018,15.919,15.779,15.621,15.489,15.38,15.289,15.214,15.152,15.101,15.053,15.001,14.937,14.858,14.772,14.689,14.611,14.538,14.472,14.412,14.359,14.311,14.266,14.223,14.182,14.144,14.107,14.073,14.039,14.004,13.963,13.915,13.856,13.787,13.708,13.624,13.542,13.472,13.415,13.367,13.316,13.254,13.183,13.108,13.033,12.962,12.898,12.841,12.791,12.747,12.708,12.673,12.641,12.611,12.583,12.554,12.526,12.496,12.466,12.435,12.403,12.37,12.336,12.303,12.271,12.241,12.213
16.247,16.213,16.183,16.156,16.131,16.111,16.094,16.072,16.033,15.968,15.874,15.751,15.617,15.492,15.384,15.293,15.217,15.153,15.096,15.043,14.987,14.923,14.85,14.771,14.69,14.612,14.539,14.472,14.41,14.355,14.304,14.257,14.214,14.174,14.14,14.111,14.086,14.064,14.04,14.01,13.969,13.913,13.838,13.744,13.637,13.532,13.446,13.39,13.355,13.32,13.269,13.2,13.123,13.045,12.971,12.904,12.844,12.792,12.747,12.708,12.673,12.641,12.611,12.583,12.554,12.526,12.498,12.468,12.438,12.406,12.373,12.34,12.306,12.273,12.242,12.213
16.242,16.208,16.178,16.151,16.125,16.099,16.075,16.047,16.004,15.94,15.852,15.741,15.62,15.503,15.396,15.304,15.225,15.157,15.096,15.038,14.979,14.916,14.847,14.772,14.694,14.616,14.541,14.472,14.407,14.349,14.295,14.246,14.203,14.168,14.143,14.128,14.122,14.12,14.118,14.107,14.082,14.034,13.952,13.832,13.682,13.53,13.407,13.34,13.323,13.317,13.287,13.223,13.143,13.062,12.984,12.912,12.848,12.794,12.748,12.708,12.673,12.641,12.612,12.583,12.556,12.529,12.501,12.473,12.443,12.412,12.379,12.346,12.311,12.278,12.245,12.215
16.224,16.193,16.166,16.143,16.12,16.095,16.066,16.033,15.99,15.929,15.847,15.746,15.635,15.522,15.417,15.322,15.24,15.167,15.101,15.039,14.978,14.914,14.847,14.775,14.698,14.62,14.543,14.47,14.401,14.339,14.282,14.232,14.192,14.167,14.16,14.171,14.196,14.227,14.255,14.272,14.272,14.239,14.156,14.005,13.789,13.553,13.357,13.252,13.251,13.291,13.304,13.254,13.164,13.079,12.997,12.919,12.851,12.794,12.747,12.706,12.672,12.64,12.611,12.584,12.558,12.533,12.507,12.479,12.451,12.42,12.387,12.353,12.318,12.283,12.249,12.218
16.205,16.17,16.144,16.126,16.112,16.095,16.068,16.032,15.988,15.931,15.856,15.764,15.66,15.551,15.446,15.348,15.26,15.182,15.112,15.045,14.98,14.916,14.85,14.779,14.702,14.623,14.543,14.465,14.391,14.323,14.263,14.213,14.182,14.178,14.206,14.262,14.33,14.394,14.447,14.486,14.511,14.507,14.444,14.277,13.984,13.631,13.319,13.125,13.117,13.212,13.309,13.301,13.188,13.09,13.009,12.926,12.853,12.793,12.744,12.704,12.67,12.639,12.611,12.586,12.562,12.538,12.514,12.488,12.461,12.431,12.398,12.363,12.327,12.29,12.255,12.222
16.175,16.133,16.108,16.097,16.093,16.091,16.081,16.052,16.004,15.948,15.879,15.794,15.697,15.591,15.485,15.383,15.29,15.205,15.128,15.057,14.988,14.922,14.855,14.784,14.706,14.624,14.539,14.455,14.375,14.301,14.237,14.191,14.181,14.222,14.313,14.425,14.521,14.58,14.612,14.636,14.671,14.708,14.705,14.587,14.267,13.793,13.347,13.001,12.924,13.047,13.261,13.371,13.23,13.091,13.021,12.934,12.853,12.79,12.741,12.702,12.668,12.639,12.613,12.589,12.567,12.545,12.524,12.501,12.476,12.448,12.416,12.379,12.341,12.301,12.264,12.229
16.111,16.071,16.05,16.045,16.052,16.067,16.083,16.089,16.061,15.995,15.922,15.841,15.75,15.648,15.54,15.433,15.332,15.239,15.154,15.076,15.002,14.931,14.863,14.791,14.711,14.624,14.533,14.442,14.355,14.274,14.206,14.172,14.21,14.339,14.512,14.641,14.681,14.651,14.603,14.577,14.607,14.689,14.764,14.771,14.564,14.043,13.501,12.987,12.752,12.816,13.121,13.429,13.321,13.079,13.026,12.946,12.857,12.79,12.74,12.701,12.669,12.642,12.617,12.596,12.576,12.558,12.54,12.521,12.5,12.476,12.446,12.41,12.369,12.326,12.284,12.246
16.015,15.981,15.965,15.963,15.976,16.002,16.041,16.089,16.129,16.111,16.024,15.925,15.829,15.729,15.62,15.507,15.395,15.291,15.194,15.107,15.025,14.948,14.876,14.802,14.719,14.627,14.528,14.429,14.334,14.243,14.172,14.182,14.333,14.573,14.752,14.773,14.676,14.565,14.475,14.417,14.44,14.543,14.65,14.758,14.756,14.358,13.781,13.193,12.748,12.646,12.936,13.396,13.456,13.087,13.002,12.959,12.867,12.794,12.743,12.705,12.676,12.651,12.63,12.611,12.594,12.579,12.565,12.551,12.536,12.518,12.494,12.463,12.425,12.381,12.334,12.289
15.896,15.868,15.853,15.849,15.857,15.879,15.921,15.989,16.085,16.187,16.198,16.107,15.977,15.852,15.737,15.618,15.493,15.369,15.255,15.153,15.06,14.974,14.895,14.818,14.733,14.634,14.527,14.42,14.315,14.205,14.141,14.238,14.515,14.785,14.851,14.744,14.64,14.579,14.488,14.392,14.385,14.473,14.559,14.666,14.739,14.65,14.137,13.555,12.953,12.639,12.824,13.295,13.534,13.165,12.946,12.954,12.877,12.804,12.752,12.716,12.689,12.668,12.65,12.634,12.62,12.613,12.611,12.612,12.609,12.596,12.572,12.54,12.505,12.467,12.424,12.376
15.76,15.739,15.722,15.709,15.703,15.707,15.728,15.777,15.874,16.032,16.202,16.265,16.211,16.075,15.915,15.766,15.625,15.482,15.341,15.215,15.107,15.011,14.924,14.841,14.752,14.648,14.532,14.416,14.297,14.17,14.141,14.355,14.712,14.888,14.843,14.767,14.757,14.712,14.589,14.431,14.38,14.434,14.502,14.559,14.567,14.744,14.457,13.895,13.203,12.721,12.799,13.224,13.513,13.273,12.914,12.921,12.867,12.807,12.76,12.729,12.706,12.686,12.671,12.663,12.673,12.696,12.73,12.773,12.803,12.803,12.771,12.713,12.642,12.577,12.524,12.478
15.618,15.603,15.583,15.562,15.542,15.527,15.523,15.539,15.593,15.714,15.927,16.107,16.244,16.271,16.168,15.992,15.804,15.626,15.458,15.302,15.168,15.057,14.96,14.87,14.779,14.672,14.548,14.421,14.285,14.146,14.17,14.493,14.853,14.937,14.876,14.85,14.85,14.796,14.67,14.464,14.372,14.39,14.44,14.476,14.452,14.641,14.606,14.105,13.381,12.786,12.794,13.185,13.457,13.339,12.923,12.879,12.848,12.799,12.76,12.735,12.716,12.701,12.7,12.743,12.841,12.925,13.001,13.08,13.134,13.15,13.131,13.078,12.977,12.85,12.726,12.622
15.479,15.47,15.449,15.424,15.4,15.382,15.379,15.395,15.435,15.496,15.618,15.762,15.958,16.166,16.277,16.221,16.044,15.826,15.614,15.421,15.254,15.116,15.005,14.908,14.815,14.71,14.58,14.439,14.282,14.133,14.198,14.588,14.925,14.971,14.925,14.906,14.887,14.855,14.757,14.526,14.389,14.373,14.408,14.456,14.433,14.449,14.621,14.212,13.474,12.815,12.785,13.139,13.379,13.327,12.947,12.845,12.837,12.788,12.759,12.739,12.73,12.756,12.805,12.966,13.16,13.264,13.313,13.342,13.341,13.329,13.33,13.344,13.328,13.254,13.144,13.008
15.352,15.347,15.329,15.305,15.286,15.279,15.294,15.34,15.416,15.496,15.533,15.582,15.685,15.862,16.094,16.261,16.239,16.062,15.823,15.587,15.377,15.203,15.065,14.955,14.858,14.757,14.628,14.476,14.294,14.128,14.207,14.618,14.939,14.986,14.951,14.933,14.906,14.892,14.828,14.608,14.436,14.389,14.404,14.457,14.454,14.306,14.554,14.285,13.519,12.829,12.765,13.071,13.28,13.244,12.96,12.826,12.837,12.798,12.762,12.742,12.794,12.944,13.078,13.292,13.427,13.419,13.335,13.224,13.148,13.14,13.2,13.313,13.416,13.434,13.42,13.384
15.241,15.238,15.222,15.202,15.189,15.192,15.219,15.282,15.389,15.53,15.606,15.621,15.64,15.7,15.827,16.053,16.245,16.237,16.057,15.803,15.55,15.329,15.152,15.016,14.909,14.81,14.688,14.532,14.329,14.132,14.191,14.597,14.92,14.996,14.973,14.955,14.921,14.907,14.879,14.706,14.515,14.436,14.427,14.451,14.485,14.309,14.416,14.333,13.584,12.89,12.742,12.978,13.177,13.149,12.945,12.813,12.813,12.8,12.794,12.833,13.016,13.253,13.397,13.437,13.244,13.092,12.961,12.866,12.852,12.913,13.053,13.245,13.408,13.458,13.489,13.523
15.143,15.139,15.124,15.106,15.093,15.095,15.119,15.177,15.29,15.477,15.637,15.697,15.709,15.725,15.759,15.839,16.044,16.236,16.225,16.036,15.768,15.502,15.276,15.1,14.971,14.866,14.751,14.603,14.391,14.155,14.156,14.519,14.864,14.995,14.991,14.963,14.928,14.915,14.913,14.8,14.622,14.517,14.484,14.458,14.49,14.397,14.281,14.393,13.805,13.076,12.747,12.873,13.089,13.098,12.971,12.869,12.856,12.886,12.965,13.102,13.313,13.427,13.31,13.156,12.926,12.817,12.774,12.771,12.796,12.87,13.024,13.243,13.442,13.528,13.572,13.627
15.057,15.047,15.028,15.006,14.987,14.979,14.991,15.04,15.158,15.371,15.585,15.712,15.762,15.78,15.809,15.837,15.883,16.066,16.235,16.205,15.997,15.714,15.44,15.216,15.051,14.929,14.814,14.677,14.475,14.21,14.121,14.387,14.751,14.963,15.013,14.992,14.95,14.926,14.931,14.87,14.733,14.623,14.572,14.504,14.475,14.481,14.252,14.403,14.163,13.43,12.84,12.779,13.019,13.092,13.071,13.043,13.061,13.135,13.249,13.379,13.358,13.226,13.046,12.904,12.828,12.879,12.969,13.023,13.002,12.962,13.031,13.214,13.443,13.555,13.619,13.694
14.976,14.957,14.93,14.899,14.869,14.848,14.852,14.903,15.039,15.273,15.509,15.672,15.764,15.808,15.833,15.88,15.912,15.948,16.112,16.237,16.17,15.935,15.639,15.366,15.154,15.002,14.879,14.751,14.573,14.3,14.118,14.246,14.587,14.889,15.017,15.027,14.979,14.941,14.941,14.913,14.826,14.734,14.668,14.579,14.483,14.509,14.327,14.28,14.436,13.892,13.062,12.726,12.96,13.099,13.162,13.213,13.275,13.35,13.365,13.304,13.165,12.984,12.852,12.81,12.867,12.993,13.139,13.316,13.369,13.172,13.087,13.168,13.37,13.443,13.513,13.639
14.894,14.864,14.828,14.787,14.745,14.716,14.721,14.789,14.954,15.21,15.462,15.638,15.745,15.81,15.846,15.875,15.939,15.978,16.023,16.166,16.233,16.115,15.852,15.549,15.286,15.093,14.949,14.823,14.671,14.419,14.166,14.145,14.405,14.753,14.966,15.037,15.016,14.971,14.956,14.94,14.892,14.823,14.743,14.644,14.516,14.496,14.435,14.186,14.39,14.231,13.362,12.724,12.902,13.085,13.179,13.249,13.279,13.263,13.204,13.087,12.928,12.774,12.682,12.654,12.645,12.652,12.781,13.203,13.57,13.42,13.183,13.143,13.268,13.243,13.303,13.5
14.806,14.768,14.724,14.673,14.624,14.594,14.611,14.708,14.911,15.193,15.456,15.639,15.753,15.821,15.864,15.886,15.917,15.994,16.037,16.103,16.214,16.213,16.038,15.749,15.449,15.208,15.032,14.895,14.761,14.547,14.263,14.112,14.244,14.558,14.822,14.97,15.014,14.993,14.973,14.962,14.935,14.872,14.777,14.67,14.545,14.476,14.499,14.239,14.223,14.395,13.649,12.752,12.827,13.015,13.074,13.096,13.083,13.035,12.948,12.824,12.68,12.545,12.445,12.348,12.247,12.184,12.368,12.957,13.569,13.61,13.267,13.133,13.163,13.034,13.098,13.312
14.715,14.674,14.623,14.566,14.516,14.493,14.527,14.655,14.898,15.213,15.488,15.668,15.783,15.859,15.907,15.935,15.937,15.971,16.05,16.1,16.182,16.243,16.167,15.936,15.632,15.35,15.133,14.972,14.839,14.664,14.39,14.15,14.141,14.356,14.611,14.823,14.959,14.997,14.99,14.978,14.949,14.874,14.765,14.656,14.55,14.465,14.507,14.319,14.129,14.373,13.824,12.784,12.732,12.906,12.918,12.894,12.847,12.776,12.679,12.563,12.441,12.335,12.239,12.164,12.094,12.064,12.327,12.928,13.589,13.739,13.305,13.123,13.055,12.838,12.888,13.021
14.628,14.586,14.533,14.476,14.435,14.421,14.466,14.619,14.898,15.248,15.535,15.708,15.819,15.903,15.966,16.011,16.021,16.005,16.045,16.113,16.173,16.249,16.241,16.086,15.812,15.509,15.251,15.057,14.91,14.76,14.52,14.241,14.112,14.201,14.397,14.638,14.859,14.974,14.997,14.982,14.935,14.84,14.721,14.618,14.531,14.46,14.495,14.377,14.134,14.283,13.871,12.806,12.637,12.8,12.784,12.717,12.638,12.552,12.46,12.366,12.274,12.192,12.135,12.103,12.087,12.162,12.543,13.102,13.671,13.806,13.297,13.114,12.95,12.654,12.643,12.679
14.55,14.511,14.464,14.41,14.367,14.361,14.423,14.586,14.895,15.276,15.574,15.737,15.851,15.948,16.033,16.1,16.136,16.116,16.095,16.136,16.189,16.254,16.286,16.195,15.969,15.67,15.38,15.149,14.979,14.837,14.637,14.36,14.151,14.118,14.229,14.458,14.743,14.933,14.991,14.97,14.9,14.787,14.665,14.571,14.498,14.452,14.475,14.43,14.183,14.204,13.894,12.858,12.544,12.691,12.687,12.601,12.509,12.416,12.333,12.267,12.199,12.147,12.117,12.122,12.187,12.436,12.851,13.321,13.73,13.774,13.26,13.11,12.859,12.484,12.411,12.408
14.496,14.454,14.404,14.353,14.317,14.315,14.378,14.55,14.88,15.288,15.596,15.75,15.869,15.985,16.1,16.2,16.267,16.268,16.219,16.206,16.234,16.274,16.318,16.273,16.095,15.816,15.51,15.245,15.048,14.902,14.733,14.483,14.233,14.103,14.12,14.309,14.622,14.87,14.963,14.942,14.854,14.727,14.604,14.52,14.463,14.44,14.46,14.463,14.232,14.138,13.896,12.919,12.466,12.556,12.593,12.523,12.436,12.355,12.287,12.228,12.186,12.185,12.232,12.342,12.522,12.818,13.165,13.482,13.735,13.645,13.213,13.117,12.788,12.341,12.212,12.194
14.437,14.4,14.356,14.312,14.281,14.279,14.337,14.506,14.851,15.283,15.603,15.751,15.876,16.01,16.15,16.286,16.394,16.43,16.384,16.331,16.319,16.323,16.35,16.335,16.194,15.94,15.632,15.342,15.118,14.962,14.812,14.595,14.336,14.138,14.069,14.199,14.507,14.792,14.915,14.898,14.8,14.66,14.541,14.471,14.433,14.431,14.461,14.459,14.247,14.067,13.936,13.072,12.444,12.409,12.445,12.415,12.338,12.264,12.178,12.128,12.177,12.303,12.462,12.656,12.859,13.058,13.26,13.464,13.673,13.493,13.178,13.132,12.731,12.22,12.049,12.03
14.389,14.359,14.321,14.285,14.258,14.253,14.298,14.456,14.804,15.259,15.597,15.743,15.873,16.024,16.181,16.34,16.484,16.568,16.554,16.49,16.442,16.406,16.396,16.387,16.275,16.043,15.74,15.435,15.188,15.019,14.88,14.691,14.441,14.202,14.063,14.128,14.406,14.7,14.847,14.842,14.734,14.583,14.478,14.431,14.415,14.433,14.472,14.437,14.256,14.032,13.968,13.304,12.56,12.314,12.306,12.28,12.205,12.117,12.057,12.084,12.21,12.375,12.54,12.699,12.858,13.014,13.168,13.356,13.577,13.365,13.16,13.151,12.669,12.114,11.953,11.943
14.353,14.33,14.299,14.27,14.247,14.236,14.263,14.405,14.74,15.217,15.578,15.728,15.86,16.03,16.201,16.368,16.528,16.654,16.692,16.649,16.582,16.51,16.457,16.435,16.343,16.127,15.833,15.521,15.257,15.075,14.94,14.773,14.537,14.278,14.087,14.09,14.32,14.602,14.764,14.768,14.648,14.498,14.425,14.41,14.414,14.448,14.475,14.418,14.293,14.093,14.008,13.589,12.859,12.369,12.23,12.197,12.134,12.061,12.056,12.123,12.226,12.341,12.497,12.677,12.863,13.021,13.141,13.314,13.493,13.237,13.144,13.164,12.596,12.012,11.89,11.87
14.331,14.313,14.29,14.267,14.245,14.227,14.232,14.341,14.658,15.151,15.545,15.706,15.838,16.025,16.216,16.392,16.548,16.685,16.771,16.771,16.707,16.611,16.523,16.48,16.4,16.197,15.908,15.596,15.322,15.128,14.994,14.843,14.622,14.353,14.127,14.08,14.253,14.502,14.665,14.668,14.541,14.418,14.395,14.409,14.427,14.465,14.457,14.349,14.258,14.165,14.071,13.892,13.324,12.706,12.323,12.177,12.113,12.056,12.051,12.111,12.242,12.472,12.752,13.008,13.195,13.275,13.269,13.346,13.378,13.085,13.127,13.164,12.552,11.952,11.843,11.765
14.322,14.309,14.292,14.274,14.254,14.227,14.209,14.275,14.558,15.059,15.494,15.677,15.804,16.003,16.218,16.415,16.575,16.701,16.797,16.833,16.788,16.684,16.578,16.521,16.445,16.25,15.963,15.654,15.377,15.176,15.04,14.9,14.69,14.418,14.172,14.088,14.207,14.411,14.555,14.544,14.429,14.364,14.395,14.425,14.447,14.463,14.375,14.15,14.031,14.064,14.084,14.07,13.806,13.283,12.766,12.408,12.207,12.123,12.134,12.266,12.528,12.884,13.207,13.399,13.439,13.328,13.164,13.115,13.052,12.922,13.129,13.132,12.436,11.872,11.795,11.64
14.324,14.316,14.305,14.29,14.27,14.237,14.196,14.214,14.444,14.936,15.418,15.641,15.759,15.956,16.192,16.414,16.598,16.725,16.807,16.846,16.813,16.717,16.615,16.555,16.477,16.283,15.995,15.69,15.416,15.213,15.076,14.939,14.734,14.462,14.21,14.104,14.177,14.336,14.447,14.42,14.343,14.35,14.421,14.454,14.469,14.415,14.147,13.8,13.695,13.722,13.853,13.999,14.04,13.814,13.395,12.97,12.659,12.504,12.543,12.743,13.033,13.383,13.508,13.41,13.213,13.024,12.933,12.911,12.858,12.912,13.187,13.05,12.232,11.786,11.735,11.521
14.336,14.331,14.324,14.313,14.293,14.254,14.194,14.164,14.324,14.783,15.309,15.592,15.707,15.886,16.128,16.368,16.579,16.727,16.806,16.828,16.797,16.718,16.636,16.579,16.492,16.291,15.999,15.699,15.432,15.233,15.097,14.957,14.752,14.485,14.241,14.125,14.162,14.281,14.348,14.32,14.305,14.377,14.465,14.49,14.487,14.3,13.78,13.587,13.606,13.665,13.667,13.748,13.911,13.986,13.844,13.554,13.269,13.11,13.116,13.237,13.433,13.651,13.305,12.889,12.705,12.723,12.884,13.046,13.125,13.24,13.342,12.774,11.98,11.757,11.672,11.483
14.349,14.352,14.349,14.34,14.319,14.278,14.205,14.131,14.214,14.606,15.162,15.523,15.653,15.799,16.031,16.277,16.502,16.676,16.771,16.791,16.764,16.71,16.65,16.59,16.482,16.265,15.967,15.675,15.422,15.235,15.1,14.958,14.76,14.511,14.286,14.166,14.174,14.241,14.262,14.263,14.322,14.435,14.513,14.529,14.505,14.183,13.644,13.617,13.675,13.838,13.851,13.767,13.779,13.894,13.957,13.878,13.713,13.576,13.51,13.522,13.625,13.529,12.763,12.522,12.637,12.899,13.206,13.429,13.554,13.476,13.098,12.32,11.792,11.772,11.667,11.595
14.366,14.377,14.377,14.369,14.348,14.306,14.227,14.119,14.115,14.419,14.976,15.426,15.6,15.708,15.912,16.155,16.386,16.581,16.706,16.75,16.739,16.704,16.651,16.574,16.432,16.195,15.898,15.621,15.389,15.218,15.087,14.951,14.77,14.549,14.344,14.221,14.194,14.202,14.222,14.285,14.397,14.504,14.535,14.526,14.536,14.203,13.83,13.657,13.679,13.947,14.029,13.923,13.813,13.827,13.916,13.962,13.918,13.812,13.689,13.643,13.628,12.989,12.436,12.603,12.866,13.178,13.462,13.593,13.506,13.147,12.546,11.932,11.779,11.814,11.785,11.831
14.394,14.404,14.404,14.396,14.375,14.334,14.257,14.132,14.049,14.242,14.762,15.291,15.545,15.625,15.78,16.009,16.241,16.45,16.607,16.688,16.702,16.675,16.614,16.506,16.33,16.082,15.797,15.546,15.34,15.187,15.07,14.942,14.772,14.57,14.383,14.259,14.208,14.216,14.291,14.394,14.499,14.538,14.427,14.238,14.4,14.341,14.031,13.643,13.625,13.944,14.092,14.006,13.88,13.832,13.884,13.963,13.982,13.898,13.762,13.687,13.464,12.533,12.373,12.605,12.809,13.088,13.253,13.234,12.985,12.536,12.046,11.799,11.858,11.9,11.975,12.058
14.413,14.428,14.428,14.419,14.398,14.36,14.29,14.164,14.025,14.097,14.532,15.113,15.477,15.564,15.651,15.842,16.063,16.274,16.451,16.562,16.6,16.578,16.503,16.37,16.176,15.934,15.677,15.459,15.282,15.156,15.058,14.936,14.772,14.588,14.427,14.329,14.304,14.372,14.463,14.533,14.571,14.457,13.902,13.352,13.701,14.168,14.115,13.654,13.532,13.824,14.069,13.994,13.911,13.861,13.889,13.967,13.999,13.919,13.785,13.685,13.292,12.4,12.274,12.414,12.552,12.707,12.754,12.639,12.368,12.04,11.835,11.847,11.929,11.997,12.089,12.146
14.433,14.448,14.447,14.437,14.416,14.38,14.321,14.209,14.041,13.992,14.308,14.894,15.373,15.526,15.55,15.672,15.857,16.048,16.219,16.343,16.397,16.383,16.306,16.17,15.984,15.766,15.549,15.37,15.232,15.142,15.06,14.947,14.805,14.663,14.56,14.521,14.558,14.631,14.639,14.62,14.553,14.094,13.28,13.03,13.144,13.466,13.808,13.65,13.443,13.653,13.981,14.054,13.951,13.919,13.946,14.004,14.004,13.904,13.771,13.686,13.271,12.371,12.143,12.193,12.214,12.274,12.251,12.131,11.959,11.841,11.84,11.919,11.976,12.039,12.092,12.112
14.453,14.465,14.461,14.448,14.426,14.393,14.343,14.254,14.09,13.948,14.117,14.641,15.212,15.485,15.497,15.535,15.66,15.808,15.949,16.059,16.116,16.113,16.05,15.933,15.774,15.597,15.431,15.302,15.209,15.14,15.059,14.967,14.886,14.833,14.816,14.828,14.863,14.806,14.659,14.618,14.405,13.774,13.221,13.194,13.137,13.071,13.263,13.556,13.396,13.456,13.786,14.048,14.043,14.022,14.02,14.023,13.974,13.867,13.742,13.687,13.413,12.465,12.051,12.025,11.963,11.96,11.924,11.872,11.821,11.829,11.884,11.941,11.981,12.013,12.019,12.009
14.456,14.476,14.469,14.453,14.429,14.398,14.356,14.288,14.152,13.96,13.965,14.371,14.974,15.39,15.477,15.457,15.508,15.603,15.703,15.787,15.835,15.836,15.79,15.702,15.583,15.457,15.346,15.257,15.185,15.118,15.061,15.033,15.028,15.035,15.049,15.053,14.952,14.751,14.726,14.581,14.006,13.372,13.261,13.22,13.215,13.18,13.072,13.367,13.397,13.304,13.462,13.784,13.945,13.958,14.007,13.988,13.932,13.847,13.737,13.672,13.612,12.789,12.046,11.956,11.852,11.833,11.817,11.808,11.82,11.849,11.881,11.908,11.929,11.937,11.916,11.881
14.497,14.487,14.471,14.451,14.425,14.395,14.358,14.308,14.21,14.016,13.883,14.112,14.664,15.189,15.423,15.431,15.422,15.456,15.513,15.57,15.604,15.606,15.573,15.512,15.432,15.349,15.274,15.208,15.156,15.124,15.112,15.095,15.062,15.052,15.066,15,14.861,14.739,14.465,13.958,13.415,13.271,13.207,13.139,13.084,13.144,13.134,13.139,13.34,13.316,13.226,13.354,13.612,13.647,13.795,13.815,13.811,13.793,13.748,13.655,13.68,13.252,12.263,11.909,11.83,11.783,11.813,11.827,11.841,11.845,11.847,11.85,11.856,11.859,11.85,11.82
14.517,14.488,14.465,14.441,14.415,14.385,14.351,14.312,14.248,14.091,13.876,13.909,14.314,14.86,15.248,15.388,15.397,15.386,15.387,15.409,15.43,15.432,15.41,15.369,15.319,15.267,15.218,15.176,15.141,15.099,15.032,14.955,14.918,14.929,14.924,14.827,14.618,14.271,13.783,13.388,13.324,13.254,13.165,13.109,13.055,13.044,13.122,13.089,13.212,13.322,13.261,13.125,13.21,13.28,13.331,13.397,13.482,13.566,13.649,13.658,13.649,13.585,12.774,11.996,11.823,11.741,11.762,11.784,11.8,11.803,11.812,11.826,11.834,11.832,11.823,11.811
14.51,14.477,14.45,14.425,14.398,14.37,14.339,14.305,14.263,14.157,13.929,13.791,13.999,14.451,14.914,15.223,15.363,15.386,15.351,15.321,15.31,15.303,15.289,15.266,15.235,15.197,15.153,15.1,15.032,14.949,14.872,14.821,14.806,14.815,14.789,14.598,14.17,13.674,13.371,13.417,13.351,13.204,13.139,13.12,13.09,13.063,13.074,13.079,13.124,13.205,13.186,13.149,13.07,13.092,13.076,13.077,13.144,13.271,13.409,13.577,13.609,13.695,13.296,12.413,11.896,11.744,11.708,11.722,11.747,11.783,11.831,11.876,11.882,11.875,11.865,11.85
14.483,14.454,14.428,14.403,14.377,14.351,14.322,14.292,14.259,14.193,14.008,13.777,13.776,14.066,14.494,14.907,15.218,15.376,15.39,15.339,15.291,15.252,15.219,15.187,15.15,15.105,15.05,14.99,14.93,14.879,14.841,14.809,14.788,14.784,14.716,14.369,13.781,13.389,13.452,13.485,13.33,13.205,13.147,13.152,13.142,13.097,13.093,13.125,13.131,13.101,13.084,13.097,13.108,13.126,13.141,13.125,13.095,13.115,13.192,13.377,13.524,13.66,13.609,12.962,12.216,11.836,11.731,11.72,11.757,11.825,11.901,11.914,11.898,11.881,11.87,11.868
14.45,14.424,14.4,14.377,14.353,14.328,14.302,14.274,14.243,14.196,14.069,13.834,13.687,13.799,14.12,14.545,14.969,15.28,15.403,15.393,15.352,15.306,15.255,15.202,15.147,15.089,15.035,14.995,14.973,14.964,14.953,14.925,14.887,14.843,14.653,14.143,13.546,13.383,13.568,13.507,13.356,13.201,13.15,13.181,13.194,13.186,13.171,13.159,13.132,13.106,13.097,13.102,13.126,13.16,13.194,13.208,13.182,13.134,13.096,13.146,13.398,13.569,13.699,13.398,12.698,12.111,11.857,11.807,11.854,11.93,11.948,11.899,11.872,11.866,11.862,11.868
14.416,14.392,14.37,14.347,14.325,14.302,14.278,14.253,14.222,14.178,14.088,13.905,13.705,13.661,13.856,14.239,14.718,15.136,15.359,15.395,15.374,15.356,15.327,15.285,15.235,15.181,15.133,15.105,15.101,15.108,15.101,15.071,15.006,14.845,14.466,13.865,13.432,13.517,13.618,13.523,13.357,13.203,13.146,13.176,13.224,13.227,13.203,13.187,13.191,13.201,13.202,13.181,13.156,13.151,13.174,13.221,13.236,13.187,13.137,13.102,13.214,13.43,13.652,13.629,13.142,12.505,12.085,11.95,11.963,11.989,11.91,11.866,11.865,11.889,11.852,11.861
14.379,14.357,14.336,14.315,14.294,14.273,14.252,14.228,14.197,14.148,14.069,13.944,13.772,13.642,13.688,13.981,14.475,14.974,15.281,15.356,15.335,15.332,15.337,15.325,15.301,15.269,15.235,15.213,15.204,15.183,15.133,15.073,14.94,14.618,14.101,13.587,13.432,13.613,13.636,13.52,13.36,13.206,13.137,13.158,13.204,13.224,13.226,13.247,13.304,13.341,13.334,13.281,13.212,13.135,13.109,13.166,13.244,13.241,13.178,13.122,13.116,13.293,13.537,13.683,13.441,12.887,12.383,12.137,12.047,11.957,11.864,11.865,11.861,11.869,11.97,12.212
14.338,14.319,14.3,14.281,14.262,14.242,14.222,14.199,14.169,14.114,14.031,13.939,13.828,13.698,13.628,13.771,14.181,14.715,15.094,15.207,15.184,15.2,15.261,15.298,15.299,15.288,15.273,15.261,15.234,15.13,14.96,14.821,14.606,14.183,13.684,13.406,13.495,13.65,13.662,13.491,13.358,13.207,13.128,13.135,13.17,13.183,13.189,13.222,13.326,13.399,13.386,13.347,13.318,13.181,13.074,13.1,13.204,13.268,13.236,13.157,13.122,13.222,13.418,13.641,13.594,13.179,12.668,12.33,12.117,11.917,11.857,11.856,11.882,11.996,12.212,12.505
14.297,14.281,14.264,14.246,14.228,14.209,14.19,14.168,14.138,14.079,13.989,13.908,13.847,13.772,13.665,13.639,13.862,14.316,14.722,14.858,14.83,14.879,15.041,15.179,15.24,15.265,15.275,15.274,15.198,14.939,14.607,14.377,14.107,13.706,13.375,13.342,13.564,13.733,13.66,13.452,13.341,13.209,13.122,13.118,13.142,13.12,13.106,13.168,13.285,13.336,13.272,13.29,13.405,13.295,13.12,13.104,13.202,13.266,13.287,13.235,13.185,13.242,13.37,13.585,13.651,13.36,12.882,12.473,12.119,11.873,11.853,11.872,11.962,12.126,12.352,12.679
14.257,14.243,14.227,14.21,14.193,14.175,14.156,14.134,14.104,14.045,13.952,13.874,13.833,13.811,13.751,13.643,13.643,13.884,14.235,14.4,14.394,14.482,14.718,14.951,15.112,15.219,15.274,15.26,15.068,14.635,14.176,13.875,13.601,13.32,13.202,13.396,13.701,13.8,13.598,13.421,13.31,13.209,13.128,13.105,13.131,13.117,13.094,13.192,13.258,13.177,13.042,13.21,13.415,13.393,13.208,13.173,13.276,13.298,13.314,13.336,13.293,13.313,13.397,13.564,13.663,13.454,13.019,12.496,11.984,11.85,11.861,11.901,11.988,12.129,12.465,12.81
14.219,14.206,14.191,14.175,14.158,14.14,14.121,14.099,14.068,14.013,13.923,13.846,13.807,13.801,13.804,13.74,13.61,13.606,13.813,14.025,14.087,14.179,14.423,14.723,14.975,15.168,15.239,15.143,14.823,14.287,13.771,13.448,13.212,13.089,13.226,13.596,13.857,13.752,13.502,13.382,13.28,13.206,13.132,13.105,13.119,13.119,13.127,13.229,13.182,12.963,12.91,13.211,13.413,13.436,13.278,13.256,13.38,13.37,13.354,13.43,13.425,13.425,13.471,13.581,13.668,13.485,13,12.292,11.863,11.847,11.849,11.858,11.893,12.144,12.583,12.899
14.183,14.171,14.157,14.141,14.124,14.106,14.086,14.062,14.031,13.98,13.898,13.819,13.771,13.754,13.777,13.805,13.726,13.559,13.551,13.727,13.859,13.916,14.117,14.455,14.769,14.991,15.039,14.862,14.488,13.956,13.457,13.151,13.009,13.101,13.471,13.844,13.879,13.649,13.439,13.333,13.257,13.205,13.129,13.097,13.101,13.106,13.153,13.218,13.068,12.798,12.889,13.186,13.389,13.441,13.311,13.331,13.476,13.449,13.417,13.511,13.541,13.527,13.554,13.634,13.676,13.396,12.719,11.968,11.828,11.839,11.818,11.801,11.82,12.256,12.72,12.9
14.15,14.138,14.124,14.109,14.092,14.073,14.051,14.025,13.992,13.943,13.864,13.775,13.709,13.68,13.697,13.762,13.817,13.705,13.494,13.478,13.615,13.674,13.757,14.027,14.325,14.526,14.574,14.401,14.058,13.625,13.236,13.014,13.047,13.377,13.795,13.955,13.812,13.548,13.379,13.28,13.24,13.211,13.149,13.104,13.102,13.11,13.176,13.198,12.984,12.71,12.855,13.111,13.332,13.426,13.323,13.403,13.55,13.518,13.5,13.585,13.618,13.614,13.65,13.692,13.564,13.023,12.215,11.791,11.834,11.821,11.787,11.72,11.948,12.469,12.86,12.759
14.118,14.107,14.093,14.078,14.061,14.041,14.018,13.99,13.952,13.898,13.807,13.7,13.62,13.584,13.601,13.665,13.769,13.839,13.67,13.412,13.39,13.47,13.437,13.521,13.721,13.861,13.896,13.785,13.547,13.283,13.079,13.07,13.334,13.739,13.978,13.944,13.766,13.457,13.302,13.235,13.23,13.223,13.18,13.129,13.11,13.13,13.2,13.185,12.951,12.698,12.849,13.058,13.277,13.397,13.334,13.47,13.602,13.581,13.593,13.659,13.686,13.692,13.694,13.576,13.16,12.41,11.842,11.801,11.855,11.822,11.793,11.836,12.268,12.758,12.917,12.525
14.088,14.077,14.064,14.049,14.032,14.012,13.987,13.955,13.91,13.842,13.724,13.608,13.535,13.505,13.523,13.584,13.674,13.803,13.856,13.611,13.296,13.302,13.293,13.192,13.219,13.271,13.283,13.253,13.165,13.1,13.145,13.359,13.709,13.958,14.013,13.948,13.648,13.363,13.229,13.212,13.229,13.234,13.21,13.161,13.145,13.174,13.222,13.17,12.94,12.794,12.934,13.065,13.261,13.365,13.344,13.511,13.633,13.638,13.669,13.714,13.714,13.676,13.547,13.201,12.564,11.94,11.776,11.868,11.869,11.839,11.892,12.236,12.762,12.964,12.824,12.37
14.059,14.049,14.037,14.023,14.006,13.985,13.958,13.922,13.868,13.779,13.643,13.55,13.499,13.477,13.497,13.551,13.626,13.725,13.844,13.853,13.467,13.171,13.221,13.156,13.089,13.077,13.092,13.121,13.177,13.288,13.477,13.73,13.918,14,14.032,13.929,13.499,13.254,13.185,13.205,13.229,13.235,13.225,13.209,13.212,13.236,13.226,13.129,12.958,12.963,13.047,13.113,13.283,13.337,13.339,13.505,13.64,13.674,13.694,13.7,13.64,13.502,13.218,12.692,12.077,11.737,11.774,11.843,11.881,12.08,12.419,12.868,13.13,12.807,12.508,12.661
14.032,14.023,14.012,13.999,13.982,13.96,13.932,13.891,13.828,13.721,13.609,13.564,13.521,13.496,13.521,13.575,13.641,13.705,13.799,13.86,13.789,13.285,13.138,13.158,13.147,13.183,13.247,13.334,13.468,13.63,13.784,13.884,13.943,14.008,14.044,13.764,13.351,13.177,13.171,13.206,13.227,13.233,13.228,13.22,13.206,13.181,13.134,13.066,13.031,13.103,13.087,13.172,13.323,13.303,13.296,13.441,13.614,13.683,13.672,13.623,13.482,13.232,12.837,12.282,11.799,11.641,11.733,11.874,12.289,12.683,13.002,13.23,12.93,12.236,12.292,12.504
14.008,14,13.989,13.976,13.96,13.939,13.909,13.865,13.798,13.694,13.646,13.622,13.55,13.519,13.567,13.633,13.697,13.75,13.793,13.855,13.859,13.682,13.22,13.172,13.215,13.26,13.354,13.495,13.658,13.797,13.858,13.898,13.947,14.019,13.968,13.528,13.208,13.144,13.175,13.211,13.245,13.264,13.258,13.237,13.207,13.176,13.161,13.17,13.209,13.127,13.085,13.249,13.348,13.259,13.218,13.343,13.562,13.68,13.66,13.576,13.38,13.068,12.628,12.139,11.809,11.797,11.927,12.383,12.856,13.014,13.102,13.011,12.19,11.94,12.023,11.942
13.987,13.978,13.968,13.956,13.94,13.92,13.89,13.842,13.777,13.719,13.714,13.653,13.54,13.535,13.622,13.695,13.761,13.821,13.851,13.878,13.874,13.789,13.511,13.265,13.164,13.205,13.314,13.413,13.537,13.67,13.743,13.816,13.909,13.96,13.7,13.288,13.124,13.148,13.19,13.242,13.301,13.323,13.308,13.328,13.372,13.409,13.419,13.392,13.25,13.035,13.126,13.321,13.331,13.198,13.136,13.28,13.515,13.665,13.672,13.6,13.43,13.132,12.742,12.381,12.274,12.475,12.512,13.018,12.93,12.609,12.629,12.294,11.899,11.873,11.748,11.596
13.967,13.958,13.949,13.937,13.923,13.902,13.866,13.833,13.789,13.773,13.763,13.613,13.502,13.566,13.682,13.77,13.853,13.928,13.948,13.936,13.902,13.817,13.724,13.557,13.384,13.279,13.252,13.262,13.317,13.422,13.53,13.672,13.813,13.729,13.342,13.11,13.113,13.174,13.23,13.3,13.328,13.262,13.156,13.137,13.202,13.35,13.472,13.405,13.158,13.023,13.183,13.305,13.216,13.054,13.066,13.262,13.476,13.63,13.671,13.62,13.508,13.288,13.023,12.814,13.1,13.159,13.125,13.412,12.233,11.72,11.887,11.858,11.872,11.872,11.842,11.788
13.946,13.938,13.93,13.92,13.907,13.879,13.862,13.842,13.825,13.839,13.74,13.518,13.482,13.642,13.748,13.829,13.959,14.061,14.068,14.014,13.944,13.832,13.777,13.761,13.685,13.608,13.551,13.492,13.471,13.495,13.575,13.714,13.711,13.347,13.088,13.075,13.15,13.213,13.278,13.308,13.24,13.103,12.968,12.905,12.947,13.147,13.399,13.385,13.13,13.037,13.149,13.143,12.957,12.867,12.974,13.119,13.297,13.519,13.657,13.66,13.603,13.502,13.383,13.374,13.357,12.838,12.689,12.321,11.806,11.946,11.855,11.78,0,0,0,0
13.925,13.918,13.912,13.904,13.893,13.871,13.863,13.858,13.865,13.856,13.635,13.418,13.529,13.721,13.776,13.882,14.074,14.188,14.17,14.074,13.975,13.835,13.761,13.787,13.811,13.812,13.782,13.72,13.681,13.722,13.796,13.742,13.36,13.025,13.046,13.126,13.192,13.252,13.28,13.228,13.132,13.031,12.913,12.807,12.808,12.98,13.283,13.374,13.141,13.013,12.972,12.829,12.707,12.722,12.741,12.769,12.939,13.247,13.514,13.597,13.595,13.558,13.421,13.126,12.694,12.3,12.181,12.059,0,0,0,0,0,0,0,0
13.903,13.898,13.893,13.887,13.875,13.865,13.867,13.877,13.889,13.806,13.492,13.38,13.603,13.76,13.776,13.924,14.141,14.223,14.177,14.085,13.972,13.81,13.714,13.727,13.775,13.827,13.842,13.815,13.785,13.812,13.696,13.267,12.947,13.027,13.114,13.168,13.225,13.253,13.217,13.172,13.16,13.11,12.982,12.828,12.754,12.835,13.091,13.371,13.205,12.936,12.754,12.599,12.571,12.595,12.549,12.512,12.596,12.893,13.231,13.372,13.385,13.301,13.048,12.631,12.218,12.028,0,0,0,0,0,0,0,0,0,0
13.881,13.878,13.875,13.871,13.857,13.86,13.871,13.889,13.881,13.699,13.364,13.389,13.66,13.764,13.763,13.909,14.097,14.158,14.124,14.043,13.913,13.743,13.654,13.687,13.777,13.85,13.877,13.859,13.774,13.499,13.07,12.901,13.036,13.108,13.147,13.204,13.228,13.214,13.192,13.225,13.268,13.24,13.116,12.917,12.757,12.757,12.883,13.153,13.228,12.954,12.821,12.822,12.859,12.824,12.786,12.618,12.437,12.586,12.836,12.925,12.925,12.847,12.565,12.225,12.062,0,0,0,0,0,0,0,0,0,0,0
13.861,13.857,13.856,13.855,13.845,13.853,13.871,13.888,13.839,13.569,13.281,13.411,13.683,13.762,13.73,13.818,13.979,14.051,14.015,13.925,13.782,13.643,13.63,13.739,13.848,13.877,13.82,13.582,13.177,12.92,12.967,13.104,13.122,13.122,13.173,13.211,13.2,13.175,13.183,13.245,13.305,13.32,13.24,13.03,12.799,12.759,12.908,12.98,13.161,13.062,12.928,12.985,13.033,13.051,13.279,12.95,12.427,12.483,12.608,12.709,12.691,12.553,12.305,12.136,0,0,0,0,0,0,0,0,0,0,0,0
13.841,13.837,13.836,13.836,13.831,13.843,13.865,13.874,13.773,13.447,13.231,13.412,13.678,13.768,13.709,13.696,13.773,13.827,13.797,13.718,13.637,13.634,13.751,13.867,13.836,13.57,13.19,12.983,13.01,13.151,13.24,13.264,13.237,13.169,13.139,13.176,13.141,13.097,13.108,13.156,13.227,13.314,13.343,13.188,12.89,12.756,12.949,13.08,13.098,13.118,13.045,13.039,13.061,12.935,13.124,12.602,12.31,12.436,12.455,12.536,12.591,12.541,12.305,12.2,0,0,0,0,0,0,0,0,0,0,0,0
