15.133,15.134,15.136,15.136,15.136,15.135,15.134,15.133,15.134,15.137,15.141,15.145,15.15,15.155,15.16,15.165,15.169,15.174,15.178,15.183,15.187,15.191,15.195,15.2,15.205,15.21,15.215,15.22,15.225,15.229,15.233,15.237,15.24,15.243,15.246,15.248,15.25,15.252,15.253,15.255,15.255,15.256,15.256,15.256,15.256,15.256,15.255,15.254,15.253,15.252,15.25,15.248,15.246,15.243,15.24,15.237,15.233,15.23,15.225,15.221,15.216,15.211,15.205,15.2,15.193,15.187,15.18,15.174,15.166,15.159,15.15,15.141,15.132,15.121,15.11,15.099
15.133,15.134,15.136,15.137,15.136,15.136,15.135,15.135,15.136,15.139,15.142,15.146,15.151,15.156,15.16,15.165,15.169,15.174,15.178,15.183,15.187,15.191,15.196,15.2,15.205,15.21,15.215,15.22,15.225,15.229,15.233,15.237,15.24,15.243,15.246,15.248,15.25,15.252,15.253,15.255,15.255,15.256,15.256,15.256,15.256,15.256,15.255,15.254,15.253,15.252,15.25,15.248,15.246,15.243,15.24,15.237,15.233,15.23,15.225,15.221,15.216,15.211,15.205,15.199,15.193,15.187,15.18,15.173,15.166,15.158,15.149,15.14,15.13,15.12,15.109,15.096
15.134,15.135,15.136,15.137,15.137,15.136,15.136,15.136,15.138,15.14,15.143,15.147,15.151,15.156,15.16,15.165,15.169,15.174,15.178,15.183,15.187,15.191,15.196,15.201,15.205,15.21,15.215,15.22,15.225,15.229,15.233,15.237,15.24,15.243,15.246,15.248,15.25,15.252,15.253,15.255,15.255,15.256,15.256,15.256,15.256,15.256,15.255,15.254,15.253,15.252,15.25,15.248,15.246,15.243,15.24,15.237,15.233,15.23,15.225,15.221,15.216,15.211,15.205,15.199,15.193,15.187,15.18,15.173,15.165,15.157,15.149,15.14,15.13,15.119,15.108,15.096
15.135,15.136,15.137,15.137,15.137,15.136,15.136,15.137,15.138,15.141,15.144,15.147,15.152,15.156,15.16,15.165,15.169,15.174,15.178,15.183,15.187,15.191,15.196,15.201,15.205,15.21,15.215,15.22,15.225,15.229,15.233,15.237,15.24,15.243,15.246,15.248,15.25,15.252,15.253,15.255,15.255,15.256,15.256,15.256,15.256,15.256,15.255,15.254,15.253,15.252,15.25,15.248,15.246,15.243,15.24,15.237,15.233,15.23,15.225,15.221,15.216,15.211,15.205,15.2,15.193,15.187,15.18,15.173,15.165,15.157,15.148,15.139,15.13,15.119,15.108,15.097
15.136,15.137,15.137,15.138,15.137,15.136,15.136,15.137,15.138,15.141,15.144,15.148,15.152,15.156,15.16,15.165,15.169,15.174,15.178,15.183,15.187,15.191,15.196,15.201,15.205,15.21,15.215,15.22,15.225,15.229,15.233,15.237,15.24,15.243,15.246,15.248,15.25,15.252,15.254,15.255,15.256,15.256,15.257,15.257,15.256,15.256,15.255,15.254,15.253,15.252,15.25,15.248,15.246,15.243,15.24,15.237,15.234,15.23,15.226,15.221,15.216,15.211,15.205,15.2,15.194,15.187,15.18,15.173,15.165,15.157,15.149,15.14,15.13,15.12,15.11,15.099
15.137,15.137,15.138,15.138,15.137,15.136,15.136,15.136,15.138,15.141,15.144,15.148,15.152,15.156,15.16,15.165,15.169,15.174,15.178,15.182,15.187,15.191,15.196,15.201,15.205,15.21,15.215,15.22,15.225,15.229,15.233,15.237,15.24,15.243,15.246,15.249,15.251,15.252,15.254,15.255,15.256,15.256,15.257,15.257,15.257,15.256,15.256,15.255,15.253,15.252,15.25,15.248,15.246,15.243,15.24,15.237,15.234,15.23,15.226,15.221,15.216,15.211,15.206,15.2,15.194,15.187,15.181,15.173,15.166,15.158,15.149,15.14,15.131,15.122,15.112,15.102
15.137,15.138,15.138,15.138,15.137,15.136,15.135,15.136,15.138,15.14,15.144,15.148,15.152,15.156,15.16,15.165,15.169,15.174,15.178,15.182,15.187,15.191,15.196,15.2,15.205,15.21,15.215,15.22,15.225,15.229,15.233,15.237,15.24,15.244,15.246,15.249,15.251,15.252,15.254,15.255,15.256,15.257,15.257,15.257,15.257,15.256,15.256,15.255,15.254,15.252,15.25,15.248,15.246,15.244,15.241,15.238,15.234,15.23,15.226,15.221,15.217,15.212,15.206,15.2,15.194,15.188,15.181,15.174,15.166,15.159,15.15,15.142,15.133,15.124,15.114,15.105
15.138,15.138,15.139,15.138,15.137,15.136,15.134,15.135,15.137,15.14,15.144,15.148,15.152,15.156,15.161,15.165,15.169,15.173,15.178,15.182,15.186,15.191,15.196,15.2,15.205,15.21,15.215,15.22,15.225,15.229,15.233,15.237,15.241,15.244,15.247,15.249,15.251,15.253,15.254,15.255,15.256,15.257,15.257,15.257,15.257,15.257,15.256,15.255,15.254,15.253,15.251,15.249,15.247,15.244,15.241,15.238,15.234,15.231,15.226,15.222,15.217,15.212,15.207,15.201,15.195,15.189,15.182,15.175,15.167,15.16,15.152,15.143,15.135,15.126,15.117,15.109
15.138,15.139,15.139,15.139,15.137,15.136,15.134,15.134,15.136,15.14,15.144,15.148,15.152,15.156,15.161,15.165,15.169,15.173,15.178,15.182,15.186,15.191,15.195,15.2,15.205,15.21,15.215,15.22,15.225,15.229,15.234,15.238,15.241,15.244,15.247,15.249,15.252,15.253,15.255,15.256,15.257,15.258,15.258,15.258,15.258,15.257,15.257,15.256,15.255,15.253,15.251,15.249,15.247,15.245,15.242,15.239,15.235,15.231,15.227,15.222,15.218,15.213,15.208,15.202,15.196,15.19,15.183,15.176,15.169,15.161,15.154,15.146,15.138,15.129,15.121,15.114
15.138,15.14,15.14,15.139,15.138,15.136,15.135,15.134,15.135,15.139,15.145,15.149,15.153,15.157,15.161,15.165,15.169,15.173,15.177,15.182,15.186,15.19,15.195,15.2,15.205,15.21,15.215,15.22,15.225,15.23,15.234,15.238,15.242,15.245,15.248,15.25,15.252,15.254,15.256,15.257,15.258,15.258,15.259,15.259,15.259,15.258,15.258,15.257,15.256,15.254,15.252,15.25,15.248,15.245,15.243,15.239,15.236,15.232,15.228,15.224,15.219,15.214,15.209,15.204,15.198,15.192,15.185,15.178,15.171,15.164,15.157,15.15,15.142,15.134,15.126,15.12
15.139,15.141,15.141,15.14,15.139,15.137,15.136,15.135,15.136,15.141,15.147,15.152,15.155,15.159,15.162,15.166,15.17,15.174,15.178,15.182,15.186,15.191,15.196,15.201,15.206,15.211,15.217,15.222,15.227,15.231,15.236,15.239,15.243,15.246,15.249,15.251,15.254,15.255,15.257,15.258,15.259,15.26,15.26,15.261,15.26,15.26,15.259,15.259,15.257,15.256,15.254,15.252,15.25,15.247,15.245,15.241,15.238,15.234,15.23,15.226,15.222,15.217,15.212,15.207,15.201,15.195,15.188,15.181,15.175,15.17,15.165,15.159,15.149,15.134,15.123,15.124
15.14,15.141,15.142,15.141,15.14,15.139,15.138,15.138,15.139,15.145,15.153,15.157,15.16,15.163,15.166,15.17,15.173,15.177,15.181,15.185,15.189,15.194,15.199,15.204,15.209,15.215,15.22,15.225,15.23,15.234,15.239,15.242,15.246,15.249,15.252,15.254,15.256,15.258,15.26,15.262,15.263,15.263,15.264,15.264,15.264,15.264,15.263,15.262,15.261,15.26,15.258,15.256,15.254,15.252,15.249,15.246,15.243,15.24,15.236,15.232,15.227,15.223,15.218,15.212,15.206,15.199,15.193,15.189,15.185,15.178,15.161,15.138,15.133,15.174,15.257,15.349
15.141,15.142,15.142,15.142,15.142,15.141,15.141,15.141,15.144,15.151,15.16,15.164,15.166,15.169,15.172,15.175,15.178,15.182,15.185,15.19,15.194,15.199,15.204,15.209,15.214,15.219,15.224,15.229,15.234,15.238,15.242,15.246,15.249,15.252,15.255,15.258,15.26,15.262,15.264,15.265,15.266,15.267,15.268,15.268,15.268,15.268,15.268,15.267,15.266,15.265,15.263,15.262,15.26,15.257,15.255,15.252,15.249,15.245,15.242,15.238,15.233,15.228,15.222,15.216,15.21,15.205,15.201,15.194,15.179,15.155,15.148,15.199,15.323,15.484,15.622,15.704
15.14,15.142,15.144,15.144,15.144,15.144,15.144,15.146,15.15,15.158,15.168,15.17,15.172,15.175,15.177,15.18,15.183,15.187,15.191,15.195,15.199,15.204,15.209,15.214,15.219,15.224,15.229,15.234,15.239,15.243,15.247,15.25,15.254,15.257,15.259,15.262,15.264,15.266,15.268,15.269,15.271,15.271,15.272,15.272,15.273,15.273,15.273,15.272,15.271,15.27,15.269,15.268,15.266,15.263,15.261,15.258,15.255,15.251,15.247,15.243,15.238,15.232,15.226,15.221,15.216,15.211,15.201,15.181,15.162,15.183,15.287,15.459,15.622,15.711,15.755,15.806
15.14,15.143,15.145,15.147,15.147,15.148,15.149,15.151,15.156,15.166,15.176,15.178,15.18,15.182,15.184,15.187,15.19,15.193,15.196,15.2,15.205,15.209,15.214,15.219,15.224,15.23,15.235,15.239,15.244,15.248,15.252,15.256,15.259,15.262,15.264,15.267,15.269,15.271,15.273,15.274,15.276,15.277,15.277,15.278,15.278,15.278,15.278,15.278,15.277,15.276,15.275,15.273,15.272,15.269,15.267,15.264,15.261,15.257,15.253,15.248,15.243,15.237,15.232,15.227,15.222,15.21,15.189,15.176,15.214,15.337,15.51,15.643,15.702,15.736,15.803,15.884
15.141,15.146,15.148,15.15,15.151,15.152,15.154,15.157,15.163,15.173,15.184,15.186,15.188,15.19,15.192,15.194,15.197,15.2,15.203,15.207,15.211,15.216,15.22,15.225,15.231,15.236,15.241,15.245,15.25,15.254,15.258,15.261,15.264,15.267,15.27,15.272,15.274,15.276,15.278,15.28,15.281,15.282,15.283,15.284,15.284,15.284,15.284,15.284,15.283,15.282,15.281,15.279,15.278,15.275,15.273,15.27,15.267,15.263,15.259,15.254,15.248,15.244,15.239,15.234,15.221,15.2,15.187,15.225,15.346,15.514,15.64,15.687,15.706,15.762,15.845,15.902
15.145,15.15,15.153,15.155,15.157,15.158,15.16,15.163,15.169,15.181,15.192,15.194,15.195,15.197,15.199,15.201,15.204,15.207,15.21,15.214,15.218,15.223,15.227,15.232,15.237,15.242,15.247,15.251,15.256,15.26,15.263,15.266,15.27,15.272,15.275,15.277,15.279,15.282,15.284,15.285,15.287,15.288,15.289,15.29,15.29,15.29,15.29,15.29,15.289,15.288,15.287,15.286,15.284,15.282,15.28,15.277,15.274,15.27,15.265,15.26,15.256,15.252,15.247,15.235,15.214,15.196,15.223,15.333,15.5,15.643,15.706,15.72,15.754,15.809,15.837,15.855
15.153,15.156,15.159,15.161,15.163,15.164,15.167,15.17,15.176,15.187,15.198,15.201,15.202,15.204,15.206,15.208,15.211,15.214,15.217,15.221,15.225,15.23,15.234,15.239,15.244,15.248,15.253,15.257,15.261,15.265,15.268,15.272,15.275,15.278,15.28,15.283,15.285,15.287,15.289,15.291,15.292,15.294,15.295,15.295,15.296,15.296,15.296,15.296,15.295,15.294,15.293,15.292,15.291,15.289,15.286,15.284,15.281,15.277,15.273,15.27,15.266,15.261,15.25,15.229,15.207,15.218,15.308,15.474,15.649,15.758,15.803,15.839,15.893,15.906,15.853,15.814
15.162,15.164,15.167,15.168,15.17,15.172,15.174,15.177,15.183,15.193,15.204,15.207,15.208,15.21,15.212,15.214,15.217,15.22,15.224,15.228,15.232,15.236,15.241,15.245,15.25,15.254,15.258,15.262,15.266,15.27,15.274,15.277,15.28,15.283,15.286,15.288,15.291,15.293,15.295,15.297,15.298,15.299,15.3,15.301,15.302,15.302,15.302,15.302,15.301,15.3,15.299,15.298,15.297,15.295,15.293,15.29,15.288,15.285,15.282,15.279,15.274,15.265,15.246,15.221,15.216,15.277,15.428,15.629,15.797,15.894,15.946,15.992,16.017,15.977,15.89,15.828
15.172,15.174,15.175,15.177,15.178,15.18,15.182,15.185,15.191,15.2,15.209,15.212,15.213,15.215,15.217,15.22,15.223,15.226,15.23,15.234,15.238,15.242,15.246,15.251,15.255,15.259,15.264,15.268,15.272,15.275,15.279,15.282,15.286,15.289,15.291,15.294,15.296,15.298,15.3,15.302,15.304,15.305,15.306,15.306,15.307,15.307,15.307,15.307,15.306,15.306,15.305,15.303,15.302,15.3,15.299,15.297,15.294,15.292,15.289,15.286,15.278,15.262,15.237,15.22,15.25,15.368,15.567,15.781,15.94,16.026,16.066,16.083,16.073,16.028,15.965,15.914
15.183,15.184,15.185,15.186,15.187,15.188,15.19,15.193,15.198,15.206,15.215,15.218,15.219,15.221,15.223,15.226,15.229,15.232,15.236,15.239,15.243,15.248,15.252,15.256,15.261,15.265,15.269,15.273,15.277,15.281,15.284,15.288,15.291,15.294,15.297,15.299,15.302,15.304,15.306,15.307,15.309,15.31,15.311,15.312,15.312,15.312,15.312,15.312,15.312,15.311,15.31,15.309,15.307,15.306,15.304,15.302,15.3,15.297,15.294,15.288,15.275,15.254,15.231,15.236,15.311,15.479,15.704,15.913,16.048,16.103,16.111,16.11,16.115,16.103,16.06,16.02
15.194,15.194,15.195,15.195,15.196,15.198,15.199,15.202,15.206,15.213,15.222,15.224,15.225,15.227,15.23,15.232,15.235,15.238,15.242,15.246,15.25,15.254,15.258,15.262,15.266,15.27,15.274,15.278,15.282,15.286,15.289,15.293,15.296,15.299,15.302,15.304,15.306,15.309,15.31,15.312,15.314,15.315,15.316,15.317,15.317,15.318,15.318,15.318,15.317,15.316,15.316,15.315,15.313,15.312,15.31,15.307,15.304,15.3,15.295,15.285,15.268,15.246,15.236,15.273,15.391,15.592,15.82,16.004,16.101,16.118,16.11,16.122,16.126,16.076,16.005,15.966
15.205,15.205,15.205,15.205,15.206,15.207,15.208,15.21,15.213,15.22,15.228,15.231,15.232,15.234,15.237,15.239,15.242,15.245,15.249,15.252,15.256,15.26,15.264,15.268,15.272,15.276,15.28,15.284,15.287,15.291,15.294,15.297,15.3,15.303,15.306,15.309,15.311,15.313,15.316,15.317,15.319,15.321,15.322,15.323,15.324,15.324,15.324,15.324,15.324,15.323,15.323,15.322,15.321,15.319,15.316,15.313,15.308,15.303,15.295,15.282,15.263,15.246,15.256,15.325,15.477,15.692,15.906,16.052,16.105,16.1,16.098,16.103,16.051,15.944,15.852,15.818
15.215,15.215,15.215,15.216,15.216,15.217,15.217,15.218,15.221,15.226,15.233,15.238,15.239,15.241,15.243,15.246,15.249,15.252,15.255,15.259,15.263,15.266,15.27,15.274,15.278,15.281,15.285,15.288,15.292,15.295,15.298,15.302,15.305,15.308,15.311,15.314,15.317,15.319,15.322,15.324,15.326,15.327,15.329,15.33,15.331,15.332,15.332,15.332,15.332,15.332,15.332,15.331,15.33,15.328,15.324,15.319,15.314,15.307,15.298,15.281,15.262,15.255,15.286,15.383,15.558,15.773,15.959,16.064,16.086,16.078,16.076,16.039,15.929,15.793,15.695,15.666
15.226,15.226,15.226,15.226,15.226,15.226,15.227,15.227,15.227,15.23,15.236,15.242,15.243,15.246,15.249,15.252,15.255,15.258,15.261,15.265,15.268,15.272,15.275,15.279,15.282,15.286,15.289,15.293,15.296,15.299,15.303,15.306,15.31,15.313,15.316,15.32,15.323,15.326,15.328,15.331,15.333,15.335,15.337,15.338,15.34,15.341,15.342,15.342,15.343,15.343,15.344,15.344,15.342,15.34,15.335,15.328,15.321,15.315,15.304,15.286,15.267,15.269,15.319,15.438,15.625,15.831,15.989,16.06,16.065,16.054,16.029,15.943,15.801,15.665,15.582,15.572
15.237,15.237,15.237,15.237,15.237,15.236,15.236,15.235,15.234,15.234,15.237,15.244,15.246,15.249,15.252,15.256,15.259,15.262,15.266,15.269,15.273,15.276,15.279,15.283,15.286,15.29,15.293,15.297,15.3,15.304,15.308,15.311,15.315,15.319,15.322,15.326,15.329,15.333,15.336,15.338,15.341,15.343,15.345,15.348,15.349,15.351,15.353,15.355,15.357,15.358,15.359,15.359,15.357,15.353,15.347,15.339,15.33,15.323,15.315,15.298,15.277,15.286,15.35,15.482,15.674,15.87,16.003,16.049,16.041,16.017,15.958,15.843,15.708,15.617,15.603,15.645
15.248,15.248,15.248,15.247,15.247,15.247,15.246,15.244,15.241,15.237,15.237,15.244,15.247,15.25,15.254,15.258,15.261,15.265,15.269,15.272,15.276,15.279,15.282,15.286,15.29,15.293,15.297,15.301,15.305,15.309,15.313,15.317,15.321,15.325,15.329,15.332,15.336,15.34,15.343,15.346,15.349,15.353,15.356,15.359,15.362,15.365,15.369,15.372,15.374,15.376,15.376,15.375,15.372,15.367,15.359,15.349,15.338,15.331,15.329,15.316,15.294,15.304,15.374,15.512,15.704,15.892,16.007,16.033,16.01,15.964,15.88,15.764,15.67,15.651,15.703,15.762
15.259,15.259,15.259,15.258,15.258,15.257,15.256,15.253,15.249,15.242,15.239,15.245,15.247,15.251,15.255,15.259,15.263,15.267,15.271,15.274,15.278,15.282,15.285,15.289,15.293,15.297,15.301,15.305,15.309,15.314,15.318,15.322,15.326,15.331,15.335,15.339,15.343,15.347,15.351,15.356,15.36,15.365,15.369,15.374,15.379,15.384,15.388,15.391,15.393,15.393,15.392,15.389,15.384,15.377,15.368,15.355,15.343,15.336,15.34,15.339,15.318,15.321,15.39,15.527,15.717,15.9,16.003,16.013,15.974,15.908,15.813,15.717,15.687,15.736,15.799,15.835
15.27,15.27,15.269,15.269,15.269,15.268,15.266,15.263,15.258,15.249,15.242,15.248,15.249,15.253,15.256,15.26,15.265,15.269,15.273,15.277,15.281,15.285,15.289,15.293,15.297,15.301,15.305,15.31,15.314,15.318,15.323,15.327,15.332,15.337,15.341,15.346,15.351,15.357,15.362,15.368,15.375,15.381,15.388,15.395,15.401,15.406,15.41,15.411,15.41,15.406,15.401,15.394,15.387,15.379,15.37,15.357,15.344,15.338,15.347,15.362,15.35,15.344,15.401,15.531,15.715,15.895,15.994,15.993,15.94,15.86,15.765,15.707,15.736,15.801,15.842,15.855
15.281,15.281,15.28,15.28,15.279,15.278,15.277,15.274,15.268,15.258,15.249,15.253,15.253,15.256,15.259,15.263,15.267,15.271,15.276,15.28,15.284,15.288,15.292,15.297,15.301,15.305,15.31,15.314,15.319,15.323,15.328,15.333,15.338,15.344,15.35,15.356,15.363,15.37,15.377,15.385,15.393,15.402,15.41,15.418,15.424,15.429,15.43,15.428,15.421,15.412,15.4,15.389,15.378,15.37,15.362,15.352,15.341,15.337,15.35,15.378,15.386,15.376,15.414,15.529,15.704,15.881,15.982,15.98,15.918,15.829,15.74,15.718,15.768,15.823,15.848,15.853
15.292,15.291,15.291,15.291,15.29,15.289,15.288,15.284,15.278,15.267,15.257,15.26,15.26,15.262,15.265,15.268,15.272,15.276,15.28,15.284,15.288,15.293,15.297,15.301,15.306,15.31,15.315,15.319,15.324,15.329,15.334,15.34,15.346,15.353,15.361,15.369,15.377,15.386,15.396,15.405,15.415,15.425,15.434,15.441,15.447,15.449,15.448,15.44,15.427,15.411,15.393,15.377,15.364,15.355,15.35,15.345,15.34,15.339,15.354,15.389,15.418,15.418,15.436,15.526,15.687,15.861,15.967,15.971,15.911,15.819,15.738,15.726,15.771,15.818,15.842,15.846
15.302,15.302,15.302,15.301,15.301,15.3,15.298,15.295,15.289,15.276,15.264,15.268,15.268,15.269,15.271,15.274,15.278,15.282,15.286,15.29,15.294,15.298,15.302,15.307,15.311,15.315,15.32,15.324,15.33,15.336,15.342,15.349,15.357,15.366,15.375,15.385,15.395,15.405,15.416,15.426,15.436,15.446,15.454,15.46,15.464,15.465,15.46,15.449,15.429,15.405,15.383,15.367,15.358,15.357,15.361,15.364,15.363,15.362,15.37,15.402,15.443,15.461,15.472,15.534,15.67,15.836,15.949,15.965,15.912,15.827,15.749,15.725,15.747,15.783,15.806,15.811
15.313,15.312,15.312,15.312,15.311,15.311,15.31,15.307,15.3,15.286,15.271,15.275,15.275,15.276,15.279,15.281,15.285,15.288,15.292,15.296,15.3,15.304,15.309,15.313,15.317,15.322,15.326,15.332,15.338,15.345,15.353,15.362,15.372,15.381,15.392,15.402,15.413,15.423,15.434,15.444,15.453,15.461,15.467,15.471,15.472,15.47,15.464,15.452,15.429,15.4,15.374,15.359,15.361,15.382,15.412,15.432,15.433,15.424,15.413,15.428,15.467,15.499,15.517,15.559,15.663,15.812,15.928,15.958,15.916,15.84,15.766,15.724,15.715,15.725,15.737,15.742
15.323,15.322,15.322,15.322,15.322,15.322,15.321,15.319,15.312,15.296,15.276,15.281,15.281,15.283,15.286,15.289,15.292,15.296,15.3,15.303,15.307,15.311,15.315,15.32,15.324,15.33,15.336,15.342,15.35,15.359,15.368,15.378,15.389,15.4,15.411,15.421,15.432,15.443,15.453,15.463,15.47,15.475,15.479,15.481,15.48,15.475,15.465,15.449,15.425,15.396,15.368,15.35,15.358,15.408,15.491,15.547,15.545,15.518,15.488,15.477,15.503,15.536,15.561,15.595,15.674,15.797,15.909,15.952,15.924,15.857,15.786,15.732,15.7,15.686,15.682,15.682
15.333,15.332,15.332,15.332,15.332,15.332,15.332,15.331,15.326,15.311,15.286,15.286,15.287,15.287,15.29,15.294,15.298,15.301,15.305,15.309,15.314,15.318,15.323,15.328,15.334,15.34,15.348,15.356,15.365,15.375,15.385,15.395,15.405,15.415,15.425,15.435,15.445,15.454,15.461,15.467,15.472,15.477,15.481,15.485,15.486,15.481,15.467,15.446,15.424,15.398,15.374,15.362,15.383,15.464,15.597,15.704,15.71,15.636,15.573,15.542,15.553,15.584,15.608,15.637,15.697,15.794,15.893,15.947,15.938,15.884,15.817,15.758,15.716,15.69,15.677,15.673
15.342,15.341,15.341,15.341,15.342,15.342,15.343,15.343,15.342,15.332,15.308,15.3,15.299,15.298,15.3,15.301,15.304,15.307,15.311,15.314,15.319,15.324,15.33,15.336,15.343,15.35,15.359,15.368,15.378,15.389,15.401,15.413,15.425,15.436,15.447,15.46,15.472,15.483,15.494,15.503,15.509,15.513,15.514,15.513,15.509,15.499,15.481,15.452,15.419,15.395,15.387,15.398,15.438,15.523,15.652,15.776,15.845,15.785,15.673,15.618,15.618,15.65,15.677,15.696,15.734,15.803,15.881,15.935,15.945,15.914,15.862,15.81,15.769,15.741,15.724,15.715
15.351,15.35,15.35,15.35,15.351,15.352,15.353,15.355,15.356,15.354,15.339,15.329,15.325,15.322,15.322,15.321,15.32,15.322,15.325,15.329,15.333,15.337,15.342,15.348,15.356,15.365,15.376,15.387,15.398,15.411,15.423,15.438,15.455,15.471,15.488,15.503,15.513,15.516,15.515,15.515,15.518,15.521,15.522,15.525,15.527,15.525,15.517,15.502,15.475,15.436,15.395,15.387,15.421,15.488,15.581,15.695,15.829,15.888,15.791,15.704,15.694,15.731,15.773,15.791,15.807,15.842,15.889,15.926,15.939,15.927,15.899,15.867,15.839,15.817,15.799,15.782
15.359,15.358,15.358,15.359,15.359,15.36,15.362,15.365,15.369,15.372,15.368,15.363,15.359,15.354,15.354,15.352,15.351,15.351,15.353,15.358,15.362,15.366,15.37,15.376,15.384,15.396,15.408,15.421,15.434,15.447,15.459,15.475,15.494,15.514,15.526,15.524,15.512,15.494,15.484,15.488,15.498,15.51,15.523,15.53,15.532,15.534,15.535,15.531,15.517,15.496,15.469,15.437,15.402,15.406,15.459,15.565,15.73,15.881,15.895,15.814,15.785,15.815,15.864,15.896,15.91,15.925,15.945,15.962,15.967,15.957,15.937,15.912,15.885,15.857,15.829,15.801
15.366,15.365,15.366,15.366,15.367,15.368,15.37,15.373,15.377,15.383,15.386,15.389,15.387,15.384,15.385,15.385,15.385,15.386,15.389,15.394,15.4,15.405,15.411,15.417,15.426,15.438,15.45,15.462,15.473,15.484,15.497,15.512,15.526,15.527,15.512,15.497,15.487,15.488,15.501,15.518,15.536,15.56,15.584,15.59,15.585,15.576,15.569,15.562,15.552,15.538,15.518,15.481,15.445,15.417,15.403,15.444,15.583,15.793,15.918,15.91,15.877,15.886,15.926,15.966,15.992,16.008,16.022,16.034,16.038,16.03,16.006,15.964,15.908,15.849,15.8,15.764
15.371,15.372,15.373,15.374,15.375,15.376,15.377,15.379,15.383,15.388,15.393,15.401,15.402,15.402,15.404,15.406,15.409,15.412,15.416,15.423,15.43,15.438,15.446,15.453,15.462,15.473,15.482,15.491,15.499,15.508,15.52,15.529,15.522,15.503,15.499,15.514,15.532,15.546,15.563,15.597,15.636,15.672,15.692,15.695,15.686,15.666,15.645,15.629,15.619,15.611,15.596,15.567,15.523,15.473,15.421,15.396,15.453,15.66,15.842,15.934,15.94,15.939,15.964,15.999,16.029,16.049,16.064,16.073,16.071,16.053,16.014,15.958,15.897,15.842,15.801,15.773
15.377,15.379,15.38,15.381,15.382,15.383,15.384,15.385,15.386,15.388,15.392,15.403,15.405,15.405,15.409,15.412,15.416,15.421,15.427,15.435,15.443,15.452,15.461,15.47,15.478,15.487,15.493,15.499,15.507,15.519,15.528,15.521,15.505,15.51,15.548,15.583,15.593,15.611,15.661,15.728,15.782,15.815,15.825,15.815,15.793,15.748,15.7,15.667,15.651,15.642,15.631,15.613,15.576,15.528,15.472,15.409,15.431,15.557,15.707,15.863,15.952,15.963,15.974,15.992,16.009,16.021,16.028,16.026,16.012,15.985,15.951,15.913,15.877,15.848,15.828,15.818
15.383,15.385,15.387,15.388,15.389,15.39,15.39,15.389,15.387,15.383,15.385,15.397,15.399,15.4,15.404,15.407,15.412,15.417,15.424,15.432,15.44,15.449,15.458,15.466,15.473,15.48,15.487,15.496,15.51,15.525,15.525,15.51,15.513,15.567,15.636,15.659,15.665,15.716,15.78,15.82,15.847,15.873,15.897,15.875,15.845,15.775,15.702,15.666,15.65,15.622,15.599,15.591,15.577,15.544,15.496,15.431,15.426,15.533,15.593,15.722,15.886,15.941,15.951,15.96,15.965,15.967,15.965,15.957,15.943,15.918,15.878,15.82,15.764,15.726,15.712,15.721
15.391,15.393,15.395,15.396,15.396,15.397,15.396,15.394,15.388,15.376,15.368,15.383,15.386,15.387,15.392,15.396,15.4,15.406,15.413,15.42,15.428,15.435,15.443,15.45,15.458,15.466,15.477,15.495,15.518,15.53,15.52,15.513,15.558,15.657,15.729,15.722,15.727,15.753,15.778,15.792,15.787,15.816,15.882,15.86,15.833,15.76,15.677,15.646,15.604,15.526,15.501,15.519,15.544,15.544,15.501,15.437,15.427,15.534,15.591,15.563,15.713,15.856,15.876,15.878,15.876,15.867,15.85,15.812,15.746,15.672,15.607,15.561,15.537,15.532,15.546,15.578
15.4,15.401,15.403,15.404,15.404,15.404,15.403,15.4,15.391,15.37,15.348,15.362,15.369,15.371,15.377,15.382,15.388,15.394,15.401,15.408,15.415,15.422,15.43,15.438,15.448,15.461,15.481,15.509,15.534,15.535,15.518,15.534,15.628,15.754,15.774,15.731,15.763,15.846,15.936,15.943,15.798,15.787,15.88,15.856,15.819,15.742,15.648,15.605,15.496,15.404,15.403,15.446,15.485,15.506,15.477,15.428,15.424,15.527,15.634,15.577,15.542,15.658,15.747,15.736,15.695,15.642,15.567,15.511,15.475,15.457,15.44,15.418,15.397,15.394,15.424,15.485
15.409,15.41,15.411,15.412,15.412,15.412,15.411,15.408,15.398,15.372,15.337,15.349,15.36,15.364,15.372,15.378,15.385,15.393,15.401,15.409,15.417,15.424,15.433,15.444,15.457,15.477,15.505,15.538,15.555,15.541,15.524,15.571,15.707,15.835,15.8,15.75,15.789,15.916,16.198,16.171,15.899,15.81,15.907,15.892,15.848,15.753,15.634,15.573,15.443,15.386,15.398,15.439,15.473,15.485,15.479,15.449,15.432,15.509,15.631,15.652,15.581,15.586,15.633,15.63,15.566,15.465,15.399,15.387,15.39,15.387,15.375,15.356,15.334,15.325,15.356,15.432
15.418,15.419,15.419,15.42,15.421,15.421,15.421,15.418,15.41,15.387,15.349,15.357,15.37,15.375,15.384,15.392,15.4,15.41,15.419,15.429,15.438,15.447,15.458,15.471,15.488,15.513,15.545,15.574,15.576,15.546,15.535,15.613,15.779,15.89,15.829,15.777,15.819,15.945,16.17,16.111,15.853,15.843,15.936,15.945,15.9,15.792,15.642,15.569,15.471,15.426,15.416,15.431,15.459,15.48,15.487,15.445,15.307,15.444,15.558,15.628,15.626,15.616,15.601,15.539,15.438,15.371,15.36,15.371,15.38,15.384,15.382,15.36,15.322,15.302,15.336,15.421
15.426,15.427,15.428,15.429,15.43,15.431,15.431,15.43,15.427,15.412,15.38,15.382,15.395,15.4,15.409,15.418,15.428,15.439,15.449,15.459,15.469,15.479,15.492,15.507,15.527,15.554,15.584,15.605,15.594,15.553,15.545,15.642,15.826,15.921,15.857,15.809,15.836,15.896,15.93,15.933,15.835,15.873,15.966,16.009,15.959,15.849,15.673,15.591,15.532,15.491,15.455,15.435,15.436,15.45,15.468,15.478,15.471,15.451,15.46,15.494,15.516,15.504,15.451,15.389,15.362,15.371,15.39,15.405,15.416,15.419,15.398,15.344,15.29,15.283,15.341,15.437
15.434,15.435,15.436,15.437,15.439,15.44,15.441,15.443,15.443,15.437,15.413,15.409,15.422,15.428,15.436,15.445,15.456,15.466,15.476,15.486,15.496,15.508,15.523,15.54,15.562,15.588,15.616,15.631,15.609,15.559,15.549,15.652,15.85,15.954,15.886,15.833,15.844,15.87,15.838,15.896,15.882,15.891,15.996,16.079,16.01,15.903,15.718,15.625,15.608,15.584,15.538,15.494,15.464,15.449,15.451,15.451,15.441,15.419,15.402,15.397,15.393,15.386,15.382,15.395,15.418,15.438,15.449,15.454,15.448,15.417,15.351,15.278,15.25,15.289,15.374,15.472
15.442,15.443,15.444,15.446,15.447,15.449,15.452,15.454,15.457,15.455,15.434,15.428,15.441,15.446,15.454,15.463,15.474,15.484,15.493,15.503,15.514,15.528,15.545,15.564,15.588,15.617,15.646,15.656,15.629,15.572,15.545,15.632,15.824,15.962,15.937,15.868,15.853,15.87,15.907,15.939,15.893,15.888,16.025,16.148,16.054,15.929,15.77,15.653,15.66,15.66,15.628,15.591,15.549,15.509,15.495,15.487,15.476,15.467,15.457,15.451,15.451,15.46,15.475,15.489,15.494,15.489,15.475,15.448,15.398,15.325,15.258,15.23,15.265,15.344,15.437,15.528
15.452,15.452,15.453,15.454,15.456,15.459,15.462,15.465,15.468,15.466,15.444,15.437,15.45,15.455,15.463,15.471,15.481,15.49,15.5,15.511,15.525,15.542,15.562,15.586,15.616,15.651,15.678,15.679,15.644,15.584,15.541,15.583,15.724,15.853,15.897,15.854,15.831,15.843,15.901,15.879,15.867,15.884,16.051,16.207,16.111,15.949,15.811,15.677,15.661,15.672,15.671,15.673,15.659,15.615,15.591,15.578,15.565,15.563,15.56,15.557,15.554,15.547,15.534,15.513,15.485,15.45,15.407,15.353,15.296,15.25,15.237,15.272,15.349,15.439,15.526,15.609
15.462,15.461,15.462,15.463,15.465,15.468,15.471,15.475,15.478,15.474,15.449,15.441,15.454,15.458,15.465,15.472,15.481,15.491,15.502,15.516,15.535,15.556,15.582,15.613,15.652,15.692,15.71,15.693,15.644,15.581,15.53,15.529,15.613,15.75,15.826,15.817,15.826,15.859,15.859,15.85,15.862,15.892,16.074,16.241,16.204,16.038,15.875,15.743,15.682,15.681,15.682,15.715,15.749,15.735,15.706,15.671,15.64,15.629,15.615,15.591,15.559,15.524,15.493,15.463,15.425,15.379,15.335,15.304,15.289,15.292,15.322,15.384,15.468,15.556,15.64,15.715
15.47,15.47,15.47,15.472,15.475,15.478,15.481,15.485,15.487,15.482,15.454,15.446,15.455,15.458,15.463,15.468,15.476,15.486,15.5,15.52,15.546,15.575,15.608,15.649,15.696,15.737,15.75,15.726,15.664,15.586,15.524,15.484,15.512,15.623,15.731,15.79,15.809,15.814,15.824,15.86,15.85,15.913,16.094,16.242,16.293,16.211,16.061,15.935,15.88,15.855,15.806,15.798,15.835,15.858,15.851,15.802,15.729,15.682,15.637,15.585,15.538,15.498,15.464,15.433,15.408,15.394,15.397,15.408,15.413,15.413,15.434,15.494,15.579,15.669,15.742,15.777
15.481,15.479,15.48,15.481,15.484,15.487,15.491,15.495,15.497,15.492,15.463,15.454,15.459,15.458,15.462,15.464,15.47,15.478,15.494,15.522,15.56,15.6,15.641,15.69,15.742,15.785,15.806,15.796,15.741,15.651,15.573,15.508,15.484,15.534,15.635,15.725,15.78,15.808,15.834,15.833,15.842,15.962,16.124,16.245,16.303,16.318,16.267,16.183,16.141,16.106,16.052,16.014,16.01,16.022,16.032,16.008,15.933,15.855,15.783,15.703,15.624,15.561,15.521,15.504,15.509,15.531,15.558,15.576,15.571,15.548,15.529,15.559,15.646,15.751,15.811,15.788
15.492,15.489,15.489,15.491,15.493,15.497,15.501,15.505,15.509,15.505,15.478,15.468,15.471,15.468,15.471,15.471,15.471,15.474,15.486,15.518,15.571,15.626,15.674,15.725,15.774,15.811,15.833,15.837,15.808,15.741,15.662,15.598,15.567,15.578,15.633,15.697,15.737,15.764,15.788,15.815,15.89,16.03,16.176,16.28,16.307,16.3,16.313,16.308,16.291,16.271,16.241,16.224,16.226,16.229,16.222,16.202,16.174,16.132,16.072,15.991,15.894,15.797,15.717,15.668,15.659,15.683,15.718,15.739,15.739,15.721,15.677,15.64,15.69,15.819,15.891,15.812
15.501,15.498,15.498,15.5,15.503,15.506,15.511,15.516,15.521,15.52,15.498,15.491,15.495,15.492,15.498,15.497,15.494,15.488,15.489,15.514,15.57,15.635,15.689,15.73,15.76,15.778,15.791,15.801,15.798,15.768,15.717,15.677,15.664,15.672,15.685,15.692,15.711,15.761,15.811,15.865,15.964,16.102,16.237,16.315,16.322,16.306,16.296,16.306,16.323,16.34,16.347,16.351,16.359,16.366,16.365,16.351,16.327,16.299,16.267,16.227,16.181,16.129,16.068,16.002,15.945,15.922,15.932,15.943,15.915,15.861,15.818,15.771,15.779,15.891,15.956,15.818
15.51,15.508,15.508,15.509,15.512,15.516,15.521,15.527,15.534,15.537,15.519,15.514,15.522,15.521,15.531,15.533,15.531,15.524,15.518,15.531,15.575,15.636,15.689,15.728,15.753,15.77,15.784,15.796,15.797,15.786,15.764,15.747,15.735,15.719,15.723,15.764,15.823,15.866,15.886,15.942,16.054,16.191,16.301,16.333,16.331,16.329,16.33,16.331,16.335,16.345,16.363,16.381,16.398,16.411,16.411,16.397,16.378,16.365,16.353,16.335,16.312,16.286,16.258,16.232,16.212,16.206,16.204,16.181,16.114,16.01,15.915,15.855,15.862,15.959,15.971,15.809
15.519,15.517,15.517,15.518,15.521,15.525,15.531,15.537,15.546,15.551,15.535,15.532,15.542,15.542,15.555,15.56,15.562,15.563,15.565,15.581,15.621,15.681,15.745,15.801,15.839,15.86,15.876,15.884,15.878,15.867,15.85,15.821,15.773,15.746,15.815,15.914,15.959,15.955,15.975,16.053,16.171,16.287,16.341,16.346,16.356,16.37,16.374,16.368,16.352,16.342,16.35,16.364,16.373,16.373,16.354,16.326,16.305,16.298,16.308,16.327,16.347,16.35,16.336,16.32,16.319,16.33,16.325,16.268,16.154,16.033,15.957,15.927,15.946,16.014,15.929,15.608
15.528,15.526,15.526,15.528,15.53,15.534,15.54,15.547,15.556,15.561,15.544,15.542,15.554,15.554,15.567,15.574,15.581,15.592,15.611,15.647,15.702,15.772,15.844,15.896,15.921,15.936,15.945,15.942,15.917,15.871,15.818,15.768,15.741,15.81,15.952,16.039,16.054,16.071,16.121,16.204,16.296,16.35,16.355,16.363,16.403,16.435,16.44,16.415,16.366,16.329,16.331,16.346,16.331,16.298,16.261,16.232,16.202,16.182,16.188,16.231,16.287,16.329,16.346,16.325,16.316,16.347,16.358,16.279,16.126,15.978,15.925,15.969,16.009,16.052,15.912,15.492
15.537,15.535,15.535,15.536,15.539,15.543,15.549,15.556,15.564,15.569,15.549,15.549,15.563,15.562,15.575,15.583,15.594,15.617,15.655,15.708,15.774,15.844,15.903,15.94,15.949,15.934,15.899,15.845,15.79,15.757,15.761,15.818,15.915,16.056,16.139,16.171,16.201,16.241,16.289,16.339,16.368,16.365,16.361,16.396,16.465,16.517,16.527,16.485,16.404,16.329,16.301,16.295,16.258,16.22,16.204,16.196,16.16,16.14,16.144,16.189,16.23,16.266,16.3,16.289,16.27,16.317,16.355,16.297,16.163,15.965,15.862,15.964,16.023,16.019,15.879,15.437
15.545,15.544,15.544,15.545,15.547,15.551,15.557,15.564,15.572,15.576,15.556,15.557,15.573,15.57,15.584,15.595,15.614,15.647,15.695,15.755,15.821,15.884,15.924,15.929,15.9,15.844,15.78,15.742,15.747,15.816,15.957,16.12,16.233,16.282,16.31,16.334,16.356,16.375,16.389,16.39,16.376,16.365,16.384,16.441,16.516,16.575,16.594,16.55,16.465,16.363,16.285,16.245,16.221,16.203,16.195,16.187,16.151,16.136,16.15,16.18,16.226,16.276,16.278,16.253,16.234,16.282,16.345,16.307,16.167,15.942,15.796,15.949,16.002,15.87,15.703,15.313
15.552,15.551,15.551,15.552,15.555,15.559,15.564,15.571,15.58,15.584,15.566,15.569,15.584,15.582,15.597,15.612,15.638,15.678,15.732,15.797,15.861,15.902,15.902,15.859,15.799,15.738,15.705,15.73,15.921,16.114,16.277,16.367,16.407,16.423,16.426,16.424,16.419,16.41,16.398,16.381,16.368,16.377,16.416,16.475,16.528,16.57,16.591,16.563,16.513,16.432,16.335,16.268,16.236,16.21,16.185,16.191,16.166,16.143,16.162,16.147,16.203,16.292,16.299,16.248,16.213,16.256,16.329,16.291,16.095,15.866,15.76,15.951,15.975,15.67,15.403,15.158
15.559,15.558,15.558,15.559,15.562,15.566,15.571,15.578,15.587,15.594,15.578,15.582,15.596,15.592,15.61,15.632,15.666,15.717,15.782,15.843,15.88,15.874,15.827,15.769,15.728,15.709,15.758,15.916,16.248,16.376,16.457,16.486,16.488,16.477,16.456,16.432,16.41,16.391,16.377,16.367,16.37,16.393,16.436,16.487,16.523,16.545,16.559,16.54,16.526,16.494,16.428,16.365,16.308,16.236,16.197,16.217,16.183,16.166,16.144,16.131,16.096,16.225,16.285,16.231,16.209,16.249,16.305,16.215,15.96,15.758,15.745,15.953,15.967,15.568,15.268,14.986
15.566,15.564,15.564,15.565,15.568,15.572,15.578,15.586,15.595,15.603,15.591,15.595,15.605,15.6,15.629,15.667,15.715,15.774,15.825,15.852,15.838,15.79,15.739,15.713,15.729,15.829,16.056,16.3,16.405,16.459,16.488,16.514,16.519,16.503,16.478,16.441,16.404,16.378,16.363,16.361,16.37,16.401,16.455,16.508,16.541,16.559,16.572,16.55,16.535,16.521,16.494,16.464,16.4,16.302,16.234,16.234,16.186,16.15,16.131,16.069,15.922,16.074,16.23,16.187,16.193,16.226,16.238,16.109,15.847,15.691,15.753,15.945,15.926,15.57,15.269,14.8
15.572,15.569,15.569,15.571,15.574,15.579,15.585,15.592,15.602,15.611,15.599,15.601,15.618,15.625,15.672,15.727,15.774,15.807,15.815,15.798,15.756,15.71,15.689,15.74,15.916,16.14,16.304,16.384,16.392,16.396,16.425,16.481,16.508,16.511,16.513,16.487,16.442,16.4,16.373,16.365,16.381,16.429,16.49,16.531,16.56,16.586,16.607,16.601,16.574,16.549,16.534,16.532,16.483,16.373,16.257,16.239,16.191,16.13,16.057,15.885,15.696,15.841,16.119,16.136,16.137,16.164,16.138,16.01,15.82,15.702,15.776,15.899,15.804,15.539,15.251,14.617
15.578,15.575,15.575,15.577,15.58,15.585,15.591,15.599,15.609,15.616,15.601,15.616,15.658,15.683,15.734,15.779,15.798,15.79,15.761,15.724,15.69,15.68,15.753,15.946,16.191,16.355,16.414,16.382,16.299,16.232,16.244,16.318,16.365,16.413,16.482,16.517,16.503,16.463,16.425,16.406,16.422,16.473,16.516,16.531,16.551,16.585,16.605,16.611,16.601,16.582,16.57,16.569,16.525,16.411,16.267,16.238,16.202,16.135,16.02,15.79,15.514,15.554,15.94,16.1,16.052,16.069,16.047,15.962,15.852,15.751,15.807,15.856,15.657,15.432,15.221,14.537
