18.446,18.444,18.512,18.551,18.577,18.589,18.593,18.6,18.613,18.635,18.659,18.685,18.706,18.729,18.755,18.76,18.752,18.757,18.779,18.791,18.794,18.798,18.799,18.766,18.669,18.566,18.531,18.498,18.469,18.448,18.435,18.424,18.407,18.384,18.358,18.332,18.308,18.287,18.268,18.243,18.226,18.206,18.184,18.159,18.131,18.1,18.064,18.024,17.979,17.932,17.883,17.835,17.787,17.738,17.684,17.628,17.574,17.522,17.471,17.422,17.377,17.336,17.291,17.255,17.233,17.231,17.277,17.293,17.276,17.255,17.218,17.19,17.168,17.142,17.129,17.113
18.448,18.492,18.535,18.564,18.586,18.599,18.609,18.619,18.633,18.654,18.68,18.708,18.734,18.76,18.791,18.82,18.837,18.85,18.86,18.864,18.859,18.85,18.831,18.778,18.657,18.544,18.506,18.485,18.465,18.451,18.442,18.431,18.415,18.393,18.368,18.343,18.32,18.298,18.278,18.258,18.237,18.216,18.193,18.168,18.14,18.109,18.073,18.033,17.989,17.943,17.896,17.847,17.796,17.745,17.691,17.638,17.584,17.532,17.482,17.433,17.388,17.346,17.306,17.268,17.23,17.195,17.209,17.292,17.321,17.311,17.294,17.273,17.248,17.217,17.192,17.164
18.508,18.541,18.558,18.576,18.59,18.599,18.608,18.618,18.633,18.654,18.682,18.716,18.749,18.779,18.803,18.823,18.836,18.846,18.855,18.859,18.858,18.849,18.824,18.744,18.615,18.549,18.523,18.502,18.481,18.466,18.453,18.44,18.423,18.402,18.376,18.35,18.325,18.301,18.279,18.258,18.237,18.216,18.194,18.169,18.141,18.109,18.073,18.033,17.99,17.944,17.896,17.847,17.797,17.745,17.692,17.639,17.586,17.534,17.484,17.435,17.39,17.347,17.307,17.269,17.233,17.207,17.248,17.336,17.359,17.347,17.325,17.301,17.277,17.253,17.23,17.206
18.494,18.562,18.564,18.574,18.584,18.591,18.596,18.602,18.614,18.634,18.663,18.699,18.736,18.765,18.786,18.799,18.81,18.821,18.834,18.844,18.849,18.843,18.813,18.703,18.595,18.563,18.544,18.522,18.501,18.482,18.466,18.449,18.429,18.407,18.381,18.354,18.326,18.3,18.277,18.254,18.233,18.212,18.189,18.164,18.136,18.104,18.068,18.028,17.984,17.938,17.89,17.84,17.79,17.738,17.686,17.633,17.581,17.53,17.48,17.432,17.387,17.344,17.304,17.267,17.234,17.224,17.297,17.364,17.364,17.342,17.316,17.291,17.267,17.246,17.227,17.205
18.484,18.572,18.561,18.568,18.575,18.579,18.58,18.579,18.586,18.605,18.636,18.674,18.71,18.734,18.745,18.749,18.754,18.767,18.788,18.81,18.828,18.83,18.79,18.659,18.593,18.577,18.56,18.538,18.515,18.493,18.473,18.452,18.43,18.405,18.378,18.349,18.321,18.294,18.269,18.246,18.224,18.202,18.18,18.155,18.127,18.095,18.058,18.017,17.973,17.925,17.876,17.826,17.775,17.724,17.672,17.619,17.567,17.517,17.467,17.42,17.376,17.334,17.295,17.259,17.23,17.248,17.327,17.358,17.341,17.312,17.284,17.259,17.238,17.222,17.207,17.192
18.476,18.573,18.55,18.553,18.558,18.559,18.554,18.547,18.551,18.57,18.6,18.632,18.656,18.663,18.658,18.647,18.645,18.661,18.693,18.731,18.765,18.774,18.707,18.612,18.597,18.588,18.572,18.548,18.522,18.496,18.472,18.448,18.423,18.394,18.364,18.334,18.305,18.279,18.254,18.231,18.21,18.189,18.168,18.143,18.116,18.083,18.046,18.003,17.956,17.907,17.856,17.805,17.753,17.701,17.649,17.596,17.544,17.493,17.445,17.398,17.354,17.314,17.277,17.243,17.233,17.295,17.334,17.32,17.286,17.252,17.224,17.202,17.186,17.175,17.167,17.16
18.46,18.564,18.532,18.531,18.532,18.529,18.519,18.508,18.515,18.536,18.557,18.553,18.535,18.511,18.495,18.49,18.5,18.519,18.542,18.567,18.594,18.604,18.591,18.595,18.604,18.6,18.582,18.553,18.522,18.493,18.466,18.438,18.408,18.375,18.34,18.306,18.276,18.251,18.23,18.212,18.193,18.174,18.154,18.131,18.104,18.071,18.031,17.985,17.935,17.882,17.829,17.776,17.723,17.67,17.616,17.562,17.51,17.459,17.411,17.365,17.324,17.286,17.25,17.226,17.273,17.316,17.289,17.24,17.192,17.154,17.126,17.108,17.101,17.1,17.104,17.109
18.441,18.542,18.508,18.504,18.501,18.493,18.48,18.472,18.482,18.505,18.481,18.428,18.462,18.471,18.466,18.477,18.503,18.533,18.555,18.567,18.569,18.57,18.582,18.603,18.617,18.612,18.587,18.551,18.515,18.483,18.451,18.417,18.379,18.338,18.297,18.261,18.231,18.21,18.197,18.187,18.175,18.159,18.14,18.119,18.092,18.058,18.013,17.961,17.905,17.847,17.791,17.736,17.681,17.626,17.57,17.515,17.462,17.413,17.367,17.324,17.284,17.249,17.217,17.225,17.284,17.256,17.189,17.122,17.065,17.018,16.985,16.968,16.97,16.988,17.014,17.038
18.421,18.512,18.482,18.476,18.47,18.459,18.445,18.442,18.453,18.455,18.374,18.447,18.49,18.468,18.457,18.485,18.529,18.567,18.593,18.606,18.602,18.592,18.595,18.615,18.629,18.619,18.581,18.532,18.49,18.453,18.414,18.368,18.317,18.264,18.216,18.179,18.158,18.151,18.154,18.159,18.157,18.147,18.131,18.11,18.083,18.043,17.989,17.925,17.86,17.796,17.735,17.677,17.62,17.562,17.504,17.448,17.398,17.353,17.311,17.273,17.242,17.215,17.183,17.217,17.217,17.145,17.077,17.024,16.973,16.918,16.864,16.824,16.814,16.841,16.893,16.946
18.399,18.474,18.453,18.448,18.439,18.426,18.413,18.414,18.413,18.342,18.369,18.475,18.478,18.43,18.442,18.504,18.562,18.6,18.622,18.634,18.632,18.617,18.608,18.62,18.63,18.604,18.534,18.472,18.429,18.393,18.351,18.294,18.221,18.143,18.082,18.05,18.042,18.055,18.084,18.118,18.141,18.143,18.126,18.103,18.073,18.018,17.939,17.856,17.778,17.708,17.643,17.583,17.524,17.465,17.407,17.355,17.313,17.281,17.252,17.226,17.2,17.157,17.147,17.218,17.165,17.155,17.145,17.123,17.069,16.99,16.896,16.802,16.733,16.716,16.759,16.832
18.378,18.437,18.425,18.418,18.408,18.393,18.381,18.376,18.327,18.273,18.403,18.47,18.431,18.394,18.453,18.539,18.592,18.621,18.635,18.639,18.639,18.626,18.611,18.614,18.61,18.545,18.478,18.427,18.396,18.366,18.307,18.208,18.098,18.012,17.968,17.953,17.955,17.97,17.998,18.044,18.099,18.132,18.124,18.099,18.053,17.955,17.823,17.706,17.623,17.558,17.496,17.442,17.393,17.344,17.298,17.261,17.237,17.22,17.204,17.182,17.146,17.166,17.291,17.281,17.328,17.359,17.36,17.328,17.271,17.195,17.092,16.962,16.823,16.716,16.684,16.73
18.355,18.407,18.395,18.388,18.374,18.357,18.343,18.315,18.218,18.307,18.427,18.444,18.385,18.381,18.476,18.562,18.604,18.625,18.627,18.621,18.618,18.61,18.595,18.586,18.557,18.509,18.451,18.41,18.385,18.332,18.223,18.09,17.987,17.936,17.924,17.934,17.953,17.972,17.989,18.015,18.06,18.1,18.102,18.079,18.001,17.838,17.653,17.518,17.439,17.386,17.346,17.308,17.277,17.248,17.223,17.205,17.196,17.189,17.177,17.168,17.256,17.391,17.406,17.449,17.481,17.48,17.451,17.412,17.377,17.338,17.278,17.181,17.037,16.869,16.734,16.694
18.331,18.375,18.365,18.356,18.34,18.32,18.297,18.226,18.205,18.347,18.434,18.409,18.345,18.374,18.487,18.566,18.603,18.614,18.606,18.593,18.58,18.564,18.55,18.544,18.531,18.485,18.425,18.391,18.35,18.25,18.107,17.981,17.903,17.886,17.903,17.934,17.968,17.999,18.019,18.033,18.052,18.076,18.078,18.035,17.9,17.687,17.495,17.382,17.318,17.278,17.248,17.221,17.204,17.194,17.189,17.189,17.189,17.189,17.205,17.342,17.474,17.482,17.51,17.538,17.514,17.461,17.414,17.384,17.372,17.368,17.357,17.32,17.236,17.092,16.909,16.77
18.307,18.342,18.335,18.324,18.304,18.281,18.245,18.152,18.234,18.373,18.425,18.37,18.308,18.359,18.477,18.557,18.592,18.601,18.586,18.568,18.552,18.535,18.53,18.533,18.51,18.447,18.39,18.353,18.273,18.129,17.974,17.858,17.836,17.86,17.895,17.935,17.974,18.005,18.024,18.036,18.048,18.061,18.04,17.928,17.728,17.526,17.393,17.321,17.272,17.234,17.207,17.189,17.186,17.187,17.19,17.197,17.205,17.218,17.277,17.566,17.56,17.574,17.566,17.546,17.501,17.452,17.41,17.387,17.387,17.394,17.4,17.389,17.349,17.264,17.118,16.936
18.282,18.31,18.306,18.292,18.27,18.243,18.193,18.127,18.254,18.384,18.409,18.333,18.268,18.324,18.446,18.53,18.576,18.589,18.577,18.559,18.546,18.537,18.533,18.518,18.467,18.4,18.352,18.282,18.14,17.96,17.814,17.793,17.826,17.859,17.888,17.931,17.981,18.017,18.038,18.055,18.067,18.039,17.917,17.706,17.507,17.393,17.332,17.286,17.244,17.209,17.191,17.193,17.204,17.21,17.215,17.226,17.238,17.258,17.343,17.642,17.642,17.609,17.601,17.581,17.542,17.493,17.463,17.456,17.459,17.477,17.503,17.503,17.455,17.371,17.261,17.11
18.253,18.281,18.276,18.261,18.237,18.207,18.148,18.118,18.26,18.385,18.393,18.301,18.223,18.265,18.384,18.483,18.547,18.574,18.572,18.561,18.55,18.537,18.517,18.476,18.414,18.352,18.276,18.137,17.949,17.787,17.761,17.797,17.82,17.826,17.871,17.952,18.02,18.059,18.075,18.067,18.005,17.853,17.629,17.429,17.34,17.319,17.297,17.262,17.219,17.186,17.185,17.212,17.23,17.236,17.246,17.263,17.28,17.297,17.331,17.565,17.635,17.675,17.664,17.638,17.611,17.589,17.55,17.506,17.512,17.556,17.613,17.657,17.635,17.523,17.373,17.231
18.222,18.255,18.249,18.232,18.207,18.175,18.111,18.103,18.251,18.378,18.382,18.28,18.178,18.186,18.288,18.399,18.488,18.537,18.549,18.544,18.532,18.51,18.474,18.421,18.353,18.261,18.122,17.939,17.772,17.732,17.763,17.78,17.766,17.79,17.877,17.971,18.028,18.042,18.011,17.921,17.757,17.545,17.355,17.253,17.238,17.252,17.274,17.27,17.225,17.183,17.189,17.229,17.259,17.271,17.289,17.309,17.328,17.344,17.354,17.357,17.379,17.505,17.597,17.637,17.668,17.658,17.636,17.595,17.551,17.544,17.61,17.707,17.768,17.723,17.549,17.335
18.194,18.23,18.225,18.206,18.18,18.15,18.085,18.076,18.228,18.363,18.377,18.277,18.149,18.1,18.161,18.264,18.372,18.453,18.491,18.497,18.484,18.455,18.406,18.332,18.227,18.084,17.911,17.757,17.702,17.727,17.741,17.72,17.705,17.751,17.841,17.909,17.928,17.895,17.802,17.652,17.467,17.298,17.193,17.145,17.131,17.154,17.215,17.259,17.228,17.179,17.187,17.233,17.27,17.291,17.319,17.346,17.366,17.381,17.392,17.395,17.394,17.39,17.392,17.41,17.546,17.624,17.666,17.665,17.642,17.627,17.646,17.694,17.77,17.811,17.732,17.494
18.168,18.208,18.204,18.184,18.157,18.13,18.077,18.041,18.186,18.334,18.375,18.295,18.153,18.039,18.028,18.086,18.177,18.274,18.343,18.369,18.36,18.318,18.245,18.137,17.999,17.847,17.723,17.678,17.692,17.698,17.686,17.652,17.63,17.668,17.732,17.761,17.738,17.665,17.547,17.407,17.282,17.207,17.179,17.15,17.117,17.12,17.177,17.232,17.213,17.171,17.193,17.253,17.298,17.32,17.347,17.38,17.4,17.413,17.422,17.426,17.426,17.423,17.419,17.42,17.426,17.442,17.576,17.651,17.684,17.685,17.686,17.715,17.772,17.805,17.772,17.645
18.148,18.191,18.187,18.165,18.138,18.113,18.082,18.019,18.124,18.285,18.362,18.325,18.2,18.041,17.943,17.929,17.951,17.999,18.057,18.091,18.087,18.044,17.966,17.863,17.758,17.683,17.659,17.661,17.655,17.645,17.623,17.575,17.538,17.55,17.578,17.574,17.53,17.458,17.373,17.307,17.302,17.322,17.277,17.222,17.164,17.117,17.141,17.194,17.178,17.15,17.18,17.244,17.304,17.339,17.361,17.385,17.403,17.414,17.424,17.434,17.446,17.458,17.466,17.472,17.478,17.487,17.494,17.548,17.659,17.727,17.77,17.8,17.814,17.786,17.714,17.637
18.132,18.179,18.174,18.151,18.122,18.096,18.077,18.034,18.047,18.21,18.324,18.34,18.267,18.113,17.952,17.862,17.824,17.805,17.795,17.794,17.784,17.758,17.716,17.672,17.642,17.636,17.637,17.626,17.607,17.589,17.558,17.502,17.447,17.431,17.431,17.414,17.377,17.337,17.317,17.356,17.391,17.369,17.356,17.326,17.21,17.085,17.067,17.13,17.138,17.12,17.152,17.206,17.261,17.3,17.317,17.323,17.317,17.313,17.311,17.312,17.32,17.337,17.364,17.402,17.444,17.488,17.53,17.563,17.578,17.658,17.7,17.715,17.702,17.655,17.593,17.534
18.119,18.17,18.165,18.141,18.11,18.082,18.065,18.047,17.992,18.108,18.249,18.318,18.31,18.213,18.047,17.896,17.808,17.763,17.736,17.715,17.696,17.68,17.658,17.634,17.615,17.608,17.605,17.595,17.575,17.545,17.507,17.45,17.388,17.354,17.342,17.328,17.309,17.303,17.345,17.448,17.452,17.452,17.469,17.41,17.236,17.068,16.991,17.021,17.062,17.088,17.115,17.153,17.189,17.223,17.259,17.291,17.31,17.314,17.311,17.301,17.287,17.271,17.26,17.256,17.262,17.283,17.321,17.368,17.411,17.445,17.461,17.472,17.477,17.458,17.439,17.413
18.108,18.165,18.16,18.135,18.104,18.073,18.052,18.042,18.018,17.998,18.142,18.249,18.301,18.277,18.168,18.009,17.871,17.786,17.734,17.699,17.676,17.656,17.635,17.618,17.594,17.576,17.571,17.568,17.558,17.531,17.488,17.431,17.374,17.338,17.325,17.319,17.315,17.32,17.347,17.404,17.442,17.443,17.43,17.351,17.202,17.081,17.017,17.01,17.08,17.206,17.292,17.378,17.476,17.594,17.691,17.685,17.677,17.672,17.69,17.719,17.747,17.756,17.728,17.655,17.508,17.326,17.238,17.22,17.226,17.232,17.227,17.24,17.355,17.436,17.462,17.405
18.104,18.163,18.158,18.134,18.103,18.07,18.043,18.028,18.01,17.956,18.02,18.145,18.236,18.277,18.24,18.13,17.999,17.89,17.802,17.738,17.694,17.655,17.618,17.59,17.575,17.558,17.547,17.543,17.54,17.527,17.495,17.447,17.395,17.36,17.348,17.349,17.352,17.354,17.349,17.345,17.36,17.402,17.4,17.3,17.157,17.13,17.222,17.316,17.41,17.673,17.886,17.921,17.905,17.787,17.634,17.547,17.521,17.537,17.576,17.606,17.624,17.64,17.659,17.678,17.704,17.745,17.752,17.695,17.596,17.502,17.441,17.432,17.444,17.467,17.482,17.454
18.102,18.163,18.16,18.138,18.109,18.075,18.042,18.019,18.009,17.989,17.934,18.027,18.133,18.219,18.248,18.201,18.095,17.99,17.906,17.832,17.76,17.69,17.628,17.58,17.553,17.546,17.543,17.541,17.54,17.537,17.514,17.47,17.424,17.393,17.381,17.381,17.38,17.37,17.355,17.35,17.385,17.465,17.454,17.333,17.177,17.17,17.293,17.435,17.748,17.789,17.94,17.962,17.822,17.632,17.501,17.507,17.528,17.557,17.585,17.575,17.548,17.511,17.521,17.579,17.643,17.682,17.683,17.656,17.626,17.595,17.56,17.521,17.475,17.49,17.522,17.496
18.119,18.167,18.165,18.146,18.12,18.087,18.05,18.018,18.001,18.002,17.986,17.938,18.022,18.12,18.195,18.214,18.165,18.07,17.984,17.908,17.827,17.741,17.663,17.6,17.551,17.526,17.528,17.539,17.54,17.543,17.551,17.516,17.458,17.425,17.412,17.404,17.392,17.377,17.368,17.389,17.462,17.574,17.562,17.433,17.257,17.201,17.35,17.627,17.803,17.933,18.01,17.878,17.655,17.505,17.451,17.508,17.494,17.498,17.479,17.41,17.336,17.188,17.157,17.206,17.302,17.442,17.567,17.679,17.75,17.726,17.642,17.569,17.515,17.506,17.518,17.53
18.142,18.172,18.171,18.156,18.134,18.105,18.069,18.03,18,17.997,18.005,17.978,17.94,18.012,18.104,18.16,18.174,18.128,18.049,17.965,17.87,17.771,17.685,17.618,17.564,17.523,17.513,17.529,17.54,17.534,17.536,17.552,17.524,17.462,17.436,17.422,17.405,17.395,17.401,17.438,17.518,17.613,17.624,17.507,17.315,17.213,17.537,17.583,17.759,17.917,17.929,17.708,17.51,17.444,17.431,17.446,17.383,17.365,17.28,17.188,17.22,17.285,17.317,17.322,17.302,17.258,17.195,17.224,17.428,17.627,17.739,17.718,17.609,17.513,17.523,17.53
18.16,18.175,18.176,18.165,18.148,18.123,18.092,18.052,18.012,17.998,18.015,18.003,17.957,17.931,18.008,18.077,18.113,18.122,18.076,17.999,17.903,17.799,17.703,17.621,17.559,17.52,17.506,17.521,17.537,17.531,17.518,17.538,17.559,17.533,17.48,17.446,17.424,17.416,17.433,17.478,17.548,17.608,17.603,17.484,17.304,17.248,17.57,17.619,17.877,17.98,17.776,17.567,17.433,17.401,17.376,17.34,17.296,17.257,17.149,17.242,17.319,17.368,17.401,17.421,17.431,17.43,17.41,17.349,17.262,17.199,17.326,17.635,17.732,17.701,17.663,17.401
18.159,18.18,18.181,18.172,18.157,18.137,18.11,18.074,18.033,18.01,18.023,18.034,17.97,17.928,17.923,18.001,18.034,18.048,18.036,17.985,17.908,17.815,17.721,17.625,17.546,17.51,17.508,17.523,17.532,17.523,17.504,17.508,17.547,17.567,17.544,17.491,17.456,17.449,17.467,17.514,17.572,17.624,17.603,17.422,17.27,17.409,17.614,17.862,18.007,17.834,17.61,17.474,17.409,17.355,17.317,17.264,17.231,17.193,17.173,17.257,17.314,17.353,17.379,17.399,17.414,17.428,17.439,17.443,17.411,17.327,17.238,17.235,17.447,17.675,17.503,17.144
18.155,18.184,18.184,18.175,18.161,18.143,18.117,18.083,18.048,18.038,18.037,18.058,17.994,17.92,17.874,17.929,17.978,17.968,17.96,17.927,17.871,17.797,17.709,17.609,17.531,17.507,17.518,17.527,17.521,17.506,17.485,17.482,17.52,17.569,17.583,17.557,17.509,17.493,17.499,17.537,17.598,17.635,17.529,17.317,17.291,17.625,17.797,18.031,17.879,17.693,17.534,17.437,17.364,17.311,17.268,17.206,17.17,17.169,17.16,17.245,17.295,17.323,17.334,17.343,17.357,17.377,17.397,17.416,17.436,17.424,17.355,17.264,17.222,17.253,17.171,17.107
18.154,18.186,18.185,18.176,18.161,18.141,18.114,18.08,18.051,18.068,18.071,18.065,18.015,17.932,17.86,17.854,17.929,17.927,17.898,17.867,17.817,17.746,17.657,17.571,17.523,17.522,17.532,17.519,17.499,17.479,17.459,17.459,17.492,17.541,17.573,17.569,17.533,17.522,17.536,17.58,17.633,17.596,17.413,17.279,17.487,17.78,17.978,17.957,17.778,17.659,17.536,17.44,17.364,17.312,17.239,17.163,17.13,17.141,17.145,17.229,17.275,17.291,17.288,17.281,17.284,17.301,17.327,17.361,17.396,17.428,17.424,17.355,17.257,17.18,17.121,17.122
18.152,18.186,18.185,18.175,18.159,18.136,18.106,18.072,18.055,18.092,18.108,18.062,18.021,17.945,17.857,17.794,17.859,17.897,17.859,17.821,17.759,17.681,17.6,17.55,17.537,17.545,17.528,17.489,17.454,17.426,17.408,17.417,17.447,17.493,17.531,17.549,17.555,17.565,17.586,17.618,17.611,17.505,17.354,17.414,17.871,18.009,18.066,17.889,17.823,17.73,17.622,17.518,17.418,17.335,17.234,17.136,17.093,17.111,17.126,17.186,17.236,17.248,17.236,17.22,17.219,17.231,17.251,17.283,17.329,17.381,17.422,17.407,17.327,17.224,17.151,17.148
18.177,18.187,18.185,18.174,18.155,18.128,18.096,18.066,18.071,18.116,18.126,18.062,18.017,17.95,17.866,17.766,17.784,17.846,17.819,17.777,17.712,17.636,17.579,17.562,17.563,17.545,17.495,17.446,17.411,17.396,17.397,17.413,17.442,17.464,17.481,17.5,17.518,17.54,17.572,17.579,17.528,17.418,17.372,17.705,18.012,17.923,17.94,18.008,17.97,17.861,17.785,17.674,17.538,17.415,17.278,17.138,17.072,17.084,17.101,17.134,17.189,17.206,17.19,17.173,17.178,17.194,17.21,17.233,17.272,17.324,17.384,17.413,17.374,17.283,17.201,17.177
18.177,18.186,18.185,18.172,18.15,18.12,18.088,18.067,18.093,18.132,18.127,18.066,18.008,17.946,17.858,17.755,17.738,17.789,17.782,17.74,17.689,17.626,17.59,17.586,17.569,17.515,17.456,17.42,17.406,17.395,17.387,17.374,17.353,17.334,17.325,17.337,17.373,17.411,17.452,17.472,17.421,17.33,17.33,17.49,17.701,17.745,17.848,18.007,18.092,18.042,17.964,17.873,17.73,17.572,17.392,17.196,17.085,17.064,17.071,17.082,17.132,17.161,17.144,17.128,17.144,17.171,17.187,17.205,17.243,17.286,17.337,17.388,17.388,17.324,17.245,17.204
18.137,18.184,18.184,18.168,18.143,18.111,18.081,18.073,18.106,18.137,18.119,18.057,17.992,17.935,17.829,17.743,17.712,17.747,17.754,17.711,17.675,17.636,17.614,17.598,17.552,17.485,17.433,17.406,17.389,17.362,17.344,17.339,17.33,17.294,17.249,17.221,17.219,17.261,17.308,17.343,17.313,17.32,17.476,17.668,17.791,17.795,17.732,17.811,17.934,18.112,18.155,18.068,17.956,17.805,17.6,17.345,17.164,17.081,17.052,17.041,17.081,17.109,17.094,17.073,17.101,17.14,17.165,17.182,17.215,17.262,17.294,17.345,17.37,17.337,17.272,17.225
18.136,18.183,18.182,18.163,18.133,18.099,18.073,18.077,18.106,18.133,18.103,18.023,17.963,17.901,17.818,17.731,17.693,17.717,17.73,17.692,17.661,17.643,17.633,17.601,17.538,17.473,17.424,17.394,17.38,17.383,17.405,17.411,17.351,17.274,17.214,17.176,17.162,17.168,17.208,17.247,17.313,17.496,17.725,17.867,17.898,17.923,17.951,17.934,17.896,17.974,18.027,18.167,18.133,18.045,17.867,17.601,17.344,17.167,17.074,17.022,17.038,17.069,17.066,17.034,17.049,17.096,17.137,17.155,17.18,17.218,17.249,17.283,17.328,17.324,17.279,17.235
18.128,18.179,18.179,18.156,18.122,18.086,18.064,18.077,18.106,18.122,18.068,18.023,17.958,17.892,17.818,17.726,17.677,17.693,17.706,17.683,17.661,17.654,17.633,17.591,17.535,17.478,17.426,17.398,17.4,17.425,17.44,17.399,17.335,17.283,17.225,17.161,17.128,17.135,17.19,17.312,17.51,17.742,17.902,17.952,17.988,18.036,18.068,18.093,18.106,18.086,18.046,18.094,18.103,18.155,18.067,17.893,17.622,17.353,17.166,17.046,17.011,17.033,17.059,17.018,16.996,17.037,17.096,17.126,17.146,17.173,17.2,17.227,17.274,17.292,17.264,17.222
18.127,18.177,18.177,18.15,18.11,18.072,18.053,18.072,18.107,18.111,18.043,18.008,17.948,17.9,17.832,17.728,17.664,17.674,17.692,17.685,17.674,17.661,17.624,17.579,17.534,17.484,17.435,17.413,17.427,17.461,17.466,17.421,17.368,17.349,17.328,17.269,17.23,17.258,17.365,17.536,17.741,17.889,17.941,17.97,18.021,18.061,18.09,18.117,18.144,18.171,18.19,18.187,18.158,18.15,18.132,18.067,17.901,17.637,17.359,17.143,17.024,17,17.029,17.007,16.96,16.969,17.033,17.083,17.113,17.139,17.159,17.178,17.213,17.246,17.225,17.182
18.112,18.177,18.177,18.145,18.1,18.057,18.04,18.065,18.107,18.106,18.039,17.992,17.957,17.924,17.86,17.746,17.662,17.666,17.698,17.707,17.697,17.669,17.622,17.576,17.538,17.499,17.464,17.459,17.498,17.547,17.539,17.456,17.391,17.409,17.454,17.457,17.444,17.482,17.592,17.737,17.854,17.898,17.917,17.969,18.028,18.072,18.106,18.131,18.149,18.167,18.185,18.202,18.212,18.207,18.185,18.146,18.077,17.924,17.644,17.331,17.103,16.993,16.997,17.004,16.953,16.917,16.958,17.018,17.063,17.098,17.12,17.129,17.145,17.176,17.164,17.129
18.112,18.181,18.181,18.144,18.093,18.045,18.026,18.056,18.105,18.106,18.057,17.988,17.976,17.955,17.897,17.783,17.681,17.666,17.71,17.734,17.723,17.688,17.64,17.597,17.562,17.536,17.523,17.542,17.594,17.639,17.622,17.534,17.422,17.4,17.494,17.577,17.606,17.656,17.735,17.809,17.839,17.842,17.885,17.968,18.043,18.091,18.12,18.139,18.153,18.165,18.178,18.188,18.193,18.189,18.178,18.157,18.123,18.057,17.896,17.591,17.271,17.047,16.968,16.99,16.973,16.905,16.898,16.947,16.998,17.041,17.067,17.072,17.07,17.08,17.086,17.077
18.13,18.189,18.187,18.146,18.09,18.036,18.012,18.042,18.097,18.107,18.074,18.035,17.984,17.976,17.937,17.847,17.735,17.677,17.708,17.755,17.757,17.728,17.687,17.647,17.614,17.597,17.6,17.627,17.669,17.69,17.663,17.594,17.496,17.411,17.433,17.561,17.661,17.707,17.755,17.78,17.775,17.786,17.846,17.953,18.051,18.105,18.122,18.121,18.117,18.116,18.128,18.152,18.179,18.193,18.186,18.154,18.107,18.061,17.999,17.834,17.517,17.192,16.976,16.956,16.99,16.938,16.882,16.892,16.934,16.974,17.002,17.01,17.005,17.006,17.019,17.037
18.166,18.196,18.195,18.152,18.092,18.032,18,18.023,18.08,18.099,18.079,18.062,18.038,17.983,17.966,17.927,17.836,17.735,17.701,17.744,17.783,17.776,17.75,17.714,17.682,17.664,17.67,17.695,17.734,17.77,17.766,17.701,17.588,17.463,17.387,17.45,17.584,17.673,17.703,17.706,17.708,17.738,17.799,17.906,18.029,18.101,18.116,18.098,18.069,18.043,18.03,18.046,18.093,18.149,18.187,18.189,18.142,18.068,18.011,17.957,17.779,17.435,17.083,16.933,16.967,16.984,16.923,16.884,16.894,16.924,16.951,16.965,16.971,16.979,16.998,17.025
18.191,18.198,18.202,18.162,18.102,18.037,17.994,18.002,18.051,18.08,18.062,18.041,18.035,18.019,17.976,17.97,17.949,17.869,17.773,17.729,17.763,17.799,17.794,17.777,17.75,17.727,17.722,17.74,17.783,17.835,17.854,17.821,17.758,17.654,17.504,17.382,17.424,17.544,17.61,17.624,17.642,17.673,17.732,17.824,17.952,18.066,18.116,18.11,18.074,18.027,17.971,17.941,17.972,18.045,18.122,18.178,18.177,18.107,18.019,17.981,17.954,17.732,17.305,16.988,16.917,16.979,16.985,16.936,16.904,16.902,16.917,16.936,16.953,16.973,16.996,17.022
18.182,18.195,18.208,18.174,18.119,18.054,18.003,17.991,18.02,18.051,18.04,17.995,17.965,17.961,17.962,17.948,17.967,17.988,17.941,17.844,17.757,17.756,17.803,17.805,17.788,17.763,17.754,17.764,17.806,17.862,17.898,17.905,17.864,17.78,17.693,17.535,17.408,17.398,17.46,17.522,17.567,17.594,17.64,17.718,17.825,17.951,18.055,18.103,18.105,18.065,17.972,17.887,17.881,17.949,18.036,18.128,18.179,18.14,18.039,17.961,17.985,17.971,17.606,17.186,16.933,16.909,16.98,16.997,16.974,16.952,16.945,16.951,16.966,16.985,17.006,17.024
18.181,18.195,18.211,18.187,18.141,18.083,18.029,18.004,18.011,18.031,18.039,17.998,17.923,17.861,17.843,17.862,17.884,17.92,18.003,18.023,17.961,17.836,17.742,17.775,17.796,17.784,17.767,17.765,17.794,17.841,17.875,17.889,17.865,17.824,17.767,17.706,17.574,17.431,17.376,17.404,17.464,17.508,17.541,17.594,17.674,17.781,17.89,17.979,18.02,18.007,17.933,17.839,17.821,17.89,17.979,18.082,18.165,18.153,18.059,17.946,17.923,18.005,17.861,17.525,17.137,16.904,16.891,16.952,16.991,16.998,16.99,16.987,16.991,16.999,17.004,17.002
18.176,18.188,18.207,18.193,18.161,18.116,18.068,18.04,18.041,18.047,18.053,18.051,18.01,17.896,17.764,17.714,17.727,17.744,17.81,17.953,18.065,18.09,17.99,17.782,17.732,17.737,17.739,17.742,17.757,17.779,17.794,17.797,17.779,17.756,17.735,17.711,17.683,17.584,17.461,17.39,17.389,17.421,17.454,17.488,17.536,17.603,17.69,17.768,17.825,17.835,17.797,17.751,17.769,17.858,17.962,18.068,18.158,18.155,18.067,17.949,17.871,17.952,17.959,17.868,17.558,17.17,16.927,16.864,16.898,16.958,16.994,16.999,16.992,16.985,16.975,16.956
18.153,18.166,18.191,18.188,18.172,18.143,18.105,18.075,18.068,18.071,18.075,18.074,18.055,18.02,17.908,17.711,17.615,17.587,17.566,17.678,17.844,18.02,18.154,18.169,17.964,17.817,17.744,17.715,17.71,17.712,17.711,17.707,17.692,17.668,17.656,17.647,17.656,17.656,17.595,17.501,17.43,17.404,17.408,17.425,17.45,17.486,17.534,17.591,17.632,17.658,17.663,17.678,17.745,17.858,17.976,18.086,18.163,18.151,18.06,17.951,17.849,17.906,18.08,17.994,17.982,17.734,17.353,17.046,16.869,16.81,16.844,16.906,16.956,16.968,16.949,16.912
18.112,18.133,18.165,18.171,18.168,18.153,18.127,18.1,18.101,18.117,18.116,18.103,18.072,18.037,18,17.856,17.666,17.529,17.455,17.478,17.566,17.724,17.944,18.159,18.204,18.074,17.944,17.843,17.775,17.734,17.713,17.698,17.673,17.64,17.617,17.609,17.612,17.633,17.644,17.61,17.544,17.482,17.443,17.427,17.429,17.444,17.471,17.507,17.536,17.567,17.603,17.662,17.764,17.893,18.016,18.116,18.169,18.137,18.043,17.942,17.838,17.832,18.077,18.019,18.012,18.202,18.047,17.763,17.449,17.092,16.839,16.702,16.641,16.625,16.616,16.587
18.066,18.094,18.134,18.144,18.148,18.143,18.128,18.113,18.125,18.163,18.112,18.04,17.988,17.951,17.909,17.846,17.664,17.51,17.461,17.425,17.418,17.494,17.692,17.997,18.227,18.143,18.066,17.994,17.931,17.883,17.843,17.796,17.738,17.69,17.666,17.652,17.64,17.631,17.638,17.644,17.624,17.581,17.533,17.494,17.47,17.463,17.471,17.496,17.521,17.557,17.607,17.687,17.801,17.933,18.05,18.13,18.154,18.107,18.015,17.927,17.833,17.806,18.012,18.081,17.995,18.055,18.07,18.107,18.267,18.09,17.655,17.305,17.083,16.984,16.963,17.016
18.032,18.056,18.102,18.114,18.119,18.118,18.111,18.111,18.146,18.145,18.121,18.055,17.988,17.922,17.845,17.757,17.657,17.574,17.527,17.46,17.388,17.369,17.48,17.774,18.132,18.193,18.082,18.066,18.051,18.022,17.974,17.912,17.852,17.811,17.785,17.749,17.71,17.668,17.644,17.643,17.647,17.638,17.615,17.583,17.551,17.526,17.513,17.517,17.541,17.566,17.616,17.696,17.809,17.932,18.036,18.099,18.109,18.061,17.978,17.907,17.832,17.796,17.981,18.196,18.09,18.007,17.984,17.991,17.995,18.001,17.819,17.55,17.371,17.349,17.432,17.618
18.004,18.024,18.077,18.089,18.094,18.095,18.092,18.094,18.082,18.101,18.086,18.034,17.978,17.93,17.88,17.824,17.768,17.709,17.635,17.543,17.438,17.35,17.355,17.549,17.951,18.257,18.084,18.068,18.067,18.03,17.987,17.938,17.894,17.857,17.824,17.782,17.737,17.687,17.652,17.65,17.667,17.683,17.685,17.674,17.652,17.625,17.598,17.579,17.578,17.584,17.619,17.683,17.776,17.88,17.971,18.031,18.046,18.004,17.932,17.883,17.833,17.797,17.977,18.248,18.196,18.041,18.062,18.051,18.084,17.928,17.417,17.144,17.08,17.09,17.155,17.511
17.988,18.007,18.059,18.073,18.08,18.083,18.076,18.046,18.042,18.06,18.055,18.028,18.002,17.99,17.985,17.973,17.944,17.89,17.791,17.644,17.521,17.402,17.326,17.385,17.683,18.141,18.196,18.07,18.033,17.966,17.904,17.853,17.815,17.791,17.777,17.748,17.713,17.689,17.687,17.697,17.704,17.703,17.697,17.689,17.681,17.671,17.658,17.641,17.628,17.619,17.631,17.67,17.737,17.818,17.896,17.96,17.98,17.94,17.878,17.856,17.838,17.806,17.981,18.258,18.244,18.13,18.109,18.03,18.146,17.269,16.817,16.876,17.033,17.174,17.099,16.02
17.978,17.999,18.047,18.063,18.072,18.074,18.055,18.036,18.026,18.026,18.033,18.044,18.054,18.051,18.056,18.068,18.055,18.015,17.925,17.754,17.602,17.477,17.372,17.342,17.482,17.95,18.275,18.06,18.01,17.934,17.861,17.796,17.747,17.729,17.731,17.73,17.722,17.716,17.692,17.655,17.614,17.578,17.553,17.542,17.541,17.549,17.567,17.589,17.608,17.625,17.631,17.657,17.705,17.767,17.839,17.899,17.909,17.865,17.822,17.835,17.849,17.823,17.995,18.247,18.251,18.187,18.153,17.909,17.786,16.026,16.505,16.776,16.944,17.159,16.423,14.51
17.973,17.996,18.036,18.053,18.065,18.064,18.059,18.059,18.043,18.019,17.99,17.993,18.065,18.108,18.112,18.123,18.108,18.066,17.989,17.857,17.674,17.539,17.444,17.385,17.395,17.749,18.225,18.08,18.005,17.957,17.909,17.851,17.783,17.738,17.733,17.742,17.723,17.659,17.585,17.531,17.491,17.454,17.418,17.391,17.375,17.373,17.391,17.435,17.492,17.549,17.584,17.621,17.666,17.721,17.786,17.832,17.826,17.8,17.802,17.855,17.888,17.856,18.01,18.213,18.2,18.135,18.014,17.276,15.773,15.337,16.387,16.428,16.433,16.38,15.497,13.79
17.972,17.992,18.021,18.039,18.053,18.054,18.073,18.089,18.087,18.07,18.045,17.958,18.04,18.157,18.186,18.179,18.14,18.075,17.998,17.912,17.727,17.587,17.509,17.451,17.402,17.574,18.075,18.161,18.04,17.989,17.988,17.953,17.871,17.78,17.736,17.709,17.654,17.635,17.596,17.538,17.46,17.376,17.305,17.259,17.239,17.236,17.252,17.299,17.372,17.454,17.517,17.57,17.62,17.679,17.743,17.77,17.772,17.789,17.822,17.894,17.938,17.912,18.036,18.2,18.15,18.084,18.121,17.289,15.009,14.729,15.726,15.926,15.938,15.572,14.932,13.908
17.961,17.975,17.997,18.017,18.028,18.049,18.08,18.109,18.126,18.127,18.088,18.037,18.108,18.206,18.236,18.206,18.143,18.065,17.987,17.914,17.755,17.621,17.558,17.496,17.464,17.521,17.919,18.1,18.074,18.01,18.031,18.036,17.957,17.816,17.726,17.708,17.72,17.72,17.623,17.54,17.45,17.36,17.282,17.236,17.225,17.228,17.241,17.279,17.343,17.418,17.479,17.532,17.592,17.667,17.704,17.727,17.785,17.836,17.841,17.898,17.949,17.939,18.066,18.208,18.15,18.147,18.227,17.755,15.289,14.018,14.991,15.612,15.848,15.452,14.995,14.784
17.926,17.936,17.96,17.979,18.004,18.04,18.077,18.11,18.132,18.126,18.096,18.127,18.213,18.244,18.218,18.169,18.106,18.042,17.979,17.902,17.766,17.646,17.58,17.521,17.519,17.562,17.852,18.062,18.108,18.042,18.037,18.064,18.02,17.872,17.762,17.79,17.808,17.723,17.653,17.605,17.543,17.457,17.359,17.285,17.265,17.271,17.287,17.327,17.386,17.443,17.491,17.536,17.567,17.609,17.694,17.789,17.864,17.85,17.741,17.822,17.92,17.97,18.122,18.258,18.206,18.291,18.172,17.857,14.307,13.937,14.822,15.302,15.404,15.054,14.454,13.805
17.824,17.865,17.904,17.943,17.985,18.027,18.065,18.098,18.118,18.107,18.086,18.124,18.187,18.183,18.137,18.092,18.061,18.022,17.969,17.888,17.768,17.668,17.579,17.543,17.573,17.629,17.852,18.048,18.103,18.069,18.045,18.061,18.047,17.923,17.819,17.856,17.817,17.732,17.733,17.728,17.69,17.607,17.497,17.382,17.325,17.323,17.34,17.375,17.426,17.461,17.527,17.511,17.702,17.82,17.973,17.841,17.665,17.518,17.521,17.833,18.047,18.13,18.242,18.301,18.235,18.321,17.872,16.931,13.522,13.725,14.312,14.424,14.293,13.935,13.282,12.663
17.769,17.818,17.869,17.918,17.965,18.01,18.05,18.084,18.108,18.117,18.121,18.145,18.155,18.122,18.076,18.049,18.046,18.02,17.96,17.868,17.759,17.676,17.582,17.582,17.648,17.725,17.899,18.042,18.065,18.078,18.057,18.059,18.052,17.95,17.85,17.872,17.805,17.769,17.818,17.846,17.822,17.748,17.654,17.529,17.439,17.431,17.462,17.508,17.538,17.554,17.657,17.69,17.997,17.514,17.404,17.186,17.086,17.104,17.464,17.99,18.168,18.256,18.288,18.291,18.27,18.366,18.056,16.492,13.595,13.039,13.191,13.171,13.172,12.979,12.723,12.575
17.75,17.794,17.845,17.897,17.947,17.994,18.037,18.075,18.111,18.151,18.193,18.204,18.172,18.117,18.07,18.054,18.055,18.022,17.948,17.841,17.733,17.641,17.6,17.652,17.753,17.845,17.975,18.04,18.04,18.087,18.072,18.059,18.05,17.954,17.857,17.867,17.807,17.829,17.907,17.917,17.901,17.809,17.695,17.572,17.425,17.324,17.276,17.214,17.1,17.196,17.327,17.161,17.219,17.105,17.106,17.123,17.088,16.994,17.593,18.109,18.238,18.308,18.309,18.3,18.539,18.988,17.724,15.292,13.001,12.862,12.628,12.388,0,0,0,0
17.732,17.772,17.824,17.878,17.931,17.981,18.028,18.073,18.119,18.17,18.204,18.197,18.162,18.117,18.076,18.057,18.046,18.006,17.921,17.795,17.697,17.629,17.65,17.755,17.881,17.97,18.039,18.022,18.015,18.084,18.076,18.057,18.046,17.941,17.854,17.863,17.843,17.929,17.979,17.9,17.908,17.81,17.566,17.291,16.92,16.733,16.689,16.606,16.584,16.889,16.892,16.74,17.042,17.375,17.487,17.622,17.328,17.266,17.946,18.166,18.149,17.894,17.449,17.682,17.771,16.956,15.497,14.667,0,0,0,0,0,0,0,0
17.709,17.751,17.803,17.859,17.915,17.97,18.021,18.071,18.12,18.16,18.177,18.176,18.157,18.115,18.063,18.029,18.012,17.975,17.87,17.729,17.653,17.653,17.732,17.884,18.006,18.054,18.042,17.987,17.978,18.048,18.064,18.053,18.029,17.91,17.847,17.876,17.919,18.007,17.923,17.809,17.811,17.637,17.142,16.756,16.347,16.132,16.144,16.15,16.289,16.77,16.949,16.914,17.552,17.718,17.567,17.478,17.474,17.711,17.956,17.978,18.034,17.613,16.042,16.061,16.417,16.011,0,0,0,0,0,0,0,0,0,0
17.684,17.73,17.782,17.839,17.897,17.954,18.009,18.061,18.106,18.134,18.156,18.169,18.152,18.097,18.032,17.988,17.975,17.937,17.782,17.678,17.664,17.702,17.829,18.006,18.083,18.047,17.988,17.949,17.946,17.99,18.023,18.018,17.962,17.866,17.859,17.927,17.997,17.999,17.78,17.678,17.693,17.388,16.666,16.105,15.527,15.538,15.798,15.849,16.024,16.444,16.713,17.178,17.606,17.576,17.582,17.608,17.658,17.73,17.677,17.601,17.792,17.626,15.906,13.899,14.326,0,0,0,0,0,0,0,0,0,0,0
17.657,17.708,17.76,17.817,17.876,17.934,17.99,18.04,18.081,18.109,18.136,18.147,18.121,18.059,17.994,17.947,17.938,17.873,17.701,17.672,17.707,17.762,17.927,18.089,18.07,17.993,17.946,17.916,17.899,17.916,17.938,17.927,17.879,17.858,17.915,17.996,18.021,17.942,17.628,17.529,17.438,17.125,16.44,15.685,15.048,15.603,16.248,16.214,15.962,16.21,16.583,17.11,17.413,17.475,17.573,17.576,17.516,17.379,17.205,17.232,17.55,17.435,16.371,14.167,0,0,0,0,0,0,0,0,0,0,0,0
17.628,17.685,17.738,17.795,17.853,17.91,17.964,18.013,18.052,18.084,18.111,18.117,18.086,18.025,17.955,17.904,17.887,17.77,17.679,17.717,17.749,17.815,18.006,18.088,18.024,17.97,17.934,17.884,17.854,17.855,17.864,17.866,17.873,17.917,17.99,18.029,17.993,17.82,17.471,17.398,17.146,16.75,15.893,14.839,15.173,15.842,16.58,16.67,16.218,16.277,16.327,16.511,16.554,16.648,16.841,16.796,16.646,16.449,16.359,16.525,16.852,16.965,16.014,14.275,0,0,0,0,0,0,0,0,0,0,0,0
