15.308,15.29,15.309,15.318,15.33,15.346,15.369,15.395,15.42,15.446,15.439,15.421,15.383,15.326,15.257,15.183,15.111,15.046,14.99,14.952,14.922,14.9,14.89,14.878,14.855,14.814,14.755,14.746,14.779,14.834,14.91,15.013,15.119,15.199,15.251,15.285,15.306,15.316,15.317,15.313,15.301,15.281,15.254,15.219,15.177,15.124,15.046,14.958,14.839,14.656,14.402,14.115,13.918,13.798,13.736,13.713,13.711,13.727,13.742,13.749,13.751,13.751,13.749,13.746,13.743,13.738,13.732,13.725,13.716,13.706,13.695,13.683,13.671,13.659,13.647,13.637
15.326,15.33,15.338,15.347,15.359,15.374,15.392,15.414,15.435,15.449,15.449,15.433,15.402,15.357,15.301,15.237,15.173,15.112,15.059,15.016,14.98,14.952,14.931,14.911,14.885,14.851,14.815,14.805,14.83,14.88,14.952,15.04,15.127,15.198,15.252,15.289,15.312,15.324,15.326,15.319,15.306,15.284,15.255,15.217,15.172,15.115,15.041,14.945,14.818,14.648,14.439,14.214,14.026,13.894,13.813,13.773,13.759,13.76,13.763,13.765,13.764,13.762,13.76,13.756,13.752,13.747,13.741,13.734,13.726,13.716,13.706,13.694,13.683,13.671,13.66,13.65
15.324,15.33,15.338,15.347,15.36,15.375,15.393,15.414,15.435,15.453,15.463,15.461,15.444,15.412,15.368,15.314,15.254,15.193,15.137,15.087,15.043,15.006,14.976,14.949,14.922,14.894,14.871,14.868,14.891,14.936,15,15.074,15.148,15.212,15.263,15.299,15.322,15.334,15.335,15.328,15.313,15.291,15.26,15.221,15.173,15.115,15.041,14.945,14.821,14.665,14.483,14.293,14.122,13.988,13.895,13.838,13.807,13.793,13.786,13.782,13.778,13.774,13.771,13.767,13.762,13.757,13.751,13.744,13.736,13.727,13.717,13.706,13.695,13.684,13.674,13.664
15.308,15.314,15.322,15.33,15.342,15.356,15.374,15.394,15.417,15.44,15.46,15.473,15.474,15.462,15.435,15.394,15.342,15.282,15.221,15.162,15.109,15.062,15.024,14.991,14.962,14.937,14.922,14.923,14.945,14.986,15.042,15.107,15.173,15.231,15.279,15.313,15.334,15.344,15.345,15.338,15.323,15.301,15.27,15.231,15.184,15.127,15.056,14.966,14.85,14.706,14.54,14.366,14.202,14.065,13.962,13.892,13.848,13.822,13.807,13.798,13.791,13.786,13.781,13.777,13.772,13.766,13.761,13.754,13.746,13.738,13.728,13.718,13.708,13.697,13.687,13.678
15.288,15.295,15.301,15.307,15.316,15.328,15.343,15.361,15.383,15.409,15.437,15.463,15.483,15.492,15.487,15.465,15.426,15.371,15.307,15.24,15.175,15.119,15.072,15.033,15.002,14.979,14.966,14.969,14.99,15.027,15.078,15.138,15.198,15.254,15.298,15.33,15.348,15.355,15.354,15.348,15.335,15.315,15.286,15.248,15.202,15.148,15.084,15.003,14.898,14.765,14.606,14.436,14.271,14.127,14.014,13.933,13.879,13.845,13.825,13.812,13.803,13.797,13.791,13.786,13.781,13.776,13.77,13.764,13.757,13.749,13.74,13.73,13.721,13.711,13.701,13.692
15.269,15.276,15.281,15.284,15.29,15.297,15.308,15.322,15.341,15.364,15.394,15.428,15.463,15.494,15.515,15.519,15.5,15.459,15.397,15.322,15.245,15.176,15.12,15.075,15.041,15.018,15.006,15.008,15.027,15.062,15.11,15.166,15.225,15.279,15.321,15.349,15.362,15.364,15.362,15.357,15.349,15.334,15.309,15.272,15.226,15.176,15.12,15.051,14.959,14.835,14.68,14.504,14.329,14.174,14.05,13.96,13.899,13.861,13.837,13.822,13.813,13.806,13.799,13.794,13.789,13.783,13.778,13.773,13.767,13.76,13.752,13.743,13.734,13.725,13.716,13.708
15.254,15.26,15.263,15.265,15.268,15.271,15.276,15.285,15.297,15.314,15.339,15.372,15.412,15.458,15.504,15.54,15.555,15.539,15.491,15.414,15.323,15.239,15.17,15.118,15.08,15.054,15.04,15.042,15.059,15.092,15.138,15.194,15.253,15.307,15.347,15.369,15.375,15.371,15.367,15.364,15.363,15.358,15.34,15.304,15.256,15.206,15.157,15.102,15.027,14.916,14.761,14.573,14.379,14.206,14.069,13.972,13.907,13.868,13.843,13.829,13.819,13.811,13.804,13.798,13.792,13.787,13.782,13.778,13.774,13.769,13.763,13.756,13.748,13.74,13.732,13.724
15.24,15.245,15.246,15.248,15.249,15.251,15.252,15.255,15.261,15.271,15.287,15.311,15.345,15.389,15.446,15.51,15.566,15.593,15.58,15.52,15.415,15.309,15.223,15.16,15.116,15.087,15.071,15.07,15.085,15.116,15.163,15.221,15.285,15.341,15.378,15.391,15.386,15.376,15.371,15.372,15.378,15.385,15.38,15.348,15.293,15.236,15.191,15.149,15.094,15.003,14.851,14.644,14.421,14.223,14.071,13.969,13.904,13.867,13.845,13.832,13.822,13.812,13.802,13.792,13.784,13.778,13.775,13.773,13.773,13.772,13.769,13.765,13.76,13.753,13.746,13.74
15.227,15.231,15.231,15.232,15.233,15.233,15.234,15.234,15.236,15.242,15.252,15.267,15.291,15.322,15.364,15.425,15.507,15.583,15.627,15.622,15.523,15.391,15.28,15.202,15.15,15.116,15.097,15.093,15.106,15.137,15.186,15.251,15.323,15.383,15.413,15.413,15.396,15.382,15.381,15.387,15.395,15.411,15.423,15.401,15.336,15.262,15.216,15.187,15.15,15.088,14.948,14.716,14.45,14.218,14.053,13.95,13.892,13.861,13.844,13.833,13.821,13.803,13.781,13.76,13.744,13.735,13.734,13.739,13.747,13.756,13.762,13.764,13.763,13.758,13.752,13.746
15.211,15.217,15.218,15.217,15.218,15.218,15.218,15.218,15.219,15.222,15.229,15.241,15.259,15.286,15.318,15.347,15.396,15.485,15.58,15.653,15.622,15.484,15.346,15.246,15.182,15.142,15.119,15.113,15.125,15.158,15.213,15.287,15.367,15.428,15.45,15.438,15.411,15.396,15.404,15.419,15.424,15.433,15.456,15.45,15.376,15.274,15.218,15.212,15.191,15.156,15.049,14.79,14.459,14.184,14.011,13.92,13.877,13.857,13.845,13.827,13.792,13.744,13.695,13.653,13.624,13.61,13.613,13.628,13.651,13.676,13.696,13.708,13.71,13.703,13.691,13.679
15.2,15.205,15.205,15.205,15.205,15.205,15.204,15.204,15.205,15.208,15.213,15.222,15.235,15.259,15.295,15.333,15.357,15.394,15.469,15.598,15.675,15.557,15.411,15.295,15.216,15.167,15.139,15.132,15.146,15.182,15.243,15.323,15.405,15.462,15.481,15.468,15.435,15.412,15.423,15.448,15.457,15.452,15.471,15.482,15.408,15.28,15.208,15.221,15.224,15.198,15.137,14.859,14.438,14.115,13.955,13.891,13.866,13.853,13.826,13.766,13.684,13.598,13.525,13.469,13.435,13.426,13.436,13.458,13.488,13.517,13.534,13.537,13.53,13.52,13.514,13.516
15.187,15.196,15.196,15.195,15.195,15.195,15.194,15.193,15.194,15.197,15.202,15.209,15.218,15.236,15.266,15.31,15.354,15.38,15.421,15.521,15.647,15.596,15.455,15.336,15.25,15.193,15.16,15.151,15.166,15.206,15.268,15.345,15.416,15.461,15.478,15.467,15.432,15.416,15.434,15.463,15.472,15.459,15.468,15.489,15.422,15.281,15.204,15.229,15.251,15.225,15.197,14.909,14.389,14.031,13.907,13.873,13.86,13.831,13.756,13.641,13.523,13.427,13.36,13.321,13.311,13.318,13.332,13.347,13.359,13.364,13.363,13.361,13.364,13.376,13.393,13.412
15.177,15.187,15.188,15.187,15.187,15.187,15.187,15.186,15.186,15.188,15.192,15.197,15.204,15.218,15.243,15.283,15.337,15.375,15.406,15.474,15.594,15.633,15.49,15.365,15.28,15.219,15.181,15.17,15.185,15.224,15.283,15.35,15.4,15.423,15.43,15.416,15.402,15.422,15.458,15.482,15.475,15.45,15.457,15.478,15.403,15.258,15.198,15.241,15.274,15.245,15.231,14.929,14.318,13.951,13.88,13.87,13.849,13.772,13.631,13.478,13.365,13.299,13.268,13.267,13.279,13.288,13.292,13.293,13.291,13.292,13.299,13.313,13.333,13.357,13.378,13.391
15.169,15.18,15.18,15.18,15.181,15.182,15.182,15.181,15.18,15.181,15.183,15.185,15.19,15.202,15.224,15.259,15.314,15.369,15.402,15.444,15.554,15.662,15.523,15.383,15.301,15.242,15.203,15.189,15.202,15.239,15.292,15.342,15.366,15.37,15.369,15.376,15.412,15.462,15.493,15.492,15.459,15.429,15.445,15.452,15.345,15.21,15.191,15.257,15.291,15.262,15.247,14.911,14.23,13.892,13.877,13.872,13.81,13.658,13.467,13.327,13.266,13.252,13.263,13.288,13.302,13.298,13.293,13.297,13.309,13.329,13.348,13.363,13.379,13.395,13.401,13.401
15.164,15.172,15.173,15.175,15.177,15.179,15.179,15.177,15.175,15.174,15.173,15.172,15.175,15.187,15.211,15.245,15.291,15.354,15.401,15.43,15.526,15.662,15.557,15.4,15.316,15.263,15.224,15.208,15.219,15.251,15.292,15.321,15.328,15.332,15.357,15.413,15.478,15.509,15.503,15.474,15.429,15.414,15.436,15.391,15.244,15.157,15.196,15.274,15.3,15.275,15.245,14.848,14.129,13.86,13.89,13.86,13.726,13.507,13.331,13.278,13.292,13.312,13.343,13.378,13.394,13.378,13.351,13.35,13.38,13.405,13.401,13.386,13.39,13.397,13.39,13.383
15.159,15.165,15.168,15.171,15.175,15.177,15.177,15.175,15.171,15.167,15.162,15.155,15.157,15.175,15.206,15.245,15.284,15.339,15.395,15.423,15.499,15.629,15.581,15.414,15.325,15.279,15.244,15.227,15.233,15.256,15.281,15.295,15.306,15.342,15.416,15.495,15.527,15.506,15.474,15.44,15.409,15.415,15.404,15.265,15.13,15.135,15.221,15.292,15.305,15.287,15.217,14.737,14.028,13.858,13.903,13.813,13.602,13.382,13.323,13.403,13.462,13.476,13.491,13.528,13.574,13.575,13.507,13.44,13.448,13.491,13.486,13.435,13.401,13.4,13.407,13.406
15.155,15.161,15.165,15.17,15.175,15.178,15.177,15.173,15.167,15.16,15.147,15.136,15.14,15.169,15.215,15.264,15.302,15.339,15.389,15.42,15.476,15.59,15.608,15.433,15.327,15.288,15.261,15.243,15.243,15.258,15.272,15.287,15.33,15.417,15.509,15.542,15.509,15.461,15.432,15.411,15.404,15.411,15.29,15.093,15.074,15.166,15.258,15.304,15.307,15.292,15.15,14.586,13.943,13.875,13.896,13.731,13.486,13.367,13.495,13.665,13.7,13.69,13.681,13.715,13.803,13.878,13.835,13.673,13.547,13.543,13.587,13.605,13.592,13.572,13.554,13.524
15.151,15.16,15.167,15.173,15.178,15.18,15.178,15.172,15.163,15.15,15.129,15.114,15.128,15.179,15.248,15.312,15.352,15.37,15.396,15.422,15.46,15.557,15.641,15.463,15.327,15.292,15.273,15.259,15.258,15.263,15.277,15.325,15.422,15.527,15.556,15.51,15.447,15.409,15.398,15.392,15.405,15.333,15.058,15.002,15.113,15.224,15.288,15.312,15.313,15.281,15.039,14.416,13.886,13.897,13.863,13.637,13.435,13.498,13.782,13.915,13.908,13.896,13.882,13.919,14.025,14.141,14.161,14.043,13.856,13.714,13.674,13.685,13.687,13.648,13.566,13.458
15.154,15.164,15.173,15.179,15.184,15.185,15.18,15.17,15.157,15.136,15.106,15.098,15.136,15.219,15.319,15.4,15.439,15.439,15.431,15.435,15.452,15.527,15.645,15.502,15.337,15.293,15.282,15.277,15.273,15.284,15.331,15.436,15.542,15.568,15.511,15.434,15.382,15.37,15.378,15.384,15.362,15.057,14.911,15.047,15.167,15.255,15.304,15.321,15.317,15.231,14.882,14.253,13.86,13.909,13.812,13.567,13.477,13.73,14.029,14.072,14.072,14.075,14.066,14.097,14.189,14.267,14.224,14.101,13.997,13.912,13.826,13.748,13.655,13.519,13.366,13.228
15.161,15.173,15.182,15.189,15.193,15.191,15.183,15.167,15.147,15.115,15.082,15.1,15.185,15.312,15.44,15.531,15.565,15.543,15.496,15.466,15.457,15.504,15.617,15.548,15.361,15.294,15.287,15.284,15.288,15.348,15.452,15.548,15.585,15.53,15.433,15.36,15.338,15.353,15.369,15.331,15.102,14.837,14.936,15.06,15.147,15.24,15.291,15.307,15.279,15.117,14.693,14.116,13.856,13.909,13.762,13.542,13.594,13.965,14.174,14.183,14.217,14.217,14.203,14.218,14.278,14.269,14.063,13.818,13.725,13.753,13.711,13.589,13.413,13.251,13.133,13.066
15.171,15.184,15.195,15.201,15.203,15.198,15.184,15.162,15.133,15.089,15.071,15.146,15.3,15.473,15.616,15.7,15.717,15.669,15.585,15.514,15.475,15.492,15.583,15.596,15.397,15.29,15.282,15.293,15.339,15.451,15.555,15.602,15.572,15.473,15.359,15.31,15.319,15.341,15.282,15.061,14.811,14.793,14.883,14.961,15.047,15.151,15.201,15.207,15.147,14.928,14.495,14.016,13.862,13.902,13.729,13.563,13.742,14.136,14.262,14.293,14.344,14.326,14.293,14.287,14.311,14.196,13.806,13.413,13.316,13.386,13.359,13.246,13.122,13.059,13.012,12.986
15.181,15.195,15.207,15.214,15.213,15.204,15.184,15.154,15.113,15.063,15.092,15.258,15.486,15.684,15.818,15.879,15.87,15.795,15.679,15.571,15.502,15.491,15.56,15.625,15.451,15.299,15.285,15.339,15.433,15.543,15.613,15.618,15.551,15.414,15.296,15.283,15.3,15.254,15.034,14.751,14.643,14.696,14.732,14.786,14.873,14.976,15.006,14.987,14.91,14.689,14.313,13.953,13.872,13.895,13.72,13.614,13.877,14.24,14.33,14.395,14.442,14.411,14.359,14.32,14.306,14.116,13.604,13.148,13.089,13.125,13.095,13.049,13.002,12.97,12.924,12.899
15.19,15.206,15.22,15.225,15.222,15.207,15.18,15.141,15.09,15.051,15.165,15.431,15.702,15.884,15.98,16.012,15.984,15.895,15.76,15.628,15.534,15.499,15.555,15.632,15.508,15.34,15.335,15.434,15.533,15.606,15.641,15.611,15.499,15.329,15.239,15.265,15.23,15.041,14.724,14.501,14.483,14.512,14.539,14.57,14.632,14.723,14.753,14.704,14.612,14.438,14.164,13.919,13.884,13.896,13.737,13.677,13.974,14.296,14.382,14.464,14.495,14.465,14.414,14.343,14.284,14.062,13.491,13.034,13.013,13.009,12.98,12.957,12.917,12.897,12.879,12.868
15.2,15.216,15.23,15.234,15.227,15.206,15.172,15.124,15.067,15.064,15.286,15.622,15.881,16.008,16.049,16.059,16.033,15.949,15.814,15.673,15.562,15.513,15.572,15.628,15.537,15.405,15.445,15.548,15.61,15.642,15.636,15.553,15.391,15.222,15.199,15.237,15.09,14.771,14.439,14.292,14.277,14.282,14.326,14.371,14.411,14.453,14.485,14.45,14.353,14.224,14.053,13.905,13.897,13.908,13.774,13.74,14.025,14.317,14.416,14.496,14.511,14.477,14.447,14.369,14.263,13.994,13.398,12.98,12.974,12.943,12.921,12.914,12.931,12.973,12.99,12.964
15.212,15.225,15.237,15.239,15.227,15.201,15.159,15.104,15.048,15.105,15.427,15.782,15.985,16.046,16.037,16.038,16.025,15.957,15.836,15.7,15.582,15.532,15.6,15.616,15.546,15.496,15.564,15.624,15.642,15.635,15.571,15.428,15.243,15.121,15.185,15.175,14.899,14.511,14.236,14.162,14.146,14.138,14.153,14.186,14.235,14.268,14.275,14.25,14.178,14.084,13.984,13.906,13.913,13.929,13.827,13.8,14.037,14.305,14.427,14.499,14.508,14.47,14.456,14.394,14.244,13.867,13.267,12.961,12.973,12.964,13.015,13.135,13.225,13.302,13.278,13.159
15.222,15.232,15.241,15.239,15.223,15.191,15.142,15.08,15.037,15.164,15.557,15.889,16.029,16.04,15.996,15.989,15.987,15.937,15.835,15.711,15.589,15.558,15.617,15.605,15.571,15.583,15.627,15.641,15.63,15.572,15.442,15.262,15.094,15.063,15.19,15.066,14.683,14.307,14.141,14.144,14.162,14.174,14.167,14.138,14.122,14.136,14.151,14.135,14.083,14.011,13.948,13.911,13.932,13.959,13.892,13.862,14.032,14.265,14.407,14.479,14.489,14.456,14.451,14.414,14.26,13.776,13.154,12.994,13.064,13.18,13.37,13.646,13.749,13.728,13.541,13.238
15.23,15.237,15.242,15.236,15.216,15.179,15.123,15.056,15.032,15.227,15.654,15.948,16.043,16.027,15.962,15.941,15.942,15.905,15.822,15.708,15.589,15.586,15.627,15.608,15.602,15.619,15.632,15.624,15.567,15.438,15.263,15.089,14.985,15.073,15.174,14.907,14.47,14.183,14.142,14.198,14.23,14.266,14.289,14.257,14.193,14.129,14.093,14.078,14.05,13.994,13.937,13.911,13.94,13.987,13.96,13.931,14.033,14.216,14.36,14.44,14.459,14.44,14.442,14.423,14.298,13.78,13.142,13.089,13.285,13.563,13.791,14.049,14.115,13.906,13.472,13.036
15.232,15.237,15.242,15.232,15.208,15.166,15.103,15.034,15.029,15.271,15.704,15.972,16.048,16.023,15.947,15.913,15.91,15.881,15.807,15.696,15.589,15.605,15.633,15.618,15.609,15.615,15.611,15.546,15.401,15.224,15.07,14.959,14.958,15.124,15.105,14.712,14.305,14.171,14.245,14.297,14.287,14.322,14.358,14.344,14.306,14.248,14.173,14.102,14.055,14.011,13.956,13.916,13.934,13.995,14.014,14.002,14.055,14.18,14.309,14.393,14.426,14.425,14.437,14.424,14.323,13.818,13.184,13.26,13.582,13.828,14.001,14.21,14.153,13.685,13.094,12.775
15.223,15.237,15.241,15.228,15.201,15.155,15.086,15.013,15.02,15.277,15.7,15.966,16.047,16.026,15.954,15.909,15.897,15.864,15.789,15.68,15.589,15.609,15.621,15.598,15.599,15.59,15.489,15.302,15.119,14.998,14.941,14.91,15.003,15.161,14.98,14.52,14.241,14.291,14.425,14.405,14.331,14.347,14.363,14.338,14.309,14.283,14.251,14.193,14.118,14.054,13.997,13.941,13.927,13.98,14.035,14.056,14.092,14.172,14.273,14.355,14.399,14.414,14.435,14.422,14.325,13.818,13.223,13.483,13.757,13.825,14.042,14.255,13.961,13.221,12.747,12.763
15.22,15.241,15.24,15.225,15.196,15.147,15.074,14.996,14.998,15.234,15.639,15.925,16.033,16.034,15.98,15.929,15.901,15.856,15.776,15.672,15.592,15.589,15.579,15.596,15.579,15.404,15.139,14.978,14.939,14.965,14.957,14.932,15.092,15.145,14.804,14.379,14.308,14.497,14.584,14.47,14.36,14.356,14.342,14.297,14.255,14.232,14.227,14.219,14.18,14.116,14.052,13.988,13.94,13.958,14.022,14.076,14.122,14.182,14.26,14.334,14.382,14.409,14.433,14.419,14.297,13.771,13.249,13.624,13.749,13.802,14.147,14.251,13.555,12.766,12.677,12.991
15.221,15.239,15.239,15.224,15.194,15.143,15.068,14.983,14.964,15.145,15.516,15.832,15.988,16.021,15.998,15.953,15.906,15.844,15.755,15.651,15.575,15.575,15.615,15.566,15.268,14.954,14.918,15.044,15.17,15.146,15.034,15.042,15.166,15.02,14.602,14.352,14.488,14.66,14.629,14.47,14.367,14.345,14.308,14.25,14.199,14.174,14.172,14.182,14.182,14.155,14.105,14.045,13.979,13.954,13.996,14.064,14.128,14.191,14.26,14.326,14.375,14.408,14.431,14.409,14.213,13.659,13.311,13.702,13.815,13.92,14.311,14.122,13.035,12.545,12.831,13.242
15.221,15.238,15.237,15.223,15.194,15.145,15.07,14.979,14.932,15.035,15.331,15.664,15.887,15.967,15.953,15.922,15.874,15.807,15.727,15.655,15.627,15.646,15.539,15.143,14.814,14.945,15.2,15.312,15.285,15.221,15.131,15.14,15.086,14.798,14.481,14.472,14.639,14.673,14.568,14.429,14.353,14.32,14.268,14.201,14.15,14.127,14.125,14.136,14.149,14.15,14.13,14.09,14.031,13.977,13.981,14.038,14.113,14.187,14.258,14.324,14.371,14.409,14.427,14.376,14.076,13.535,13.47,13.91,13.986,14.1,14.377,13.842,12.63,12.541,12.996,13.382
15.222,15.237,15.237,15.224,15.197,15.151,15.079,14.986,14.916,14.942,15.118,15.401,15.683,15.875,15.931,15.91,15.871,15.818,15.76,15.7,15.609,15.378,14.97,14.791,14.957,15.142,15.191,15.245,15.268,15.221,15.144,15.059,14.873,14.617,14.505,14.585,14.63,14.577,14.476,14.381,14.33,14.292,14.23,14.164,14.121,14.101,14.095,14.1,14.111,14.12,14.121,14.104,14.065,14.01,13.985,14.019,14.09,14.171,14.249,14.318,14.367,14.409,14.418,14.312,13.869,13.299,13.811,14.208,14.125,14.21,14.343,13.528,12.413,12.588,13.081,13.451
15.213,15.237,15.237,15.226,15.203,15.161,15.095,15.004,14.922,14.9,14.957,15.1,15.314,15.552,15.715,15.768,15.759,15.711,15.621,15.465,15.215,14.917,14.762,14.88,14.985,15.04,15.08,15.135,15.15,15.098,14.996,14.851,14.672,14.546,14.538,14.558,14.528,14.47,14.401,14.347,14.317,14.275,14.212,14.161,14.128,14.105,14.089,14.081,14.082,14.088,14.093,14.089,14.067,14.028,13.996,14.011,14.072,14.154,14.237,14.309,14.365,14.404,14.401,14.221,13.683,13.343,14.144,14.406,14.173,14.24,14.29,13.299,12.309,12.607,13.135,13.516
15.235,15.237,15.237,15.229,15.211,15.176,15.116,15.029,14.941,14.9,14.906,14.933,14.985,15.086,15.226,15.343,15.38,15.343,15.234,15.056,14.861,14.752,14.78,14.85,14.895,14.918,14.943,14.966,14.951,14.882,14.768,14.634,14.52,14.469,14.461,14.454,14.434,14.401,14.363,14.341,14.323,14.282,14.236,14.203,14.179,14.154,14.126,14.1,14.081,14.071,14.067,14.064,14.052,14.029,14.008,14.018,14.07,14.149,14.232,14.307,14.362,14.394,14.351,14.05,13.512,13.904,14.506,14.525,14.231,14.246,14.265,13.186,12.257,12.619,13.206,13.594
15.235,15.237,15.238,15.233,15.22,15.192,15.142,15.062,14.969,14.914,14.912,14.927,14.938,14.954,14.988,15.028,15.044,15.014,14.939,14.841,14.769,14.75,14.761,14.786,14.813,14.82,14.811,14.799,14.761,14.687,14.589,14.489,14.411,14.361,14.333,14.328,14.341,14.354,14.36,14.365,14.355,14.327,14.303,14.291,14.278,14.251,14.211,14.166,14.125,14.092,14.068,14.052,14.04,14.028,14.023,14.039,14.088,14.161,14.239,14.308,14.361,14.373,14.233,13.822,13.413,14.229,14.666,14.636,14.335,14.255,14.279,13.185,12.243,12.638,13.279,13.666
15.231,15.235,15.239,15.238,15.229,15.209,15.169,15.1,15.007,14.934,14.915,14.928,14.943,14.944,14.943,14.941,14.937,14.92,14.89,14.855,14.826,14.794,14.756,14.737,14.748,14.766,14.761,14.729,14.677,14.61,14.538,14.477,14.428,14.389,14.353,14.312,14.282,14.302,14.366,14.409,14.409,14.397,14.399,14.407,14.4,14.37,14.324,14.268,14.21,14.159,14.118,14.086,14.062,14.048,14.049,14.07,14.115,14.18,14.251,14.317,14.355,14.289,13.997,13.58,13.964,14.583,14.739,14.735,14.415,14.255,14.323,13.296,12.277,12.647,13.32,13.711
15.226,15.232,15.239,15.241,15.238,15.225,15.194,15.137,15.053,14.967,14.922,14.914,14.927,14.935,14.933,14.927,14.921,14.914,14.907,14.897,14.883,14.857,14.82,14.783,14.756,14.746,14.745,14.738,14.714,14.673,14.625,14.588,14.57,14.572,14.567,14.507,14.385,14.3,14.369,14.459,14.473,14.483,14.51,14.532,14.532,14.509,14.469,14.41,14.336,14.259,14.197,14.156,14.127,14.105,14.1,14.116,14.155,14.213,14.276,14.321,14.294,14.108,13.765,13.58,14.31,14.672,14.743,14.762,14.446,14.243,14.373,13.537,12.369,12.625,13.302,13.713
15.221,15.229,15.237,15.242,15.244,15.237,15.216,15.171,15.097,15.012,14.951,14.917,14.913,14.925,14.929,14.92,14.905,14.891,14.881,14.877,14.871,14.849,14.807,14.764,14.745,14.748,14.755,14.761,14.765,14.763,14.755,14.744,14.741,14.758,14.775,14.742,14.615,14.404,14.372,14.503,14.537,14.562,14.596,14.612,14.609,14.6,14.587,14.562,14.513,14.428,14.318,14.229,14.186,14.171,14.164,14.174,14.203,14.242,14.273,14.256,14.138,13.894,13.676,13.981,14.512,14.695,14.727,14.751,14.491,14.242,14.397,13.922,12.552,12.579,13.214,13.66
15.207,15.217,15.227,15.235,15.24,15.244,15.233,15.2,15.137,15.057,14.991,14.946,14.912,14.908,14.915,14.913,14.892,14.857,14.826,14.807,14.791,14.758,14.71,14.673,14.662,14.66,14.668,14.694,14.731,14.766,14.795,14.82,14.841,14.865,14.884,14.866,14.794,14.588,14.394,14.526,14.591,14.615,14.639,14.625,14.588,14.543,14.503,14.499,14.539,14.572,14.527,14.407,14.266,14.198,14.189,14.192,14.202,14.211,14.195,14.123,13.98,13.822,13.878,14.301,14.6,14.7,14.697,14.713,14.595,14.286,14.387,14.362,12.869,12.552,13.065,13.543
15.198,15.21,15.224,15.233,15.236,15.237,15.241,15.223,15.174,15.097,15.03,14.988,14.942,14.913,14.908,14.905,14.876,14.813,14.747,14.71,14.694,14.678,14.672,14.693,14.706,14.677,14.643,14.627,14.638,14.668,14.709,14.753,14.797,14.841,14.877,14.884,14.852,14.748,14.465,14.517,14.628,14.643,14.648,14.606,14.543,14.468,14.369,14.295,14.302,14.383,14.501,14.592,14.512,14.365,14.261,14.188,14.167,14.147,14.108,14.04,13.962,13.96,14.171,14.453,14.624,14.694,14.672,14.653,14.693,14.38,14.362,14.614,13.333,12.641,12.897,13.359
15.192,15.205,15.22,15.23,15.233,15.233,15.234,15.236,15.207,15.14,15.067,15.026,14.987,14.943,14.917,14.902,14.86,14.766,14.67,14.631,14.64,14.669,14.72,14.76,14.74,14.698,14.657,14.634,14.648,14.671,14.695,14.711,14.729,14.759,14.799,14.83,14.832,14.819,14.574,14.493,14.641,14.655,14.632,14.562,14.479,14.38,14.254,14.169,14.177,14.245,14.36,14.502,14.579,14.566,14.502,14.336,14.229,14.183,14.141,14.104,14.097,14.179,14.349,14.508,14.615,14.672,14.669,14.615,14.682,14.474,14.347,14.581,13.943,12.978,12.802,13.118
15.184,15.199,15.215,15.225,15.228,15.226,15.225,15.234,15.231,15.186,15.112,15.058,15.029,14.987,14.946,14.915,14.866,14.756,14.63,14.582,14.627,14.712,14.794,14.828,14.818,14.783,14.705,14.638,14.659,14.754,14.81,14.818,14.789,14.761,14.757,14.777,14.789,14.822,14.676,14.486,14.624,14.66,14.612,14.519,14.419,14.329,14.256,14.203,14.23,14.318,14.379,14.45,14.552,14.618,14.628,14.544,14.427,14.345,14.294,14.276,14.297,14.373,14.473,14.561,14.626,14.665,14.673,14.615,14.633,14.535,14.362,14.453,14.318,13.617,12.949,12.878
15.172,15.189,15.207,15.218,15.222,15.219,15.214,15.22,15.239,15.226,15.168,15.103,15.065,15.036,14.989,14.942,14.895,14.807,14.68,14.595,14.605,14.688,14.788,14.861,14.913,14.91,14.82,14.679,14.593,14.674,14.789,14.861,14.869,14.826,14.782,14.768,14.77,14.814,14.756,14.514,14.585,14.659,14.621,14.521,14.433,14.437,14.414,14.331,14.353,14.507,14.629,14.647,14.65,14.68,14.705,14.693,14.635,14.565,14.505,14.469,14.463,14.486,14.525,14.567,14.603,14.621,14.623,14.589,14.6,14.56,14.379,14.225,13.853,13.959,13.552,12.826
15.158,15.177,15.197,15.212,15.217,15.213,15.204,15.203,15.223,15.245,15.222,15.164,15.111,15.081,15.051,14.998,14.942,14.882,14.796,14.718,14.689,14.716,14.782,14.865,14.95,15.002,14.95,14.794,14.603,14.582,14.732,14.862,14.908,14.865,14.801,14.765,14.762,14.806,14.781,14.53,14.515,14.61,14.617,14.552,14.523,14.55,14.467,14.392,14.498,14.706,14.862,14.888,14.831,14.772,14.74,14.733,14.726,14.706,14.679,14.652,14.631,14.618,14.614,14.616,14.621,14.622,14.623,14.607,14.607,14.574,14.394,14.062,13.286,13.528,14.036,13.498
15.14,15.163,15.187,15.205,15.214,15.212,15.201,15.192,15.203,15.237,15.247,15.22,15.175,15.134,15.111,15.083,15.033,14.98,14.93,14.889,14.871,14.879,14.917,14.987,15.067,15.087,15.028,14.907,14.681,14.552,14.694,14.884,14.956,14.899,14.823,14.785,14.792,14.826,14.788,14.568,14.482,14.558,14.606,14.598,14.587,14.478,14.361,14.494,14.768,14.967,15.046,15.012,14.903,14.777,14.695,14.685,14.708,14.722,14.725,14.721,14.715,14.707,14.698,14.689,14.681,14.671,14.665,14.645,14.632,14.578,14.409,14.014,13.076,13.396,13.701,13.996
15.122,15.149,15.176,15.198,15.211,15.214,15.207,15.19,15.187,15.218,15.253,15.247,15.226,15.201,15.176,15.162,15.14,15.107,15.075,15.057,15.055,15.067,15.094,15.134,15.17,15.157,15.077,14.984,14.785,14.564,14.628,14.833,14.97,14.957,14.901,14.879,14.883,14.871,14.777,14.577,14.439,14.449,14.464,14.429,14.332,14.305,14.546,14.906,15.124,15.142,15.065,14.949,14.803,14.691,14.65,14.651,14.653,14.651,14.654,14.654,14.664,14.679,14.692,14.698,14.7,14.696,14.695,14.673,14.653,14.573,14.4,13.806,13.143,13.589,13.623,13.799
15.104,15.134,15.165,15.19,15.208,15.218,15.217,15.201,15.18,15.192,15.238,15.26,15.253,15.24,15.234,15.225,15.219,15.208,15.195,15.186,15.186,15.193,15.204,15.217,15.225,15.203,15.118,15.045,14.917,14.662,14.589,14.706,14.856,14.901,14.875,14.841,14.789,14.692,14.544,14.383,14.28,14.277,14.306,14.355,14.505,14.823,15.104,15.211,15.123,14.979,14.883,14.791,14.687,14.631,14.612,14.597,14.583,14.567,14.55,14.534,14.554,14.613,14.677,14.717,14.731,14.728,14.724,14.695,14.669,14.557,14.281,13.465,13.284,13.542,13.99,13.832
15.085,15.119,15.152,15.18,15.203,15.219,15.226,15.219,15.191,15.174,15.207,15.251,15.267,15.268,15.261,15.253,15.247,15.242,15.241,15.235,15.23,15.227,15.224,15.226,15.229,15.222,15.15,15.069,14.986,14.788,14.645,14.63,14.695,14.734,14.709,14.66,14.598,14.539,14.509,14.528,14.582,14.656,14.756,14.886,15.027,15.109,15.145,15.143,14.978,14.788,14.74,14.684,14.62,14.595,14.595,14.584,14.577,14.576,14.546,14.495,14.47,14.519,14.638,14.748,14.794,14.785,14.757,14.709,14.675,14.521,14.182,13.589,13.566,13.486,13.967,14.014
15.067,15.103,15.138,15.169,15.195,15.215,15.23,15.235,15.217,15.179,15.174,15.212,15.247,15.271,15.285,15.289,15.287,15.282,15.276,15.268,15.26,15.248,15.233,15.226,15.214,15.216,15.184,15.107,15.061,14.929,14.779,14.697,14.668,14.677,14.675,14.683,14.725,14.805,14.904,14.992,15.047,15.081,15.103,15.118,15.126,15.135,15.175,15.16,14.916,14.708,14.668,14.633,14.603,14.615,14.633,14.536,14.435,14.438,14.433,14.431,14.481,14.558,14.679,14.812,14.872,14.846,14.788,14.722,14.674,14.493,14.213,14.13,13.999,13.483,13.754,14.117
15.051,15.089,15.126,15.159,15.186,15.208,15.227,15.242,15.243,15.21,15.166,15.164,15.185,15.213,15.241,15.263,15.275,15.283,15.287,15.292,15.299,15.308,15.314,15.303,15.256,15.22,15.199,15.145,15.113,15.055,14.927,14.851,14.788,14.789,14.826,14.898,14.99,15.074,15.122,15.139,15.149,15.156,15.157,15.158,15.16,15.164,15.194,15.176,14.919,14.69,14.636,14.618,14.615,14.651,14.615,14.371,14.131,14.086,14.149,14.321,14.545,14.713,14.841,14.933,14.944,14.88,14.792,14.718,14.658,14.504,14.366,14.405,14.323,13.539,13.375,13.742
15.038,15.078,15.116,15.149,15.177,15.2,15.22,15.239,15.254,15.248,15.204,15.162,15.147,15.154,15.17,15.182,15.186,15.181,15.171,15.174,15.193,15.222,15.277,15.328,15.348,15.286,15.234,15.176,15.141,15.136,15.051,14.99,14.946,14.942,14.984,15.049,15.102,15.126,15.135,15.143,15.151,15.165,15.174,15.18,15.181,15.177,15.203,15.189,14.953,14.711,14.635,14.619,14.645,14.645,14.613,14.368,14.031,13.888,14.012,14.366,14.722,14.924,15.013,15.024,14.971,14.881,14.783,14.705,14.635,14.572,14.473,14.49,14.504,13.637,12.836,12.646
15.031,15.07,15.108,15.139,15.166,15.19,15.21,15.229,15.246,15.255,15.247,15.215,15.197,15.204,15.192,15.157,15.131,15.104,15.08,15.072,15.085,15.108,15.165,15.229,15.305,15.358,15.296,15.216,15.159,15.163,15.155,15.085,15.047,15.039,15.067,15.1,15.121,15.136,15.152,15.153,15.146,15.157,15.17,15.183,15.189,15.182,15.198,15.204,15,14.749,14.652,14.64,14.639,14.62,14.61,14.361,14.042,13.91,14.081,14.518,14.916,15.065,15.061,15.026,14.948,14.845,14.74,14.666,14.621,14.618,14.521,14.56,14.634,13.658,12.46,12.005
15.027,15.065,15.099,15.126,15.15,15.174,15.197,15.215,15.227,15.235,15.245,15.242,15.252,15.242,15.197,15.154,15.118,15.07,15.035,15.015,15.028,15.061,15.091,15.127,15.186,15.277,15.35,15.291,15.198,15.158,15.192,15.17,15.117,15.075,15.071,15.082,15.092,15.125,15.175,15.179,15.157,15.153,15.163,15.175,15.187,15.183,15.182,15.203,15.054,14.802,14.674,14.666,14.635,14.622,14.601,14.245,13.984,13.96,14.177,14.637,15.016,15.038,14.964,14.936,14.839,14.738,14.689,14.673,14.684,14.649,14.5,14.512,14.652,13.891,12.558,12.135
15.025,15.06,15.092,15.117,15.14,15.163,15.184,15.2,15.211,15.222,15.235,15.249,15.251,15.207,15.162,15.117,15.079,15.028,15.005,14.989,15.003,15.029,15.051,15.068,15.12,15.161,15.257,15.337,15.279,15.192,15.173,15.202,15.189,15.135,15.088,15.063,15.059,15.1,15.168,15.189,15.166,15.157,15.164,15.171,15.188,15.188,15.172,15.175,15.071,14.854,14.705,14.677,14.611,14.648,14.502,14.086,13.933,14.029,14.276,14.695,15.048,14.957,14.804,14.842,14.891,14.936,14.789,14.613,14.726,14.523,14.248,14.295,14.571,14.004,13.115,12.853
15.016,15.055,15.09,15.119,15.142,15.161,15.177,15.19,15.2,15.217,15.241,15.242,15.201,15.16,15.12,15.075,15.039,15.006,14.984,14.952,14.957,14.984,15.013,15.017,15.073,15.092,15.156,15.227,15.308,15.271,15.209,15.193,15.205,15.192,15.156,15.121,15.11,15.145,15.191,15.189,15.166,15.164,15.173,15.181,15.204,15.202,15.164,15.134,15.048,14.859,14.721,14.662,14.627,14.646,14.299,13.98,13.962,14.158,14.428,14.825,15.103,14.972,14.761,14.787,14.727,14.382,13.519,13.823,14.345,14.341,14.39,14.842,14.514,14.135,13.562,12.732
15.005,15.049,15.091,15.125,15.147,15.162,15.172,15.18,15.187,15.196,15.199,15.178,15.152,15.124,15.092,15.065,15.039,15.003,14.965,14.911,14.888,14.887,14.909,14.948,15.002,15.041,15.096,15.131,15.207,15.275,15.266,15.231,15.205,15.198,15.191,15.18,15.179,15.194,15.195,15.173,15.165,15.177,15.193,15.208,15.236,15.213,15.142,15.059,14.941,14.81,14.738,14.646,14.688,14.658,14.137,13.933,14.083,14.369,14.666,15.029,15.191,15.071,14.838,14.777,14.598,14.076,13.054,13.467,13.951,13.749,13.393,13.012,13.125,13.045,12.134,11.77
14.995,15.043,15.089,15.123,15.141,15.149,15.154,15.159,15.157,15.14,15.105,15.082,15.083,15.08,15.067,15.04,15.005,14.962,14.916,14.88,14.852,14.828,14.819,14.837,14.865,14.94,15.028,15.089,15.117,15.175,15.233,15.263,15.243,15.215,15.201,15.196,15.196,15.192,15.177,15.171,15.182,15.205,15.225,15.245,15.261,15.187,15.078,14.946,14.824,14.757,14.698,14.611,14.703,14.392,14.136,14.059,14.321,14.643,15.027,15.232,15.155,15.005,14.845,14.708,14.349,13.672,13.115,12.656,12.687,12.143,11.819,11.933,12.058,11.711,11.186,11.063
14.989,15.036,15.078,15.106,15.116,15.117,15.119,15.121,15.116,15.091,15.048,15.013,15.005,15.006,14.991,14.959,14.912,14.871,14.839,14.821,14.803,14.784,14.763,14.756,14.762,14.803,14.919,15.043,15.081,15.096,15.13,15.207,15.265,15.259,15.239,15.223,15.212,15.203,15.198,15.21,15.237,15.26,15.266,15.272,15.25,15.128,15.021,14.864,14.757,14.766,14.76,14.616,14.429,13.892,14.25,14.351,14.588,14.83,14.947,15.051,15.022,14.896,14.827,14.616,14.343,14.396,13.778,12.462,12.38,11.815,11.514,11.499,11.474,11.301,11.088,11.098
14.992,15.033,15.064,15.078,15.08,15.08,15.086,15.095,15.095,15.065,15.024,14.994,14.98,14.951,14.908,14.877,14.863,14.855,14.848,14.827,14.804,14.776,14.744,14.728,14.705,14.72,14.838,14.996,15.091,15.073,15.064,15.112,15.196,15.257,15.271,15.264,15.255,15.25,15.258,15.28,15.294,15.285,15.267,15.264,15.19,15.043,14.935,14.834,14.794,14.663,14.297,13.976,13.916,13.9,14.526,14.661,14.625,14.494,14.538,14.581,14.583,14.513,14.54,14.348,14.286,14.448,14.573,12.626,11.875,11.827,11.568,11.301,0,0,0,0
15.005,15.034,15.052,15.051,15.05,15.058,15.075,15.08,15.071,15.038,15.012,15.002,14.973,14.911,14.846,14.82,14.851,14.888,14.91,14.903,14.872,14.832,14.793,14.757,14.698,14.7,14.843,15.003,15.089,15.072,15.047,15.062,15.111,15.181,15.235,15.268,15.279,15.289,15.306,15.307,15.286,15.247,15.24,15.217,15.085,14.953,14.876,14.743,14.547,14.176,13.878,13.633,13.439,14.023,14.674,14.592,14.4,14.355,14.229,13.964,13.672,13.556,13.96,13.951,14.17,14.168,13.768,12.771,0,0,0,0,0,0,0,0
15.009,15.034,15.045,15.031,15.031,15.051,15.059,15.061,15.049,15.022,15.007,14.976,14.897,14.819,14.779,14.772,14.799,14.842,14.894,14.938,14.949,14.924,14.888,14.841,14.734,14.713,14.866,15.011,15.08,15.089,15.065,15.049,15.063,15.109,15.166,15.214,15.258,15.296,15.315,15.291,15.236,15.21,15.21,15.105,14.951,14.863,14.73,14.514,14.361,14.361,14.242,13.908,13.473,13.851,14.582,14.54,14.31,14.157,13.734,13.107,12.751,13.151,13.733,13.897,13.915,13.91,0,0,0,0,0,0,0,0,0,0
14.991,15.025,15.043,15.016,15.02,15.042,15.049,15.049,15.035,15.013,14.992,14.898,14.772,14.725,14.735,14.765,14.799,14.835,14.87,14.898,14.932,14.962,14.965,14.923,14.785,14.769,14.903,15,15.076,15.102,15.078,15.049,15.042,15.058,15.103,15.164,15.237,15.299,15.278,15.225,15.203,15.19,15.111,14.947,14.843,14.736,14.597,14.525,14.603,14.645,14.502,14.124,13.509,13.614,14.424,14.463,14.157,13.818,13.167,12.606,12.683,13.005,13.489,13.489,13.496,0,0,0,0,0,0,0,0,0,0,0
14.966,15.01,15.038,15.003,15.013,15.037,15.045,15.045,15.03,15.01,14.941,14.76,14.664,14.678,14.722,14.763,14.793,14.823,14.859,14.9,14.929,14.942,14.966,14.949,14.816,14.828,14.926,14.987,15.061,15.129,15.098,15.056,15.036,15.046,15.09,15.18,15.276,15.276,15.224,15.2,15.17,15.077,14.913,14.826,14.745,14.625,14.554,14.614,14.693,14.673,14.611,14.232,13.634,13.31,14.108,14.403,14.011,13.687,13.035,12.52,12.604,12.582,13.042,12.924,0,0,0,0,0,0,0,0,0,0,0,0
14.94,14.992,15.028,14.99,15.009,15.034,15.046,15.047,15.03,14.995,14.843,14.63,14.612,14.667,14.728,14.773,14.794,14.81,14.828,14.855,14.895,14.933,14.94,14.919,14.83,14.876,14.943,14.981,15.036,15.124,15.129,15.09,15.065,15.085,15.159,15.251,15.258,15.213,15.183,15.148,15.003,14.846,14.754,14.734,14.66,14.576,14.565,14.629,14.623,14.637,14.602,14.155,13.722,12.978,13.545,14.155,13.954,13.787,13.435,13.13,12.622,12.229,12.798,12.462,0,0,0,0,0,0,0,0,0,0,0,0
