16.969,16.975,16.997,16.953,16.992,17.016,17.029,16.548,16.535,16.456,16.383,16.316,16.255,16.198,16.146,16.098,16.053,16.012,15.973,15.938,15.905,15.874,15.846,15.819,15.795,15.772,15.751,15.731,15.713,15.696,15.68,15.666,15.652,15.639,15.627,15.616,15.606,15.596,15.587,15.579,15.571,15.565,15.558,15.553,15.548,15.543,15.539,15.536,15.533,15.53,15.528,15.526,15.525,15.523,15.523,15.522,15.521,15.521,15.52,15.52,15.519,15.519,15.52,15.52,15.521,15.523,15.525,15.527,15.529,15.533,15.548,15.557,15.544,15.543,15.543,15.543
16.963,16.956,16.951,16.932,16.924,16.901,16.831,16.636,16.542,16.46,16.386,16.319,16.257,16.2,16.148,16.099,16.054,16.013,15.974,15.939,15.906,15.875,15.846,15.82,15.795,15.772,15.751,15.732,15.714,15.697,15.681,15.666,15.652,15.64,15.628,15.616,15.606,15.596,15.587,15.579,15.572,15.565,15.559,15.553,15.548,15.543,15.539,15.536,15.533,15.53,15.528,15.526,15.525,15.524,15.523,15.522,15.521,15.521,15.52,15.52,15.519,15.519,15.52,15.52,15.521,15.523,15.525,15.527,15.53,15.535,15.542,15.546,15.543,15.542,15.542,15.543
16.949,16.933,16.917,16.896,16.869,16.826,16.751,16.636,16.542,16.46,16.386,16.319,16.257,16.2,16.148,16.099,16.054,16.013,15.974,15.939,15.906,15.875,15.846,15.82,15.795,15.772,15.751,15.732,15.714,15.697,15.681,15.666,15.652,15.64,15.628,15.616,15.606,15.596,15.587,15.579,15.572,15.565,15.559,15.553,15.548,15.543,15.539,15.536,15.533,15.53,15.528,15.526,15.525,15.524,15.523,15.522,15.521,15.52,15.52,15.52,15.519,15.519,15.52,15.52,15.521,15.523,15.525,15.527,15.53,15.534,15.538,15.541,15.541,15.541,15.542,15.543
16.931,16.909,16.887,16.86,16.826,16.776,16.707,16.619,16.534,16.455,16.383,16.316,16.255,16.198,16.146,16.098,16.053,16.012,15.973,15.938,15.905,15.874,15.845,15.819,15.795,15.772,15.751,15.731,15.713,15.696,15.68,15.666,15.652,15.639,15.627,15.616,15.606,15.596,15.587,15.579,15.571,15.565,15.558,15.553,15.548,15.543,15.539,15.536,15.533,15.53,15.528,15.526,15.525,15.523,15.522,15.522,15.521,15.52,15.52,15.519,15.519,15.519,15.52,15.52,15.521,15.523,15.525,15.527,15.529,15.532,15.535,15.538,15.539,15.54,15.541,15.542
16.908,16.883,16.858,16.829,16.792,16.742,16.677,16.601,16.523,16.448,16.377,16.312,16.251,16.195,16.143,16.095,16.051,16.009,15.971,15.936,15.903,15.872,15.844,15.818,15.793,15.771,15.75,15.73,15.712,15.695,15.68,15.665,15.651,15.639,15.627,15.615,15.605,15.595,15.586,15.578,15.571,15.564,15.558,15.552,15.547,15.543,15.539,15.535,15.532,15.53,15.528,15.526,15.524,15.523,15.522,15.521,15.521,15.52,15.52,15.519,15.519,15.519,15.519,15.52,15.521,15.522,15.524,15.526,15.529,15.531,15.533,15.535,15.537,15.538,15.539,15.541
16.881,16.856,16.83,16.801,16.765,16.717,16.655,16.584,16.51,16.438,16.369,16.305,16.245,16.189,16.138,16.091,16.046,16.006,15.968,15.933,15.9,15.87,15.841,15.815,15.791,15.769,15.748,15.729,15.711,15.694,15.678,15.664,15.65,15.637,15.625,15.614,15.604,15.594,15.586,15.577,15.57,15.563,15.557,15.551,15.546,15.542,15.538,15.535,15.532,15.529,15.527,15.525,15.524,15.523,15.522,15.521,15.52,15.52,15.519,15.519,15.519,15.519,15.519,15.52,15.521,15.522,15.524,15.525,15.528,15.53,15.532,15.534,15.535,15.537,15.538,15.54
16.851,16.828,16.803,16.775,16.741,16.698,16.641,16.571,16.498,16.427,16.359,16.296,16.237,16.182,16.131,16.084,16.041,16.001,15.963,15.928,15.896,15.866,15.838,15.812,15.788,15.766,15.745,15.726,15.708,15.692,15.677,15.662,15.649,15.636,15.624,15.613,15.603,15.593,15.584,15.576,15.569,15.562,15.556,15.55,15.545,15.541,15.537,15.534,15.531,15.528,15.526,15.525,15.523,15.522,15.521,15.52,15.52,15.519,15.519,15.518,15.518,15.518,15.519,15.519,15.52,15.521,15.523,15.525,15.527,15.528,15.53,15.532,15.534,15.535,15.537,15.539
16.823,16.801,16.777,16.75,16.719,16.681,16.632,16.565,16.488,16.414,16.346,16.284,16.226,16.172,16.122,16.076,16.033,15.994,15.957,15.922,15.89,15.861,15.833,15.808,15.784,15.762,15.742,15.723,15.706,15.689,15.674,15.66,15.646,15.634,15.622,15.611,15.601,15.591,15.583,15.574,15.567,15.56,15.554,15.549,15.544,15.539,15.536,15.533,15.53,15.527,15.525,15.524,15.522,15.521,15.52,15.52,15.519,15.519,15.518,15.518,15.518,15.518,15.518,15.519,15.52,15.521,15.522,15.524,15.525,15.527,15.529,15.531,15.532,15.534,15.536,15.537
16.806,16.775,16.75,16.726,16.698,16.664,16.621,16.563,16.485,16.4,16.33,16.269,16.212,16.16,16.111,16.066,16.024,15.985,15.949,15.915,15.883,15.854,15.827,15.802,15.779,15.758,15.738,15.719,15.702,15.686,15.671,15.656,15.643,15.631,15.619,15.608,15.598,15.589,15.58,15.572,15.565,15.558,15.552,15.547,15.542,15.538,15.534,15.531,15.528,15.526,15.524,15.523,15.521,15.52,15.52,15.519,15.518,15.518,15.518,15.517,15.517,15.517,15.517,15.518,15.519,15.52,15.521,15.523,15.524,15.526,15.527,15.529,15.531,15.532,15.534,15.536
16.758,16.741,16.722,16.701,16.677,16.647,16.608,16.557,16.486,16.392,16.308,16.249,16.194,16.143,16.096,16.052,16.011,15.973,15.938,15.905,15.874,15.846,15.819,15.795,15.772,15.751,15.732,15.714,15.697,15.681,15.666,15.652,15.639,15.627,15.615,15.605,15.595,15.586,15.577,15.569,15.562,15.555,15.549,15.544,15.539,15.535,15.532,15.529,15.526,15.524,15.523,15.521,15.52,15.519,15.518,15.518,15.517,15.517,15.516,15.516,15.516,15.516,15.516,15.517,15.518,15.519,15.52,15.522,15.523,15.524,15.526,15.527,15.528,15.53,15.532,15.534
16.712,16.707,16.695,16.678,16.656,16.629,16.594,16.547,16.48,16.383,16.282,16.221,16.169,16.121,16.075,16.033,15.994,15.957,15.923,15.891,15.861,15.833,15.808,15.784,15.762,15.742,15.723,15.706,15.689,15.674,15.659,15.645,15.633,15.621,15.61,15.6,15.59,15.582,15.573,15.566,15.558,15.552,15.546,15.54,15.536,15.532,15.529,15.526,15.524,15.522,15.52,15.519,15.518,15.517,15.516,15.516,15.515,15.515,15.515,15.515,15.515,15.515,15.515,15.516,15.517,15.518,15.519,15.52,15.521,15.522,15.523,15.524,15.526,15.528,15.53,15.533
16.686,16.681,16.67,16.655,16.636,16.611,16.578,16.533,16.467,16.366,16.249,16.188,16.141,16.094,16.051,16.011,15.973,15.937,15.904,15.874,15.845,15.819,15.795,15.772,15.751,15.731,15.713,15.696,15.68,15.665,15.651,15.638,15.626,15.614,15.604,15.594,15.585,15.577,15.569,15.561,15.554,15.547,15.541,15.536,15.532,15.528,15.525,15.523,15.521,15.519,15.518,15.516,15.515,15.514,15.513,15.513,15.512,15.512,15.512,15.512,15.512,15.512,15.512,15.512,15.513,15.513,15.513,15.514,15.514,15.515,15.515,15.516,15.516,15.515,15.513,15.508
16.668,16.66,16.649,16.635,16.616,16.593,16.561,16.517,16.451,16.344,16.215,16.157,16.113,16.068,16.027,15.989,15.952,15.918,15.887,15.857,15.83,15.805,15.781,15.76,15.739,15.721,15.703,15.687,15.671,15.657,15.643,15.631,15.619,15.608,15.598,15.589,15.581,15.573,15.566,15.558,15.55,15.542,15.536,15.532,15.528,15.525,15.522,15.52,15.518,15.516,15.515,15.513,15.512,15.511,15.51,15.51,15.509,15.509,15.509,15.508,15.508,15.507,15.507,15.507,15.507,15.507,15.508,15.509,15.51,15.511,15.511,15.511,15.509,15.507,15.506,15.505
16.653,16.643,16.631,16.616,16.598,16.575,16.544,16.5,16.432,16.319,16.183,16.128,16.087,16.044,16.005,15.968,15.933,15.9,15.87,15.842,15.816,15.792,15.769,15.748,15.729,15.711,15.694,15.678,15.663,15.649,15.636,15.624,15.613,15.603,15.594,15.585,15.578,15.57,15.563,15.555,15.546,15.538,15.532,15.527,15.524,15.521,15.518,15.516,15.514,15.513,15.512,15.51,15.509,15.508,15.507,15.506,15.506,15.505,15.504,15.503,15.503,15.502,15.503,15.503,15.504,15.505,15.505,15.505,15.504,15.501,15.495,15.487,15.477,15.463,15.446,15.418
16.638,16.626,16.613,16.598,16.58,16.557,16.526,16.482,16.412,16.295,16.153,16.102,16.063,16.022,15.984,15.949,15.915,15.884,15.855,15.828,15.803,15.78,15.758,15.738,15.719,15.701,15.685,15.67,15.656,15.642,15.63,15.619,15.608,15.599,15.59,15.582,15.574,15.567,15.56,15.552,15.543,15.535,15.528,15.523,15.52,15.517,15.515,15.513,15.511,15.51,15.509,15.507,15.506,15.505,15.504,15.503,15.502,15.501,15.5,15.5,15.5,15.5,15.5,15.5,15.5,15.498,15.493,15.486,15.476,15.461,15.445,15.426,15.406,15.386,15.363,15.35
16.623,16.61,16.597,16.581,16.563,16.54,16.509,16.463,16.392,16.271,16.126,16.079,16.041,16.001,15.965,15.931,15.899,15.869,15.841,15.815,15.791,15.768,15.747,15.728,15.71,15.693,15.677,15.663,15.649,15.636,15.624,15.614,15.604,15.595,15.586,15.578,15.571,15.564,15.557,15.548,15.539,15.531,15.524,15.52,15.517,15.514,15.512,15.51,15.508,15.507,15.505,15.504,15.503,15.502,15.5,15.499,15.498,15.498,15.497,15.497,15.497,15.496,15.494,15.49,15.484,15.474,15.461,15.446,15.428,15.409,15.392,15.376,15.362,15.352,15.348,15.346
16.608,16.595,16.581,16.565,16.546,16.523,16.491,16.445,16.372,16.249,16.102,16.057,16.02,15.982,15.947,15.914,15.883,15.854,15.828,15.803,15.779,15.758,15.738,15.719,15.702,15.686,15.67,15.656,15.643,15.631,15.62,15.61,15.601,15.592,15.583,15.576,15.568,15.561,15.553,15.545,15.536,15.528,15.521,15.517,15.514,15.511,15.509,15.507,15.506,15.504,15.502,15.501,15.5,15.499,15.497,15.496,15.496,15.495,15.494,15.493,15.49,15.486,15.479,15.469,15.457,15.443,15.428,15.413,15.4,15.39,15.383,15.379,15.379,15.381,15.38,15.376
16.593,16.579,16.565,16.549,16.53,16.506,16.474,16.428,16.354,16.228,16.08,16.037,16.001,15.964,15.931,15.899,15.869,15.842,15.816,15.791,15.769,15.748,15.729,15.711,15.695,15.68,15.665,15.651,15.638,15.627,15.617,15.607,15.598,15.59,15.582,15.574,15.566,15.558,15.55,15.541,15.533,15.525,15.519,15.514,15.511,15.509,15.507,15.505,15.503,15.501,15.5,15.499,15.497,15.496,15.495,15.494,15.493,15.492,15.489,15.485,15.48,15.472,15.462,15.451,15.439,15.428,15.419,15.413,15.409,15.408,15.407,15.406,15.401,15.394,15.384,15.374
16.578,16.564,16.55,16.533,16.514,16.49,16.458,16.411,16.336,16.209,16.059,16.018,15.983,15.948,15.916,15.885,15.857,15.83,15.805,15.781,15.759,15.739,15.721,15.704,15.689,15.674,15.66,15.647,15.635,15.624,15.614,15.605,15.597,15.588,15.58,15.573,15.565,15.556,15.548,15.539,15.531,15.523,15.517,15.512,15.509,15.507,15.505,15.503,15.501,15.499,15.498,15.496,15.495,15.495,15.493,15.492,15.49,15.487,15.483,15.477,15.47,15.463,15.455,15.447,15.441,15.435,15.43,15.426,15.422,15.416,15.405,15.393,15.383,15.378,15.376,15.375
16.563,16.549,16.534,16.518,16.499,16.474,16.442,16.395,16.319,16.191,16.039,16,15.965,15.932,15.901,15.872,15.844,15.819,15.794,15.771,15.75,15.731,15.714,15.698,15.683,15.669,15.656,15.643,15.632,15.622,15.613,15.604,15.595,15.587,15.579,15.571,15.563,15.555,15.547,15.538,15.53,15.522,15.516,15.511,15.507,15.504,15.502,15.5,15.499,15.498,15.497,15.495,15.494,15.493,15.492,15.49,15.488,15.484,15.48,15.476,15.471,15.464,15.458,15.452,15.445,15.436,15.426,15.415,15.402,15.389,15.384,15.395,15.416,15.442,15.467,15.485
16.547,16.534,16.519,16.503,16.484,16.459,16.426,16.379,16.303,16.175,16.021,15.982,15.949,15.917,15.887,15.859,15.833,15.808,15.785,15.763,15.742,15.724,15.707,15.692,15.678,15.665,15.652,15.64,15.63,15.62,15.611,15.602,15.594,15.585,15.577,15.568,15.56,15.552,15.545,15.538,15.53,15.523,15.516,15.511,15.506,15.503,15.5,15.498,15.496,15.495,15.495,15.495,15.495,15.495,15.493,15.491,15.487,15.484,15.48,15.474,15.466,15.458,15.448,15.436,15.424,15.413,15.404,15.394,15.391,15.412,15.46,15.521,15.575,15.615,15.642,15.661
16.532,16.519,16.505,16.488,16.469,16.445,16.412,16.364,16.289,16.159,16.003,15.965,15.933,15.902,15.873,15.846,15.821,15.797,15.775,15.755,15.735,15.718,15.701,15.687,15.673,15.66,15.648,15.637,15.627,15.618,15.609,15.601,15.592,15.584,15.575,15.566,15.556,15.548,15.542,15.536,15.53,15.524,15.518,15.513,15.508,15.504,15.499,15.495,15.492,15.49,15.488,15.488,15.487,15.487,15.486,15.484,15.48,15.475,15.467,15.459,15.449,15.438,15.425,15.415,15.41,15.403,15.392,15.404,15.464,15.548,15.629,15.675,15.678,15.661,15.649,15.651
16.516,16.504,16.49,16.474,16.455,16.431,16.398,16.351,16.275,16.144,15.986,15.949,15.917,15.888,15.859,15.833,15.809,15.787,15.766,15.747,15.728,15.711,15.696,15.681,15.668,15.656,15.645,15.634,15.625,15.616,15.607,15.599,15.591,15.583,15.575,15.565,15.555,15.547,15.54,15.535,15.53,15.525,15.52,15.515,15.511,15.504,15.498,15.492,15.486,15.481,15.477,15.473,15.471,15.467,15.465,15.459,15.453,15.447,15.44,15.431,15.422,15.415,15.414,15.414,15.406,15.412,15.439,15.495,15.62,15.723,15.688,15.561,15.447,15.384,15.367,15.386
16.502,16.49,16.477,16.461,16.442,16.418,16.385,16.338,16.262,16.131,15.969,15.933,15.902,15.874,15.846,15.821,15.797,15.776,15.757,15.739,15.721,15.705,15.69,15.676,15.663,15.652,15.641,15.631,15.622,15.614,15.606,15.598,15.591,15.584,15.576,15.567,15.558,15.55,15.543,15.537,15.532,15.527,15.522,15.516,15.509,15.501,15.493,15.486,15.48,15.473,15.467,15.461,15.458,15.452,15.447,15.439,15.434,15.429,15.424,15.42,15.417,15.418,15.413,15.399,15.399,15.454,15.58,15.712,15.737,15.585,15.345,15.172,15.109,15.118,15.162,15.222
16.488,16.477,16.464,16.448,16.43,16.405,16.373,16.326,16.25,16.118,15.953,15.917,15.887,15.86,15.833,15.809,15.787,15.767,15.748,15.731,15.714,15.699,15.684,15.671,15.659,15.648,15.638,15.629,15.62,15.612,15.605,15.598,15.591,15.584,15.577,15.57,15.562,15.555,15.548,15.541,15.535,15.529,15.522,15.514,15.505,15.496,15.488,15.483,15.477,15.471,15.467,15.461,15.457,15.452,15.447,15.442,15.439,15.437,15.435,15.433,15.431,15.429,15.43,15.437,15.465,15.558,15.704,15.729,15.539,15.222,15.007,14.957,14.988,15.055,15.144,15.242
16.476,16.465,16.452,16.437,16.418,16.394,16.362,16.314,16.239,16.106,15.939,15.903,15.874,15.848,15.822,15.799,15.777,15.758,15.739,15.723,15.707,15.693,15.679,15.666,15.655,15.644,15.635,15.626,15.618,15.611,15.604,15.597,15.59,15.584,15.577,15.571,15.564,15.558,15.551,15.544,15.536,15.528,15.52,15.511,15.503,15.493,15.486,15.483,15.479,15.475,15.472,15.469,15.466,15.465,15.463,15.462,15.461,15.459,15.456,15.452,15.448,15.446,15.455,15.486,15.551,15.664,15.737,15.604,15.262,14.96,14.86,14.859,14.893,14.969,15.084,15.219
16.466,16.455,16.442,16.426,16.408,16.384,16.351,16.304,16.229,16.096,15.926,15.89,15.861,15.836,15.811,15.789,15.768,15.749,15.731,15.715,15.7,15.686,15.673,15.662,15.651,15.641,15.632,15.624,15.617,15.61,15.603,15.596,15.589,15.583,15.576,15.57,15.563,15.556,15.549,15.542,15.533,15.525,15.516,15.508,15.503,15.495,15.49,15.487,15.486,15.485,15.484,15.484,15.484,15.485,15.486,15.485,15.484,15.481,15.479,15.48,15.481,15.48,15.491,15.534,15.623,15.727,15.714,15.457,15.066,14.819,14.733,14.7,14.72,14.814,14.972,15.161
16.457,16.445,16.432,16.417,16.398,16.374,16.342,16.295,16.219,16.087,15.913,15.877,15.849,15.825,15.8,15.779,15.759,15.741,15.724,15.708,15.694,15.681,15.668,15.657,15.647,15.639,15.63,15.623,15.615,15.608,15.601,15.594,15.587,15.581,15.574,15.567,15.56,15.553,15.545,15.537,15.529,15.521,15.514,15.508,15.505,15.502,15.5,15.499,15.498,15.499,15.499,15.501,15.503,15.505,15.506,15.506,15.505,15.504,15.506,15.513,15.524,15.533,15.546,15.585,15.672,15.761,15.696,15.382,14.984,14.727,14.597,14.532,14.551,14.678,14.891,15.136
16.449,16.437,16.424,16.408,16.389,16.365,16.333,16.286,16.211,16.077,15.9,15.864,15.837,15.813,15.788,15.769,15.749,15.733,15.717,15.702,15.688,15.675,15.664,15.654,15.645,15.637,15.629,15.621,15.614,15.606,15.599,15.592,15.584,15.577,15.57,15.563,15.556,15.548,15.541,15.534,15.527,15.522,15.518,15.516,15.515,15.515,15.516,15.518,15.52,15.524,15.528,15.532,15.536,15.538,15.54,15.541,15.543,15.549,15.559,15.572,15.585,15.594,15.604,15.636,15.708,15.784,15.719,15.42,15.024,14.715,14.528,14.441,14.478,14.647,14.906,15.186
16.442,16.43,16.416,16.4,16.381,16.357,16.325,16.278,16.202,16.067,15.886,15.85,15.823,15.799,15.776,15.757,15.74,15.724,15.709,15.695,15.682,15.671,15.661,15.652,15.643,15.635,15.627,15.62,15.612,15.604,15.596,15.588,15.581,15.573,15.566,15.559,15.552,15.546,15.54,15.535,15.532,15.53,15.53,15.531,15.533,15.537,15.541,15.546,15.551,15.556,15.56,15.563,15.567,15.571,15.576,15.582,15.592,15.606,15.625,15.647,15.666,15.677,15.683,15.702,15.752,15.811,15.777,15.562,15.222,14.891,14.65,14.553,14.62,14.819,15.086,15.351
16.436,16.423,16.409,16.393,16.374,16.35,16.318,16.27,16.194,16.057,15.871,15.835,15.808,15.786,15.763,15.747,15.73,15.715,15.701,15.688,15.677,15.668,15.659,15.65,15.642,15.634,15.626,15.618,15.609,15.601,15.593,15.585,15.577,15.569,15.562,15.557,15.551,15.548,15.545,15.544,15.545,15.547,15.551,15.555,15.561,15.567,15.574,15.58,15.587,15.594,15.6,15.607,15.615,15.625,15.637,15.653,15.671,15.691,15.71,15.728,15.745,15.755,15.759,15.768,15.801,15.845,15.838,15.72,15.498,15.24,15.039,14.964,15.028,15.194,15.4,15.591
16.43,16.417,16.403,16.387,16.368,16.343,16.311,16.264,16.187,16.048,15.856,15.819,15.793,15.772,15.751,15.736,15.72,15.707,15.694,15.683,15.674,15.666,15.658,15.649,15.641,15.632,15.624,15.615,15.606,15.597,15.589,15.581,15.574,15.568,15.563,15.56,15.558,15.558,15.56,15.562,15.566,15.571,15.577,15.584,15.592,15.602,15.612,15.621,15.63,15.638,15.645,15.653,15.664,15.681,15.703,15.73,15.758,15.782,15.8,15.811,15.82,15.831,15.84,15.85,15.869,15.895,15.901,15.852,15.741,15.598,15.484,15.445,15.489,15.588,15.7,15.794
16.425,16.412,16.397,16.381,16.362,16.337,16.305,16.258,16.18,16.04,15.842,15.805,15.78,15.761,15.741,15.727,15.712,15.701,15.689,15.681,15.673,15.665,15.657,15.648,15.639,15.63,15.621,15.611,15.603,15.594,15.587,15.58,15.575,15.572,15.57,15.57,15.572,15.575,15.58,15.586,15.594,15.603,15.613,15.625,15.637,15.648,15.66,15.671,15.684,15.697,15.711,15.729,15.75,15.775,15.803,15.831,15.855,15.873,15.884,15.889,15.892,15.896,15.904,15.914,15.924,15.934,15.936,15.914,15.866,15.805,15.761,15.754,15.782,15.823,15.862,15.894
16.42,16.407,16.392,16.376,16.356,16.332,16.299,16.252,16.175,16.034,15.83,15.792,15.769,15.751,15.732,15.72,15.706,15.697,15.688,15.681,15.673,15.665,15.656,15.646,15.636,15.627,15.618,15.609,15.601,15.594,15.589,15.585,15.584,15.584,15.586,15.59,15.596,15.604,15.613,15.623,15.634,15.645,15.655,15.667,15.68,15.697,15.717,15.74,15.763,15.787,15.81,15.831,15.851,15.867,15.879,15.886,15.889,15.891,15.895,15.902,15.913,15.927,15.944,15.962,15.976,15.982,15.977,15.961,15.937,15.916,15.903,15.898,15.899,15.903,15.914,15.936
16.416,16.402,16.387,16.371,16.351,16.327,16.295,16.248,16.171,16.03,15.821,15.782,15.76,15.744,15.726,15.715,15.704,15.697,15.689,15.682,15.673,15.664,15.654,15.644,15.635,15.626,15.618,15.611,15.605,15.602,15.6,15.6,15.602,15.606,15.612,15.619,15.627,15.637,15.647,15.659,15.672,15.688,15.706,15.729,15.756,15.787,15.819,15.851,15.879,15.903,15.921,15.932,15.936,15.931,15.919,15.9,15.879,15.863,15.858,15.865,15.879,15.895,15.912,15.926,15.937,15.945,15.95,15.95,15.945,15.936,15.926,15.917,15.916,15.926,15.95,15.975
16.412,16.397,16.382,16.366,16.346,16.322,16.29,16.244,16.168,16.027,15.816,15.775,15.755,15.74,15.722,15.714,15.704,15.699,15.691,15.683,15.674,15.664,15.654,15.645,15.636,15.629,15.624,15.62,15.618,15.618,15.619,15.623,15.629,15.636,15.645,15.656,15.668,15.683,15.699,15.716,15.734,15.756,15.786,15.822,15.862,15.901,15.934,15.959,15.973,15.979,15.976,15.968,15.957,15.943,15.927,15.906,15.884,15.864,15.854,15.855,15.862,15.872,15.881,15.889,15.893,15.894,15.893,15.893,15.895,15.901,15.912,15.93,15.953,15.979,15.995,15.992
16.407,16.393,16.378,16.361,16.342,16.318,16.286,16.24,16.166,16.027,15.813,15.772,15.752,15.738,15.721,15.715,15.706,15.701,15.693,15.685,15.675,15.666,15.657,15.65,15.644,15.639,15.637,15.637,15.638,15.641,15.646,15.653,15.662,15.674,15.687,15.7,15.714,15.726,15.741,15.764,15.799,15.845,15.895,15.942,15.978,16.001,16.01,16.01,16.005,16,15.996,15.992,15.988,15.981,15.972,15.962,15.953,15.947,15.946,15.952,15.962,15.972,15.981,15.986,15.989,15.989,15.988,15.988,15.991,15.997,16.004,16.011,16.01,16.002,15.986,15.97
16.403,16.389,16.373,16.356,16.337,16.313,16.282,16.237,16.164,16.027,15.813,15.77,15.752,15.738,15.723,15.718,15.71,15.705,15.696,15.688,15.679,15.672,15.665,15.66,15.657,15.656,15.656,15.66,15.664,15.671,15.679,15.69,15.703,15.716,15.728,15.742,15.76,15.787,15.827,15.879,15.934,15.983,16.017,16.03,16.028,16.022,16.02,16.027,16.041,16.059,16.075,16.085,16.09,16.09,16.086,16.079,16.074,16.075,16.083,16.099,16.119,16.137,16.149,16.15,16.14,16.123,16.103,16.081,16.06,16.039,16.015,15.99,15.974,15.977,15.995,16.007
16.4,16.384,16.368,16.351,16.332,16.308,16.278,16.234,16.163,16.028,15.813,15.769,15.752,15.741,15.727,15.723,15.715,15.71,15.701,15.694,15.687,15.682,15.678,15.677,15.677,15.678,15.68,15.687,15.695,15.705,15.717,15.73,15.744,15.759,15.778,15.806,15.843,15.892,15.945,15.994,16.027,16.043,16.045,16.045,16.054,16.076,16.109,16.143,16.171,16.189,16.197,16.201,16.203,16.206,16.21,16.213,16.212,16.208,16.206,16.207,16.208,16.202,16.183,16.152,16.117,16.085,16.055,16.028,16.001,15.974,15.961,15.977,16.008,16.033,16.055,16.063
16.396,16.38,16.363,16.346,16.326,16.303,16.273,16.231,16.161,16.029,15.814,15.769,15.754,15.744,15.732,15.729,15.72,15.716,15.709,15.704,15.7,15.697,15.697,15.697,15.7,15.703,15.708,15.718,15.73,15.743,15.758,15.772,15.79,15.814,15.852,15.906,15.968,16.025,16.068,16.088,16.084,16.074,16.082,16.114,16.161,16.206,16.233,16.235,16.218,16.191,16.167,16.152,16.148,16.155,16.17,16.189,16.204,16.212,16.213,16.2,16.167,16.116,16.064,16.032,16.022,16.021,16.018,16.013,16.01,16.005,16.008,16.038,16.067,16.078,16.084,16.088
16.393,16.375,16.357,16.339,16.32,16.297,16.268,16.227,16.159,16.03,15.815,15.77,15.757,15.749,15.737,15.735,15.726,15.724,15.721,15.719,15.717,15.716,15.717,15.719,15.723,15.731,15.741,15.755,15.769,15.783,15.796,15.815,15.854,15.917,15.992,16.059,16.101,16.103,16.075,16.051,16.064,16.121,16.193,16.255,16.281,16.26,16.199,16.127,16.07,16.041,16.034,16.041,16.05,16.06,16.074,16.095,16.121,16.14,16.131,16.088,16.027,15.994,16.006,16.04,16.069,16.074,16.062,16.047,16.023,16.001,16.033,16.098,16.139,16.147,16.149,16.132
16.391,16.369,16.349,16.331,16.312,16.29,16.262,16.223,16.157,16.031,15.818,15.772,15.763,15.756,15.744,15.743,15.735,15.736,15.735,15.736,15.734,15.734,15.738,15.744,15.754,15.767,15.78,15.791,15.801,15.815,15.849,15.917,16.008,16.087,16.122,16.106,16.074,16.069,16.101,16.16,16.232,16.29,16.306,16.269,16.168,16.038,15.951,15.942,15.965,16,16.028,16.056,16.067,16.062,16.054,16.058,16.063,16.038,16.009,15.982,15.984,16.044,16.112,16.129,16.084,16.023,15.987,15.979,15.973,16.006,16.105,16.196,16.23,16.22,16.198,16.158
16.385,16.359,16.339,16.321,16.303,16.282,16.255,16.217,16.155,16.032,15.822,15.777,15.77,15.765,15.754,15.753,15.746,15.751,15.75,15.753,15.753,15.758,15.767,15.778,15.79,15.799,15.806,15.814,15.838,15.898,15.995,16.089,16.131,16.108,16.063,16.075,16.135,16.2,16.253,16.296,16.311,16.259,16.14,15.992,15.846,15.805,15.884,15.968,15.986,16,16.013,16.045,16.047,16.036,16.034,16.023,16.001,16.006,16.046,16.067,16.074,16.084,16.077,16.01,15.94,15.916,15.92,15.933,15.961,16.045,16.172,16.262,16.282,16.257,16.219,16.168
16.36,16.341,16.324,16.308,16.292,16.272,16.247,16.211,16.152,16.034,15.828,15.784,15.78,15.777,15.766,15.766,15.761,15.768,15.768,15.773,15.779,15.788,15.798,15.805,15.811,15.818,15.834,15.877,15.958,16.055,16.116,16.114,16.056,16.039,16.123,16.229,16.288,16.276,16.241,16.194,16.1,15.964,15.814,15.71,15.705,15.819,15.944,15.942,15.883,15.892,15.929,15.961,15.951,15.939,15.943,15.926,15.919,15.96,16.028,16,15.989,15.961,15.913,15.884,15.903,15.928,15.942,15.949,15.983,16.08,16.203,16.284,16.304,16.281,16.237,16.191
16.332,16.319,16.307,16.293,16.279,16.261,16.238,16.205,16.148,16.036,15.836,15.792,15.791,15.789,15.78,15.782,15.78,15.789,15.791,15.799,15.805,15.811,15.818,15.825,15.842,15.875,15.932,16.01,16.08,16.104,16.073,16.022,16.055,16.176,16.299,16.313,16.199,16.042,15.989,15.945,15.802,15.703,15.645,15.667,15.724,15.822,15.888,15.839,15.791,15.817,15.849,15.849,15.835,15.851,15.915,15.972,16.006,16,15.939,15.89,15.853,15.843,15.85,15.876,15.886,15.913,15.95,15.975,16.006,16.077,16.183,16.271,16.308,16.302,16.274,16.244
16.304,16.297,16.288,16.277,16.265,16.249,16.228,16.197,16.145,16.038,15.845,15.801,15.802,15.802,15.797,15.803,15.803,15.811,15.814,15.82,15.826,15.835,15.853,15.882,15.925,15.979,16.031,16.069,16.067,16.032,16.017,16.084,16.247,16.342,16.265,16.056,15.886,15.83,15.829,15.831,15.674,15.64,15.701,15.76,15.778,15.813,15.86,15.797,15.749,15.769,15.782,15.775,15.796,15.864,15.942,15.976,15.948,15.885,15.836,15.813,15.791,15.739,15.685,15.678,15.723,15.81,15.908,15.978,16.021,16.068,16.142,16.229,16.29,16.309,16.301,16.286
16.276,16.275,16.269,16.261,16.251,16.237,16.218,16.189,16.14,16.04,15.855,15.812,15.817,15.817,15.815,15.822,15.822,15.829,15.835,15.846,15.864,15.889,15.923,15.96,15.996,16.024,16.041,16.029,16.006,16.049,16.165,16.315,16.369,16.199,15.887,15.86,15.849,15.715,15.637,15.681,15.715,15.814,15.874,15.874,15.832,15.804,15.786,15.754,15.729,15.725,15.754,15.786,15.793,15.78,15.796,15.818,15.796,15.754,15.705,15.63,15.541,15.488,15.495,15.527,15.572,15.663,15.8,15.927,16.012,16.068,16.123,16.192,16.254,16.292,16.304,16.296
16.258,16.256,16.252,16.245,16.236,16.224,16.207,16.181,16.136,16.042,15.867,15.825,15.832,15.833,15.832,15.84,15.843,15.857,15.873,15.896,15.923,15.949,15.973,15.993,16.01,16.019,16.017,16.025,16.097,16.244,16.351,16.371,16.175,15.883,15.802,15.826,15.688,15.566,15.665,15.78,15.873,15.933,15.938,15.898,15.845,15.794,15.74,15.683,15.67,15.692,15.721,15.763,15.782,15.731,15.65,15.618,15.618,15.586,15.501,15.415,15.405,15.463,15.53,15.575,15.585,15.59,15.671,15.816,15.957,16.051,16.098,16.138,16.182,16.215,16.229,16.222
16.24,16.239,16.235,16.23,16.223,16.212,16.197,16.173,16.131,16.044,15.879,15.839,15.848,15.849,15.854,15.868,15.881,15.902,15.923,15.942,15.957,15.97,15.988,16.012,16.03,16.055,16.1,16.162,16.289,16.392,16.351,16.078,15.847,15.79,15.68,15.515,15.508,15.652,15.741,15.78,15.855,15.924,15.949,15.919,15.864,15.806,15.762,15.729,15.691,15.646,15.627,15.632,15.63,15.612,15.589,15.558,15.489,15.397,15.347,15.37,15.426,15.476,15.536,15.615,15.662,15.64,15.612,15.692,15.856,15.978,16.017,16.008,15.992,15.987,15.994,16.007
16.224,16.222,16.22,16.216,16.209,16.2,16.187,16.165,16.127,16.045,15.888,15.852,15.871,15.879,15.892,15.91,15.924,15.939,15.95,15.959,15.979,16.012,16.049,16.087,16.144,16.188,16.232,16.335,16.365,16.18,15.993,15.787,15.654,15.493,15.337,15.374,15.571,15.653,15.65,15.752,15.863,15.869,15.819,15.778,15.747,15.723,15.707,15.687,15.651,15.618,15.615,15.633,15.648,15.623,15.532,15.411,15.325,15.299,15.311,15.323,15.313,15.311,15.38,15.514,15.637,15.689,15.669,15.658,15.744,15.852,15.873,15.823,15.76,15.719,15.722,15.767
16.208,16.207,16.205,16.202,16.196,16.189,16.177,16.158,16.123,16.051,15.913,15.891,15.913,15.921,15.932,15.94,15.946,15.951,15.965,16.001,16.064,16.131,16.195,16.243,16.244,16.267,16.342,16.384,16.14,15.823,15.679,15.552,15.382,15.283,15.312,15.382,15.512,15.579,15.667,15.794,15.812,15.756,15.72,15.716,15.717,15.704,15.673,15.648,15.656,15.693,15.706,15.659,15.576,15.477,15.373,15.272,15.182,15.109,15.062,15.04,15.041,15.08,15.177,15.323,15.487,15.624,15.686,15.666,15.654,15.696,15.715,15.684,15.643,15.614,15.606,15.631
16.193,16.193,16.192,16.189,16.184,16.177,16.167,16.15,16.12,16.058,15.947,15.932,15.941,15.936,15.939,15.945,15.959,15.986,16.04,16.123,16.208,16.253,16.279,16.252,16.318,16.355,16.401,16.261,15.849,15.552,15.448,15.343,15.346,15.517,15.552,15.457,15.454,15.582,15.756,15.831,15.814,15.786,15.769,15.739,15.693,15.659,15.666,15.712,15.763,15.768,15.71,15.618,15.514,15.359,15.106,14.822,14.63,14.569,14.572,14.603,14.671,14.791,14.952,15.123,15.296,15.477,15.626,15.691,15.674,15.647,15.641,15.613,15.538,15.483,15.507,15.574
16.18,16.18,16.179,16.176,16.173,16.167,16.158,16.144,16.117,16.061,15.954,15.916,15.926,15.931,15.955,15.982,16.031,16.096,16.175,16.241,16.263,16.245,16.246,16.301,16.367,16.357,16.271,15.993,15.583,15.351,15.283,15.378,15.657,15.741,15.604,15.507,15.545,15.729,15.889,15.918,15.866,15.805,15.745,15.689,15.66,15.678,15.74,15.811,15.849,15.818,15.686,15.447,15.121,14.741,14.425,14.299,14.313,14.371,14.429,14.465,14.482,14.545,14.683,14.902,15.118,15.294,15.453,15.602,15.7,15.702,15.618,15.489,15.357,15.321,15.392,15.481
16.167,16.167,16.166,16.165,16.162,16.157,16.149,16.137,16.114,16.062,15.957,15.941,15.971,16.012,16.061,16.102,16.161,16.223,16.268,16.263,16.216,16.201,16.247,16.285,16.236,16.137,15.987,15.705,15.375,15.224,15.35,15.692,15.822,15.706,15.613,15.608,15.705,15.836,15.902,15.886,15.824,15.752,15.697,15.687,15.727,15.803,15.874,15.892,15.814,15.63,15.346,14.987,14.617,14.355,14.272,14.31,14.393,14.481,14.545,14.582,14.569,14.521,14.526,14.662,14.901,15.112,15.238,15.383,15.552,15.646,15.594,15.439,15.255,15.147,15.157,15.218
16.156,16.155,16.155,16.153,16.151,16.147,16.141,16.132,16.114,16.076,16.022,16.098,16.106,16.175,16.19,16.214,16.238,16.265,16.275,16.229,16.165,16.19,16.22,16.091,15.918,15.825,15.72,15.48,15.241,15.292,15.654,15.843,15.741,15.634,15.626,15.699,15.797,15.857,15.851,15.807,15.763,15.739,15.75,15.795,15.851,15.88,15.85,15.735,15.522,15.228,14.901,14.599,14.396,14.332,14.328,14.361,14.426,14.498,14.573,14.639,14.656,14.615,14.545,14.532,14.653,14.889,15.108,15.213,15.333,15.435,15.466,15.4,15.271,15.15,15.079,15.054
16.144,16.144,16.143,16.142,16.141,16.138,16.134,16.128,16.117,16.1,16.12,16.251,16.215,16.26,16.228,16.228,16.224,16.23,16.239,16.198,16.148,16.171,16.059,15.755,15.603,15.613,15.522,15.313,15.261,15.574,15.856,15.833,15.76,15.745,15.798,15.862,15.899,15.9,15.882,15.86,15.84,15.814,15.77,15.711,15.649,15.577,15.466,15.296,15.071,14.822,14.597,14.441,14.369,14.329,14.302,14.319,14.38,14.457,14.524,14.595,14.641,14.65,14.614,14.547,14.525,14.639,14.872,15.111,15.203,15.258,15.319,15.305,15.262,15.21,15.165,15.141
16.133,16.133,16.132,16.132,16.13,16.129,16.126,16.123,16.119,16.119,16.168,16.28,16.221,16.216,16.206,16.202,16.194,16.196,16.21,16.181,16.126,16.052,15.753,15.441,15.447,15.46,15.334,15.252,15.48,15.853,15.98,15.955,15.937,15.936,15.937,15.937,15.924,15.898,15.863,15.806,15.711,15.587,15.453,15.32,15.191,15.066,14.938,14.795,14.644,14.503,14.4,14.352,14.319,14.296,14.292,14.314,14.356,14.414,14.474,14.519,14.578,14.629,14.648,14.612,14.532,14.5,14.601,14.83,15.108,15.257,15.249,15.222,15.223,15.204,15.166,15.14
16.122,16.122,16.121,16.121,16.12,16.119,16.118,16.117,16.118,16.127,16.165,16.188,16.183,16.201,16.225,16.227,16.214,16.199,16.196,16.164,16.052,15.794,15.414,15.271,15.326,15.275,15.232,15.412,15.765,15.983,16.03,16.021,15.996,15.945,15.877,15.802,15.717,15.622,15.514,15.382,15.237,15.093,14.964,14.844,14.728,14.616,14.508,14.404,14.32,14.283,14.27,14.278,14.296,14.311,14.32,14.325,14.337,14.362,14.396,14.436,14.485,14.567,14.637,14.648,14.592,14.512,14.488,14.568,14.713,14.858,14.919,14.894,14.837,14.791,14.778,14.778
16.111,16.111,16.11,16.11,16.11,16.109,16.109,16.11,16.113,16.125,16.156,16.165,16.234,16.287,16.326,16.307,16.263,16.215,16.183,16.107,15.879,15.467,15.18,15.169,15.174,15.176,15.36,15.654,15.828,15.873,15.854,15.809,15.734,15.632,15.516,15.385,15.241,15.094,14.95,14.816,14.697,14.591,14.491,14.392,14.298,14.224,14.169,14.125,14.112,14.127,14.162,14.205,14.245,14.274,14.291,14.299,14.303,14.305,14.312,14.335,14.389,14.473,14.586,14.645,14.615,14.545,14.494,14.479,14.507,14.559,14.579,14.556,14.522,14.51,14.511,14.508
16.1,16.099,16.099,16.099,16.099,16.099,16.099,16.101,16.104,16.114,16.137,16.214,16.33,16.401,16.416,16.359,16.285,16.218,16.152,15.991,15.612,15.191,15.072,15.089,15.084,15.226,15.484,15.616,15.601,15.527,15.444,15.347,15.232,15.105,14.961,14.8,14.637,14.49,14.37,14.276,14.202,14.138,14.083,14.021,13.968,13.933,13.914,13.908,13.918,13.943,13.981,14.031,14.085,14.137,14.182,14.217,14.239,14.249,14.251,14.257,14.292,14.382,14.508,14.624,14.64,14.578,14.534,14.534,14.534,14.53,14.535,14.539,14.54,14.546,14.56,14.577
16.088,16.087,16.087,16.087,16.087,16.087,16.088,16.09,16.093,16.1,16.126,16.243,16.39,16.448,16.42,16.34,16.263,16.193,16.078,15.784,15.308,15.015,15.041,15.048,15.082,15.297,15.452,15.402,15.247,15.078,14.924,14.778,14.641,14.502,14.355,14.212,14.097,14.015,13.949,13.907,13.881,13.864,13.856,13.856,13.865,13.878,13.89,13.899,13.902,13.9,13.903,13.923,13.958,14,14.046,14.078,14.11,14.141,14.169,14.193,14.222,14.288,14.417,14.562,14.656,14.628,14.567,14.553,14.56,14.557,14.56,14.575,14.597,14.618,14.631,14.638
16.076,16.075,16.075,16.074,16.075,16.075,16.075,16.077,16.079,16.083,16.108,16.245,16.386,16.418,16.363,16.285,16.223,16.147,15.953,15.517,15.025,14.9,15.021,15.04,15.125,15.313,15.326,15.136,14.871,14.611,14.391,14.227,14.108,14.013,13.939,13.894,13.881,13.896,13.928,13.965,14.003,14.04,14.076,14.111,14.144,14.174,14.198,14.215,14.215,14.193,14.145,14.09,14.058,14.054,14.058,14.044,14.025,14.026,14.042,14.08,14.133,14.201,14.303,14.452,14.609,14.662,14.627,14.607,14.612,14.615,14.619,14.616,14.591,14.546,14.506,14.509
16.063,16.062,16.062,16.061,16.061,16.061,16.061,16.061,16.061,16.058,16.069,16.198,16.326,16.354,16.307,16.243,16.197,16.098,15.802,15.264,14.802,14.807,14.995,15.063,15.177,15.274,15.142,14.829,14.474,14.173,13.984,13.905,13.902,13.934,13.994,14.07,14.14,14.191,14.222,14.246,14.265,14.282,14.297,14.311,14.325,14.339,14.352,14.363,14.37,14.373,14.365,14.343,14.309,14.275,14.255,14.234,14.185,14.102,14.024,13.989,14.011,14.087,14.196,14.335,14.488,14.605,14.608,14.59,14.591,14.574,14.528,14.434,14.289,14.135,14.048,14.085
16.049,16.049,16.048,16.048,16.047,16.047,16.046,16.044,16.038,16.021,15.996,16.1,16.228,16.287,16.278,16.246,16.198,16.039,15.644,15.049,14.654,14.764,15.006,15.119,15.201,15.146,14.859,14.463,14.122,13.93,13.908,13.993,14.107,14.2,14.253,14.263,14.244,14.218,14.198,14.182,14.172,14.166,14.163,14.164,14.169,14.176,14.184,14.194,14.205,14.22,14.243,14.267,14.284,14.3,14.321,14.351,14.376,14.359,14.264,14.104,13.992,13.97,14.063,14.206,14.352,14.501,14.551,14.512,14.481,14.399,14.249,14.034,13.755,13.525,13.438,13.505
16.036,16.035,16.034,16.034,16.033,16.031,16.029,16.023,16.01,15.968,15.882,15.949,16.104,16.228,16.282,16.27,16.184,15.948,15.473,14.861,14.587,14.811,15.074,15.159,15.116,14.877,14.504,14.164,13.981,13.984,14.089,14.18,14.206,14.175,14.119,14.066,14.036,14.028,14.029,14.037,14.046,14.052,14.051,14.044,14.035,14.03,14.025,14.026,14.026,14.023,14.046,14.09,14.122,14.138,14.16,14.203,14.272,14.358,14.436,14.416,14.224,14.016,13.951,14.066,14.235,14.379,14.48,14.425,14.32,14.188,13.934,13.624,13.314,13.128,13.122,13.174
