17.709,17.726,17.624,17.524,17.422,17.312,17.203,17.097,16.989,16.892,16.805,16.733,16.673,16.641,16.621,16.602,16.581,16.556,16.526,16.496,16.469,16.44,16.403,16.363,16.323,16.283,16.239,16.183,16.112,16.022,15.924,15.836,15.777,15.743,15.713,15.692,15.677,15.665,15.656,15.646,15.606,15.556,15.518,15.473,15.42,15.359,15.296,15.232,15.167,15.102,15.038,14.978,14.923,14.875,14.835,14.799,14.765,14.735,14.707,14.67,14.629,14.561,14.439,14.292,14.127,13.955,13.815,13.696,13.611,13.546,13.507,13.486,13.462,13.437,13.411,13.382
17.692,17.65,17.575,17.485,17.387,17.283,17.177,17.072,16.973,16.882,16.802,16.734,16.679,16.64,16.611,16.585,16.56,16.533,16.503,16.473,16.442,16.409,16.371,16.331,16.288,16.244,16.195,16.139,16.071,15.994,15.913,15.839,15.78,15.737,15.705,15.679,15.66,15.643,15.626,15.606,15.579,15.544,15.502,15.45,15.389,15.32,15.246,15.171,15.095,15.022,14.953,14.891,14.839,14.797,14.767,14.744,14.726,14.706,14.68,14.639,14.575,14.485,14.363,14.22,14.068,13.921,13.791,13.685,13.605,13.548,13.508,13.479,13.453,13.426,13.397,13.367
17.717,17.652,17.575,17.485,17.387,17.283,17.176,17.072,16.972,16.882,16.802,16.734,16.679,16.635,16.6,16.569,16.54,16.51,16.48,16.449,16.416,16.38,16.341,16.299,16.254,16.207,16.155,16.098,16.035,15.967,15.898,15.834,15.78,15.737,15.704,15.679,15.66,15.643,15.626,15.606,15.579,15.542,15.493,15.433,15.361,15.281,15.194,15.105,15.017,14.933,14.858,14.795,14.746,14.714,14.697,14.691,14.69,14.686,14.672,14.638,14.577,14.485,14.363,14.22,14.068,13.921,13.791,13.685,13.605,13.548,13.506,13.474,13.445,13.416,13.385,13.353
17.739,17.67,17.593,17.504,17.403,17.296,17.187,17.081,16.979,16.887,16.805,16.735,16.677,16.629,16.589,16.553,16.52,16.488,16.457,16.425,16.391,16.353,16.313,16.269,16.222,16.173,16.12,16.064,16.005,15.945,15.885,15.83,15.782,15.744,15.714,15.692,15.675,15.66,15.644,15.624,15.594,15.553,15.496,15.424,15.338,15.241,15.136,15.029,14.925,14.83,14.749,14.686,14.645,14.626,14.628,14.644,14.667,14.687,14.694,14.677,14.629,14.545,14.426,14.28,14.119,13.961,13.818,13.701,13.614,13.551,13.506,13.471,13.439,13.408,13.375,13.341
17.761,17.693,17.618,17.534,17.433,17.32,17.206,17.096,16.991,16.895,16.809,16.736,16.674,16.622,16.578,16.538,16.501,16.467,16.434,16.402,16.366,16.328,16.286,16.241,16.193,16.143,16.091,16.037,15.982,15.928,15.877,15.83,15.79,15.757,15.733,15.715,15.702,15.691,15.677,15.657,15.626,15.579,15.513,15.425,15.319,15.198,15.07,14.941,14.82,14.714,14.629,14.571,14.542,14.543,14.57,14.615,14.668,14.718,14.753,14.761,14.734,14.664,14.55,14.399,14.224,14.043,13.876,13.737,13.633,13.559,13.508,13.469,13.435,13.402,13.368,13.33
17.782,17.718,17.648,17.567,17.472,17.359,17.237,17.119,17.009,16.907,16.816,16.738,16.672,16.616,16.567,16.523,16.482,16.446,16.413,16.379,16.342,16.303,16.26,16.215,16.168,16.119,16.069,16.019,15.969,15.922,15.879,15.84,15.808,15.783,15.765,15.754,15.746,15.738,15.728,15.709,15.677,15.624,15.544,15.436,15.303,15.153,14.996,14.843,14.705,14.591,14.507,14.459,14.449,14.476,14.534,14.613,14.701,14.786,14.857,14.9,14.902,14.851,14.745,14.589,14.395,14.182,13.975,13.799,13.665,13.573,13.512,13.47,13.434,13.4,13.362,13.322
17.809,17.749,17.682,17.604,17.513,17.408,17.285,17.155,17.034,16.924,16.826,16.742,16.67,16.609,16.555,16.507,16.463,16.425,16.391,16.356,16.319,16.279,16.236,16.192,16.146,16.101,16.055,16.011,15.969,15.931,15.896,15.867,15.844,15.828,15.818,15.813,15.81,15.806,15.799,15.782,15.749,15.69,15.595,15.46,15.292,15.104,14.913,14.736,14.587,14.473,14.399,14.367,14.38,14.435,14.521,14.628,14.747,14.869,14.983,15.075,15.125,15.113,15.026,14.868,14.652,14.399,14.137,13.901,13.718,13.596,13.521,13.473,13.435,13.399,13.36,13.316
17.85,17.786,17.719,17.644,17.556,17.456,17.344,17.213,17.073,16.948,16.839,16.746,16.667,16.601,16.542,16.49,16.444,16.405,16.371,16.336,16.297,16.257,16.216,16.173,16.132,16.092,16.055,16.02,15.989,15.961,15.937,15.919,15.906,15.9,15.898,15.899,15.899,15.896,15.887,15.871,15.841,15.782,15.674,15.504,15.285,15.049,14.823,14.628,14.481,14.384,14.327,14.309,14.339,14.409,14.504,14.615,14.745,14.89,15.045,15.196,15.322,15.392,15.375,15.247,15.018,14.723,14.394,14.071,13.807,13.632,13.534,13.479,13.439,13.402,13.361,13.314
17.89,17.82,17.756,17.685,17.601,17.503,17.394,17.276,17.136,16.982,16.855,16.75,16.663,16.591,16.528,16.472,16.425,16.387,16.354,16.318,16.279,16.24,16.202,16.165,16.131,16.101,16.076,16.054,16.036,16.021,16.01,16.004,16.004,16.007,16.012,16.016,16.015,16.006,15.989,15.967,15.941,15.896,15.793,15.586,15.289,14.989,14.728,14.531,14.413,14.348,14.3,14.282,14.315,14.377,14.451,14.542,14.659,14.807,14.985,15.18,15.377,15.544,15.649,15.65,15.491,15.179,14.777,14.348,13.961,13.69,13.552,13.485,13.443,13.405,13.364,13.315
17.907,17.84,17.785,17.724,17.648,17.552,17.438,17.32,17.202,17.034,16.867,16.751,16.655,16.577,16.511,16.452,16.406,16.374,16.343,16.307,16.27,16.234,16.201,16.172,16.149,16.133,16.122,16.115,16.108,16.101,16.097,16.098,16.103,16.107,16.106,16.101,16.097,16.097,16.092,16.066,16.029,16,15.95,15.767,15.343,14.921,14.638,14.472,14.411,14.372,14.304,14.277,14.307,14.351,14.398,14.463,14.557,14.697,14.887,15.115,15.362,15.58,15.742,15.845,15.861,15.692,15.308,14.784,14.233,13.796,13.572,13.492,13.447,13.41,13.368,13.317
17.884,17.841,17.804,17.758,17.696,17.608,17.489,17.352,17.234,17.096,16.879,16.737,16.637,16.558,16.49,16.432,16.39,16.365,16.337,16.299,16.26,16.225,16.198,16.181,16.176,16.174,16.163,16.14,16.122,16.117,16.115,16.095,16.044,15.972,15.904,15.866,15.88,15.943,16.036,16.116,16.12,16.069,16.038,16,15.632,14.961,14.587,14.462,14.458,14.421,14.327,14.304,14.336,14.368,14.392,14.426,14.494,14.625,14.831,15.102,15.406,15.667,15.849,15.934,15.978,15.971,15.767,15.304,14.659,14.025,13.622,13.497,13.452,13.412,13.37,13.322
17.85,17.829,17.81,17.782,17.739,17.668,17.554,17.394,17.242,17.135,16.896,16.711,16.609,16.531,16.468,16.412,16.374,16.353,16.323,16.279,16.235,16.207,16.201,16.209,16.2,16.155,16.1,16.06,16.008,15.914,15.786,15.642,15.505,15.399,15.34,15.339,15.397,15.523,15.716,15.942,16.122,16.141,16.084,16.056,15.942,15.231,14.616,14.469,14.504,14.47,14.368,14.354,14.397,14.424,14.423,14.42,14.457,14.574,14.792,15.096,15.441,15.744,15.945,16.04,16.055,16.064,16.007,15.718,15.136,14.387,13.771,13.51,13.456,13.409,13.369,13.326
17.829,17.812,17.803,17.792,17.77,17.725,17.633,17.467,17.257,17.145,16.927,16.69,16.578,16.503,16.444,16.391,16.355,16.33,16.294,16.252,16.231,16.235,16.238,16.187,16.074,15.952,15.825,15.691,15.544,15.388,15.247,15.138,15.066,15.024,15,14.991,15.016,15.107,15.301,15.603,15.941,16.159,16.133,16.078,16.08,15.594,14.791,14.479,14.53,14.516,14.414,14.416,14.481,14.508,14.485,14.447,14.448,14.538,14.747,15.067,15.445,15.783,15.991,16.066,16.061,16.065,16.075,15.953,15.536,14.806,14.034,13.574,13.459,13.405,13.359,13.321
17.81,17.788,17.785,17.786,17.783,17.767,17.711,17.57,17.312,17.13,16.977,16.688,16.554,16.478,16.421,16.369,16.331,16.303,16.27,16.247,16.259,16.266,16.177,15.963,15.751,15.581,15.418,15.284,15.197,15.15,15.14,15.147,15.147,15.126,15.077,15.002,14.92,14.869,14.923,15.166,15.59,16.015,16.159,16.103,16.104,15.882,15.063,14.537,14.53,14.554,14.46,14.487,14.583,14.613,14.573,14.506,14.466,14.509,14.686,15.004,15.409,15.787,16.015,16.062,16.022,16.013,16.052,16.039,15.802,15.195,14.366,13.723,13.475,13.408,13.352,13.315
17.785,17.755,17.754,17.763,17.776,17.784,17.768,17.681,17.431,17.119,17.036,16.719,16.544,16.46,16.402,16.348,16.308,16.284,16.266,16.269,16.276,16.195,15.96,15.655,15.442,15.324,15.269,15.302,15.397,15.508,15.602,15.653,15.653,15.605,15.514,15.386,15.219,15.01,14.812,14.794,15.111,15.679,16.141,16.107,16.104,16.036,15.32,14.638,14.526,14.582,14.505,14.562,14.684,14.715,14.668,14.588,14.514,14.498,14.607,14.88,15.283,15.705,15.991,16.058,15.998,15.957,16.013,16.045,15.942,15.498,14.709,13.945,13.535,13.417,13.362,13.328
17.749,17.714,17.713,17.727,17.749,17.774,17.792,17.768,17.604,17.175,17.069,16.792,16.554,16.452,16.389,16.332,16.291,16.278,16.284,16.294,16.231,16.018,15.703,15.42,15.305,15.343,15.488,15.702,15.896,16.017,16.063,16.06,16.029,15.973,15.882,15.755,15.617,15.429,15.106,14.742,14.696,15.163,15.841,16.193,16.119,16.089,15.498,14.743,14.53,14.6,14.546,14.63,14.767,14.798,14.759,14.686,14.596,14.52,14.533,14.71,15.062,15.51,15.891,16.054,16.023,15.976,16.001,16.03,15.999,15.702,15.013,14.204,13.649,13.44,13.384,13.359
17.702,17.664,17.664,17.679,17.706,17.741,17.78,17.807,17.765,17.338,17.052,16.879,16.602,16.457,16.385,16.326,16.283,16.284,16.309,16.298,16.121,15.807,15.496,15.314,15.364,15.599,15.884,16.071,16.096,16.035,15.967,15.922,15.9,15.887,15.862,15.801,15.713,15.64,15.481,15.049,14.573,14.676,15.368,16.058,16.088,16.1,15.597,14.826,14.54,14.611,14.581,14.681,14.825,14.86,14.837,14.787,14.701,14.59,14.515,14.559,14.791,15.2,15.662,15.98,16.06,16.028,16.027,16.036,16.012,15.823,15.259,14.465,13.808,13.486,13.403,13.386
17.635,17.608,17.607,17.623,17.651,17.69,17.738,17.794,17.836,17.588,17.094,16.942,16.688,16.485,16.39,16.328,16.282,16.293,16.331,16.273,15.982,15.615,15.369,15.337,15.571,15.915,16.091,16.048,15.919,15.816,15.755,15.723,15.716,15.733,15.765,15.775,15.719,15.635,15.583,15.362,14.757,14.381,14.789,15.614,16.215,16.123,15.645,14.884,14.553,14.618,14.61,14.716,14.86,14.898,14.892,14.869,14.809,14.706,14.587,14.511,14.571,14.838,15.281,15.737,16.004,16.054,16.05,16.053,16.005,15.885,15.44,14.71,14.004,13.574,13.423,13.391
17.57,17.547,17.546,17.561,17.589,17.627,17.678,17.744,17.82,17.832,17.289,16.988,16.778,16.546,16.407,16.336,16.287,16.303,16.348,16.23,15.849,15.472,15.328,15.471,15.833,16.075,16.027,15.867,15.761,15.698,15.637,15.586,15.56,15.57,15.623,15.705,15.74,15.646,15.571,15.457,14.987,14.347,14.391,15.125,16.01,16.157,15.715,14.95,14.568,14.62,14.634,14.738,14.879,14.915,14.916,14.914,14.888,14.825,14.725,14.6,14.511,14.562,14.836,15.292,15.738,15.975,16.019,16.026,15.997,15.886,15.551,14.924,14.236,13.74,13.499,13.416
17.506,17.481,17.481,17.495,17.521,17.558,17.607,17.675,17.761,17.94,17.572,17.076,16.846,16.626,16.445,16.35,16.296,16.313,16.355,16.184,15.742,15.384,15.367,15.673,16.021,16.056,15.901,15.811,15.791,15.73,15.625,15.519,15.452,15.432,15.461,15.548,15.666,15.667,15.577,15.469,15.067,14.393,14.182,14.668,15.509,16.078,15.836,15.069,14.597,14.615,14.652,14.753,14.887,14.916,14.913,14.919,14.915,14.894,14.845,14.757,14.63,14.514,14.529,14.779,15.228,15.668,15.893,15.926,15.919,15.834,15.593,15.098,14.506,14.02,13.725,13.58
17.432,17.412,17.412,17.425,17.45,17.486,17.535,17.599,17.686,17.862,17.818,17.271,16.914,16.699,16.501,16.372,16.306,16.324,16.355,16.141,15.665,15.347,15.463,15.874,16.089,15.986,15.895,15.957,15.993,15.929,15.776,15.589,15.458,15.408,15.398,15.428,15.543,15.65,15.598,15.484,15.042,14.378,14.092,14.434,15.216,16.078,15.955,15.221,14.657,14.609,14.665,14.761,14.887,14.908,14.898,14.906,14.909,14.906,14.89,14.853,14.785,14.668,14.528,14.482,14.669,15.089,15.533,15.762,15.766,15.714,15.579,15.239,14.805,14.41,14.126,13.95
17.364,17.339,17.338,17.352,17.378,17.417,17.468,17.531,17.613,17.728,17.937,17.547,17.041,16.763,16.562,16.406,16.319,16.333,16.348,16.107,15.615,15.346,15.582,16.017,16.084,15.956,15.999,16.12,16.141,16.098,15.967,15.744,15.558,15.477,15.445,15.409,15.448,15.607,15.608,15.495,14.989,14.325,14.018,14.223,14.727,15.511,16.074,15.416,14.75,14.609,14.669,14.764,14.882,14.903,14.889,14.898,14.906,14.911,14.905,14.879,14.84,14.791,14.707,14.564,14.44,14.518,14.878,15.34,15.621,15.625,15.517,15.346,15.089,14.826,14.606,14.441
17.29,17.259,17.259,17.276,17.308,17.355,17.415,17.483,17.558,17.631,17.895,17.801,17.27,16.854,16.622,16.45,16.338,16.34,16.334,16.082,15.591,15.365,15.695,16.097,16.061,15.968,16.08,16.146,16.146,16.151,16.082,15.892,15.702,15.603,15.56,15.479,15.419,15.553,15.604,15.482,14.903,14.264,13.987,14.152,14.429,14.917,15.978,15.649,14.894,14.621,14.667,14.762,14.874,14.9,14.894,14.909,14.92,14.931,14.934,14.917,14.869,14.806,14.761,14.729,14.629,14.435,14.354,14.582,15.04,15.436,15.555,15.468,15.332,15.179,15.034,14.91
17.222,17.174,17.174,17.196,17.238,17.301,17.381,17.467,17.543,17.592,17.761,17.927,17.558,17.027,16.697,16.502,16.367,16.348,16.319,16.068,15.589,15.39,15.782,16.137,16.043,15.985,16.102,16.085,16.133,16.158,16.13,15.997,15.839,15.739,15.688,15.585,15.454,15.515,15.59,15.444,14.787,14.181,14.009,14.204,14.466,14.725,15.469,15.774,15.091,14.664,14.657,14.754,14.859,14.904,14.907,14.93,14.936,14.936,14.943,14.946,14.924,14.86,14.762,14.696,14.709,14.709,14.517,14.252,14.245,14.594,15.082,15.429,15.501,15.436,15.348,15.258
17.149,17.079,17.078,17.108,17.166,17.252,17.364,17.486,17.588,17.623,17.666,17.906,17.8,17.288,16.829,16.568,16.408,16.363,16.307,16.064,15.607,15.417,15.826,16.152,16.04,15.995,16.082,16.078,16.127,16.16,16.146,16.067,15.953,15.859,15.795,15.681,15.506,15.504,15.574,15.383,14.673,14.108,14.064,14.271,14.472,14.714,15.084,15.792,15.319,14.762,14.648,14.736,14.837,14.902,14.922,14.952,14.957,14.941,14.93,14.935,14.931,14.903,14.827,14.713,14.627,14.648,14.744,14.696,14.317,14.025,14.13,14.592,15.1,15.381,15.462,15.46
17.065,16.969,16.968,17.006,17.081,17.196,17.348,17.524,17.68,17.731,17.682,17.825,17.924,17.565,17.036,16.67,16.462,16.387,16.309,16.072,15.641,15.444,15.823,16.149,16.061,16.006,16.049,16.071,16.121,16.158,16.151,16.113,16.043,15.956,15.877,15.754,15.552,15.507,15.56,15.306,14.573,14.082,14.138,14.322,14.448,14.668,14.9,15.728,15.548,14.93,14.665,14.71,14.807,14.887,14.928,14.967,14.978,14.953,14.925,14.923,14.92,14.897,14.833,14.735,14.656,14.617,14.614,14.695,14.83,14.57,14.039,13.844,14.144,14.596,14.926,15.169
16.959,16.841,16.84,16.885,16.974,17.114,17.309,17.547,17.775,17.871,17.786,17.786,17.945,17.784,17.286,16.822,16.537,16.424,16.33,16.097,15.69,15.469,15.779,16.122,16.099,16.034,16.038,16.068,16.12,16.153,16.154,16.145,16.112,16.035,15.938,15.807,15.59,15.514,15.544,15.222,14.482,14.103,14.208,14.329,14.398,14.603,14.825,15.474,15.699,15.16,14.741,14.687,14.768,14.855,14.913,14.958,14.976,14.95,14.917,14.911,14.91,14.89,14.819,14.707,14.625,14.626,14.68,14.699,14.656,14.782,14.761,14.128,13.713,13.819,14.15,14.517
16.818,16.695,16.694,16.74,16.835,16.992,17.221,17.515,17.819,17.98,17.904,17.809,17.926,17.916,17.524,17.013,16.642,16.473,16.372,16.148,15.759,15.5,15.711,16.063,16.133,16.084,16.063,16.082,16.125,16.155,16.161,16.173,16.172,16.107,15.996,15.854,15.626,15.521,15.526,15.144,14.412,14.138,14.252,14.295,14.355,14.566,14.854,15.171,15.681,15.379,14.89,14.7,14.728,14.809,14.874,14.921,14.938,14.917,14.897,14.896,14.893,14.869,14.782,14.663,14.609,14.649,14.732,14.804,14.826,14.703,14.721,14.72,14.152,13.707,13.697,14.006
16.642,16.532,16.532,16.573,16.664,16.821,17.065,17.4,17.772,18.021,17.98,17.856,17.904,17.977,17.719,17.222,16.777,16.537,16.426,16.227,15.853,15.549,15.641,15.967,16.135,16.14,16.117,16.118,16.147,16.167,16.173,16.199,16.225,16.18,16.059,15.905,15.671,15.531,15.51,15.092,14.386,14.168,14.252,14.239,14.34,14.589,14.825,15.058,15.558,15.516,15.072,14.771,14.711,14.763,14.826,14.87,14.887,14.879,14.879,14.879,14.873,14.834,14.717,14.608,14.622,14.743,14.879,14.959,14.963,14.885,14.751,14.739,14.604,14.166,13.635,13.661
16.462,16.363,16.362,16.394,16.47,16.61,16.842,17.187,17.613,17.967,18.032,17.92,17.899,17.992,17.861,17.427,16.939,16.62,16.482,16.32,15.978,15.632,15.595,15.847,16.081,16.167,16.171,16.163,16.173,16.182,16.189,16.225,16.271,16.253,16.135,15.971,15.734,15.549,15.502,15.086,14.407,14.18,14.212,14.183,14.346,14.611,14.824,15.032,15.516,15.592,15.236,14.885,14.735,14.731,14.776,14.818,14.84,14.851,14.859,14.852,14.844,14.773,14.629,14.587,14.715,14.901,15.049,15.132,15.13,15.05,14.87,14.748,14.715,14.484,13.969,13.619
16.263,16.198,16.197,16.219,16.275,16.386,16.582,16.899,17.34,17.791,18.034,18.007,17.934,17.991,17.954,17.618,17.124,16.729,16.54,16.409,16.123,15.756,15.596,15.733,15.972,16.136,16.194,16.196,16.194,16.198,16.209,16.248,16.303,16.314,16.219,16.05,15.814,15.582,15.506,15.129,14.458,14.173,14.154,14.132,14.327,14.587,14.792,14.987,15.276,15.553,15.339,15.008,14.799,14.734,14.745,14.777,14.802,14.821,14.821,14.82,14.805,14.675,14.555,14.653,14.867,15.024,15.127,15.194,15.211,15.157,15.005,14.818,14.749,14.658,14.22,13.83
16.086,16.051,16.05,16.062,16.1,16.183,16.336,16.598,17,17.492,17.885,18.021,17.999,18.007,18.011,17.781,17.327,16.875,16.61,16.483,16.267,15.918,15.659,15.657,15.839,16.041,16.162,16.198,16.2,16.204,16.221,16.259,16.312,16.346,16.289,16.133,15.903,15.635,15.524,15.209,14.535,14.16,14.099,14.069,14.249,14.504,14.724,14.927,15.169,15.453,15.343,15.085,14.873,14.767,14.74,14.749,14.767,14.781,14.786,14.804,14.731,14.548,14.567,14.795,14.935,14.949,15.003,15.111,15.189,15.173,15.073,14.889,14.778,14.74,14.458,13.941
15.951,15.928,15.927,15.933,15.96,16.025,16.144,16.346,16.671,17.131,17.608,17.911,18.007,18.033,18.052,17.912,17.532,17.063,16.717,16.552,16.394,16.101,15.79,15.653,15.727,15.908,16.071,16.154,16.179,16.192,16.215,16.249,16.292,16.338,16.324,16.198,15.985,15.701,15.55,15.302,14.643,14.162,14.058,13.992,14.119,14.351,14.579,14.788,14.99,15.187,15.23,15.085,14.928,14.822,14.773,14.765,14.777,14.782,14.8,14.769,14.572,14.475,14.697,14.855,14.736,14.648,14.744,14.939,15.11,15.152,15.083,14.928,14.803,14.794,14.523,13.95
15.811,15.83,15.83,15.832,15.853,15.909,16.01,16.169,16.408,16.775,17.254,17.686,17.915,18.006,18.068,18.002,17.715,17.276,16.874,16.641,16.501,16.282,15.976,15.738,15.68,15.783,15.942,16.062,16.121,16.152,16.18,16.208,16.242,16.291,16.315,16.231,16.044,15.767,15.579,15.389,14.789,14.196,14.046,13.934,13.972,14.147,14.358,14.569,14.768,14.938,15.025,14.989,14.915,14.849,14.808,14.79,14.769,14.774,14.779,14.593,14.399,14.572,14.81,14.618,14.313,14.27,14.405,14.669,14.958,15.12,15.077,14.944,14.828,14.831,14.417,13.944
15.751,15.761,15.757,15.754,15.769,15.816,15.909,16.049,16.231,16.482,16.867,17.354,17.739,17.913,18.043,18.043,17.851,17.481,17.069,16.77,16.605,16.441,16.184,15.904,15.728,15.714,15.814,15.937,16.025,16.079,16.114,16.136,16.162,16.215,16.271,16.231,16.074,15.817,15.606,15.453,14.949,14.277,14.068,13.94,13.883,13.962,14.117,14.296,14.466,14.635,14.783,14.856,14.867,14.855,14.838,14.825,14.811,14.72,14.511,14.334,14.448,14.753,14.643,14.133,13.895,13.876,14.002,14.295,14.692,15.014,15.086,14.954,14.854,14.842,14.34,14.035
15.715,15.715,15.706,15.697,15.702,15.735,15.816,15.955,16.129,16.303,16.534,16.943,17.44,17.764,17.898,18.021,17.928,17.647,17.271,16.938,16.726,16.58,16.385,16.118,15.869,15.736,15.737,15.817,15.907,15.978,16.024,16.045,16.065,16.122,16.206,16.205,16.079,15.847,15.627,15.493,15.074,14.378,14.101,14.016,13.91,13.881,13.94,14.078,14.216,14.302,14.398,14.517,14.604,14.64,14.644,14.627,14.567,14.414,14.303,14.387,14.678,14.712,14.164,13.693,13.533,13.499,13.61,13.899,14.337,14.798,15.044,14.993,14.891,14.845,14.363,14.115
15.699,15.692,15.678,15.663,15.655,15.667,15.724,15.853,16.046,16.229,16.356,16.574,17.019,17.502,17.753,17.884,17.916,17.753,17.453,17.13,16.883,16.723,16.568,16.346,16.079,15.858,15.748,15.746,15.803,15.872,15.925,15.949,15.967,16.025,16.13,16.167,16.069,15.863,15.642,15.519,15.136,14.421,14.118,14.065,14.025,13.953,13.893,13.926,14.087,14.222,14.253,14.277,14.328,14.369,14.403,14.42,14.372,14.298,14.344,14.571,14.726,14.352,13.703,13.373,13.221,13.178,13.316,13.576,13.973,14.478,14.901,15.021,14.93,14.865,14.479,14.245
15.699,15.689,15.673,15.654,15.635,15.625,15.647,15.741,15.934,16.172,16.322,16.395,16.624,17.095,17.526,17.691,17.8,17.763,17.578,17.315,17.069,16.888,16.744,16.568,16.326,16.064,15.861,15.761,15.752,15.792,15.84,15.866,15.881,15.936,16.052,16.122,16.051,15.869,15.653,15.535,15.147,14.392,14.123,14.051,14.037,14.029,14.007,13.886,13.907,14.107,14.221,14.236,14.271,14.331,14.397,14.389,14.303,14.288,14.437,14.65,14.539,13.933,13.375,13.102,12.936,12.932,13.063,13.296,13.637,14.084,14.6,14.938,14.942,14.827,14.582,14.413
15.711,15.703,15.687,15.666,15.641,15.614,15.601,15.644,15.798,16.065,16.305,16.389,16.434,16.681,17.154,17.523,17.612,17.663,17.597,17.435,17.236,17.055,16.905,16.756,16.559,16.306,16.054,15.869,15.78,15.767,15.789,15.807,15.817,15.864,15.98,16.072,16.029,15.873,15.663,15.554,15.136,14.35,14.127,14.05,13.987,13.956,13.977,13.964,13.909,14.003,14.181,14.227,14.23,14.268,14.348,14.372,14.302,14.327,14.499,14.575,14.237,13.593,13.131,12.859,12.691,12.686,12.784,12.996,13.31,13.68,14.115,14.591,14.883,14.839,14.704,14.584
15.74,15.73,15.712,15.69,15.662,15.629,15.594,15.586,15.674,15.916,16.229,16.415,16.443,16.475,16.73,17.178,17.497,17.541,17.532,17.456,17.327,17.178,17.03,16.885,16.72,16.507,16.257,16.028,15.872,15.799,15.78,15.776,15.774,15.813,15.923,16.022,16,15.87,15.674,15.572,15.131,14.361,14.174,14.051,13.939,13.885,13.9,13.918,13.946,14.043,14.178,14.25,14.241,14.258,14.32,14.356,14.288,14.349,14.503,14.408,13.952,13.357,12.949,12.669,12.519,12.517,12.566,12.702,12.957,13.293,13.629,13.926,14.199,14.386,14.394,14.284
15.782,15.764,15.742,15.717,15.688,15.655,15.615,15.575,15.589,15.764,16.095,16.386,16.501,16.492,16.521,16.764,17.164,17.44,17.482,17.444,17.36,17.246,17.11,16.958,16.795,16.609,16.391,16.164,15.978,15.859,15.799,15.766,15.749,15.781,15.884,15.979,15.965,15.857,15.682,15.584,15.161,14.46,14.316,14.164,13.968,13.854,13.852,13.907,13.978,14.079,14.2,14.268,14.249,14.247,14.309,14.361,14.295,14.333,14.45,14.247,13.744,13.211,12.834,12.569,12.475,12.497,12.487,12.507,12.63,12.882,13.21,13.503,13.707,13.826,13.846,13.763
15.825,15.799,15.772,15.742,15.711,15.68,15.646,15.596,15.553,15.638,15.933,16.292,16.516,16.575,16.548,16.578,16.789,17.127,17.374,17.43,17.387,17.294,17.165,17.004,16.821,16.63,16.43,16.226,16.044,15.908,15.821,15.767,15.74,15.767,15.86,15.942,15.927,15.833,15.68,15.592,15.205,14.622,14.512,14.32,14.05,13.888,13.86,13.922,14.021,14.132,14.237,14.291,14.261,14.235,14.286,14.354,14.292,14.305,14.393,14.144,13.621,13.137,12.782,12.537,12.491,12.537,12.522,12.49,12.489,12.551,12.722,12.954,13.136,13.224,13.216,13.127
15.864,15.831,15.798,15.762,15.726,15.694,15.667,15.629,15.56,15.556,15.771,16.146,16.462,16.621,16.65,16.628,16.661,16.829,17.099,17.32,17.379,17.329,17.211,17.042,16.839,16.624,16.417,16.225,16.06,15.929,15.836,15.772,15.74,15.765,15.851,15.913,15.884,15.8,15.665,15.586,15.249,14.806,14.704,14.417,14.079,13.912,13.906,13.981,14.078,14.174,14.256,14.294,14.261,14.223,14.257,14.351,14.303,14.276,14.348,14.113,13.574,13.117,12.78,12.541,12.497,12.545,12.576,12.544,12.533,12.505,12.48,12.532,12.617,12.669,12.67,12.624
15.899,15.858,15.819,15.777,15.733,15.696,15.674,15.654,15.593,15.525,15.634,15.97,16.343,16.595,16.712,16.738,16.741,16.782,16.912,17.121,17.289,17.319,17.237,17.075,16.861,16.627,16.404,16.21,16.055,15.936,15.846,15.777,15.743,15.773,15.851,15.887,15.841,15.756,15.637,15.568,15.211,15.025,14.839,14.339,14.005,13.924,13.969,14.045,14.116,14.176,14.231,14.263,14.247,14.211,14.222,14.332,14.315,14.249,14.314,14.132,13.595,13.138,12.812,12.571,12.491,12.538,12.637,12.579,12.558,12.595,12.558,12.503,12.494,12.51,12.526,12.544
15.929,15.88,15.834,15.785,15.734,15.69,15.665,15.661,15.629,15.538,15.542,15.792,16.173,16.498,16.698,16.796,16.841,16.874,16.929,17.037,17.181,17.265,17.232,17.094,16.884,16.644,16.411,16.211,16.057,15.942,15.849,15.774,15.749,15.796,15.86,15.846,15.791,15.715,15.601,15.491,15.203,15.175,14.519,14.035,13.905,13.951,14.022,14.069,14.1,14.128,14.162,14.195,14.212,14.202,14.194,14.275,14.324,14.236,14.288,14.17,13.67,13.194,12.864,12.617,12.487,12.535,12.711,12.683,12.535,12.575,12.624,12.598,12.553,12.531,12.535,12.544
15.953,15.896,15.843,15.788,15.731,15.678,15.646,15.647,15.649,15.575,15.504,15.642,15.977,16.337,16.603,16.768,16.865,16.931,16.987,17.052,17.132,17.199,17.191,17.082,16.892,16.658,16.426,16.222,16.062,15.94,15.839,15.775,15.777,15.828,15.841,15.812,15.763,15.626,15.524,15.482,15.313,14.65,14.073,13.911,13.924,13.954,13.97,13.991,14.024,14.063,14.1,14.132,14.166,14.188,14.179,14.192,14.31,14.252,14.27,14.209,13.77,13.278,12.928,12.671,12.493,12.582,12.746,12.786,12.657,12.525,12.572,12.607,12.616,12.582,12.531,12.484
15.973,15.903,15.843,15.784,15.724,15.665,15.621,15.615,15.643,15.615,15.514,15.542,15.786,16.132,16.439,16.654,16.791,16.883,16.954,17.014,17.068,17.105,17.096,17.013,16.853,16.643,16.422,16.22,16.054,15.926,15.835,15.8,15.815,15.836,15.82,15.768,15.662,15.567,15.544,15.323,14.737,14.203,14.034,13.935,13.852,13.811,13.821,13.874,13.95,14.025,14.083,14.117,14.144,14.175,14.175,14.145,14.263,14.277,14.257,14.242,13.877,13.376,12.999,12.718,12.503,12.631,12.719,12.805,12.801,12.716,12.571,12.519,12.524,12.531,12.53,12.505
15.969,15.895,15.833,15.773,15.713,15.651,15.596,15.574,15.606,15.631,15.551,15.498,15.63,15.914,16.227,16.476,16.64,16.743,16.81,16.858,16.901,16.931,16.922,16.862,16.739,16.565,16.37,16.182,16.024,15.912,15.847,15.828,15.831,15.814,15.763,15.692,15.63,15.545,15.27,14.76,14.485,14.329,14.009,13.759,13.651,13.65,13.717,13.819,13.93,14.029,14.104,14.142,14.156,14.175,14.177,14.129,14.162,14.267,14.245,14.262,13.986,13.485,13.073,12.757,12.521,12.665,12.719,12.874,12.91,12.889,12.821,12.805,12.713,12.601,12.518,12.499
15.933,15.868,15.811,15.755,15.698,15.637,15.577,15.533,15.546,15.606,15.584,15.498,15.528,15.717,15.996,16.263,16.454,16.566,16.622,16.646,16.664,16.682,16.678,16.635,16.545,16.411,16.252,16.098,15.975,15.896,15.853,15.834,15.814,15.776,15.731,15.662,15.512,15.188,14.765,14.633,14.785,14.186,13.734,13.541,13.516,13.584,13.696,13.829,13.955,14.062,14.137,14.173,14.177,14.182,14.179,14.125,14.072,14.213,14.236,14.271,14.094,13.606,13.153,12.796,12.547,12.681,12.758,12.951,13.034,13.036,13.021,12.986,12.966,12.962,12.961,12.938
15.879,15.828,15.779,15.73,15.679,15.622,15.561,15.503,15.482,15.536,15.579,15.515,15.479,15.567,15.768,16.028,16.253,16.397,16.462,16.468,16.453,16.439,16.419,16.381,16.312,16.212,16.102,16.003,15.929,15.884,15.857,15.84,15.818,15.771,15.656,15.422,15.075,14.752,14.784,15.148,14.578,13.781,13.477,13.412,13.47,13.586,13.727,13.875,14.006,14.118,14.195,14.22,14.202,14.187,14.174,14.116,14.031,14.13,14.215,14.266,14.187,13.739,13.244,12.844,12.582,12.685,12.763,12.936,13.025,13.035,13.034,13.036,13.026,13.01,13.007,13.028
15.818,15.779,15.74,15.699,15.654,15.604,15.547,15.483,15.431,15.442,15.509,15.507,15.465,15.48,15.577,15.775,16.015,16.211,16.331,16.361,16.324,16.272,16.229,16.184,16.131,16.069,16.007,15.954,15.918,15.895,15.875,15.84,15.76,15.59,15.302,14.953,14.709,14.8,15.093,15.004,14.055,13.457,13.356,13.383,13.481,13.607,13.739,13.867,13.993,14.125,14.241,14.302,14.265,14.208,14.166,14.103,14.023,14.053,14.192,14.25,14.243,13.868,13.349,12.904,12.621,12.684,12.744,12.847,12.874,12.851,12.852,12.891,12.918,12.913,12.888,12.935
15.756,15.728,15.698,15.664,15.625,15.581,15.529,15.468,15.402,15.361,15.385,15.423,15.431,15.448,15.472,15.562,15.75,15.96,16.135,16.236,16.251,16.211,16.158,16.108,16.065,16.022,15.981,15.944,15.908,15.856,15.771,15.633,15.426,15.153,14.877,14.744,14.885,15.029,14.952,14.642,13.655,13.334,13.326,13.391,13.463,13.545,13.627,13.716,13.838,14,14.18,14.325,14.367,14.299,14.221,14.155,14.091,14.059,14.177,14.226,14.256,13.976,13.461,12.975,12.664,12.679,12.709,12.751,12.726,12.712,12.738,12.794,12.854,12.869,12.837,12.899
15.697,15.677,15.654,15.626,15.593,15.553,15.505,15.448,15.382,15.315,15.27,15.262,15.309,15.406,15.454,15.45,15.533,15.687,15.861,16.009,16.093,16.107,16.079,16.043,16.009,15.972,15.924,15.858,15.764,15.625,15.439,15.22,15.002,14.843,14.813,14.923,14.956,14.863,14.879,14.378,13.442,13.295,13.337,13.351,13.362,13.393,13.434,13.503,13.617,13.781,13.985,14.2,14.363,14.405,14.347,14.282,14.211,14.123,14.169,14.197,14.244,14.048,13.563,13.049,12.709,12.683,12.692,12.676,12.645,12.676,12.731,12.788,12.838,12.821,12.791,12.902
15.644,15.629,15.61,15.587,15.558,15.521,15.476,15.421,15.356,15.291,15.225,15.126,15.103,15.269,15.454,15.437,15.418,15.485,15.6,15.732,15.838,15.893,15.9,15.881,15.851,15.804,15.731,15.619,15.465,15.274,15.077,14.919,14.849,14.879,14.945,14.899,14.778,14.796,14.874,14.18,13.322,13.304,13.326,13.279,13.25,13.255,13.285,13.348,13.442,13.565,13.722,13.916,14.131,14.316,14.402,14.386,14.317,14.212,14.207,14.203,14.239,14.086,13.637,13.109,12.756,12.694,12.685,12.636,12.645,12.712,12.755,12.796,12.829,12.749,12.675,12.687
15.597,15.584,15.568,15.548,15.521,15.486,15.443,15.388,15.32,15.252,15.22,15.131,14.951,15.02,15.357,15.461,15.398,15.391,15.416,15.491,15.571,15.627,15.645,15.63,15.593,15.533,15.443,15.319,15.171,15.029,14.932,14.913,14.963,15.007,14.942,14.763,14.636,14.684,14.841,14.049,13.284,13.328,13.323,13.242,13.188,13.182,13.204,13.251,13.32,13.406,13.509,13.632,13.78,13.957,14.147,14.298,14.342,14.306,14.277,14.226,14.233,14.093,13.671,13.154,12.801,12.713,12.681,12.649,12.724,12.77,12.748,12.761,12.765,12.594,12.289,12.17
15.557,15.543,15.528,15.509,15.484,15.45,15.407,15.352,15.283,15.198,15.16,15.211,15.01,14.842,15.153,15.439,15.406,15.404,15.36,15.355,15.385,15.412,15.419,15.398,15.354,15.291,15.213,15.128,15.051,15.011,15.026,15.084,15.135,15.11,14.969,14.725,14.487,14.521,14.807,14.007,13.28,13.358,13.363,13.269,13.192,13.167,13.167,13.183,13.219,13.274,13.35,13.446,13.559,13.679,13.806,13.952,14.116,14.225,14.24,14.184,14.18,14.07,13.667,13.171,12.84,12.755,12.691,12.737,12.836,12.76,12.66,12.66,12.61,12.405,12.103,11.821
15.521,15.505,15.49,15.471,15.445,15.411,15.367,15.312,15.244,15.15,15.08,15.17,15.133,14.828,14.987,15.312,15.319,15.424,15.419,15.352,15.322,15.312,15.304,15.276,15.237,15.195,15.156,15.132,15.134,15.172,15.239,15.305,15.323,15.282,15.071,14.739,14.372,14.308,14.784,14.042,13.296,13.386,13.438,13.362,13.266,13.225,13.211,13.2,13.192,13.194,13.216,13.267,13.361,13.496,13.646,13.776,13.884,13.998,14.075,14.085,14.113,14.03,13.626,13.161,12.881,12.786,12.751,12.903,12.879,12.607,12.49,12.444,12.315,12.133,11.783,11.773
15.488,15.47,15.453,15.432,15.405,15.368,15.322,15.262,15.192,15.089,15.012,15.068,15.115,14.799,14.897,15.095,15.095,15.311,15.468,15.432,15.387,15.331,15.297,15.278,15.259,15.241,15.238,15.256,15.298,15.359,15.419,15.447,15.478,15.407,15.081,14.686,14.285,14.101,14.725,14.178,13.337,13.382,13.496,13.477,13.387,13.343,13.348,13.355,13.343,13.308,13.26,13.215,13.201,13.261,13.418,13.626,13.798,13.913,13.991,14.046,14.074,13.953,13.54,13.132,12.926,12.792,12.902,13.057,12.762,12.442,12.365,12.283,12.175,12.03,11.892,11.76
15.457,15.436,15.416,15.393,15.362,15.322,15.269,15.2,15.115,14.988,14.914,14.988,14.94,14.672,14.741,14.792,14.846,15.141,15.369,15.435,15.451,15.422,15.405,15.368,15.34,15.336,15.352,15.381,15.421,15.449,15.441,15.439,15.463,15.307,14.846,14.434,14.174,13.937,14.569,14.26,13.393,13.352,13.483,13.526,13.47,13.43,13.465,13.536,13.598,13.595,13.53,13.421,13.298,13.194,13.182,13.351,13.602,13.81,13.947,14.006,13.981,13.795,13.418,13.081,12.884,12.904,13.054,13.048,12.557,12.345,12.164,12.095,12.055,12.009,11.975,11.911
15.427,15.402,15.378,15.351,15.316,15.27,15.208,15.124,15.01,14.836,14.773,14.879,14.74,14.516,14.511,14.489,14.591,14.851,15.072,15.246,15.371,15.452,15.451,15.449,15.463,15.457,15.45,15.458,15.47,15.464,15.425,15.448,15.412,15.019,14.433,14.005,13.917,13.778,14.334,14.243,13.426,13.321,13.423,13.5,13.475,13.416,13.467,13.632,13.79,13.845,13.821,13.719,13.57,13.406,13.187,13.107,13.287,13.512,13.701,13.784,13.731,13.534,13.235,12.993,12.906,13.011,13.079,12.927,12.427,12.295,12.23,12.099,0,0,0,0
15.398,15.369,15.34,15.309,15.268,15.213,15.139,15.034,14.88,14.648,14.594,14.737,14.606,14.389,14.315,14.248,14.251,14.348,14.503,14.741,15.004,15.252,15.391,15.437,15.468,15.499,15.517,15.524,15.514,15.471,15.433,15.468,15.349,14.764,14.136,13.733,13.631,13.592,14.067,14.19,13.43,13.296,13.358,13.435,13.407,13.351,13.495,13.789,13.932,13.937,13.933,13.93,13.781,13.646,13.476,13.133,13.065,13.186,13.305,13.405,13.381,13.246,13.06,12.946,13.045,13.089,13.072,12.743,0,0,0,0,0,0,0,0
15.369,15.335,15.302,15.265,15.216,15.152,15.064,14.937,14.741,14.451,14.374,14.533,14.508,14.354,14.273,14.215,14.132,14.055,14.033,14.141,14.368,14.724,15.126,15.31,15.392,15.439,15.473,15.498,15.5,15.462,15.429,15.493,15.228,14.414,13.881,13.633,13.56,13.483,13.894,14.128,13.395,13.272,13.309,13.382,13.351,13.355,13.639,13.913,13.895,13.803,13.796,13.906,13.927,13.696,13.687,13.436,13.158,13.043,13.092,13.103,13.094,13.036,12.989,13.092,13.165,13.106,0,0,0,0,0,0,0,0,0,0
15.341,15.3,15.262,15.218,15.163,15.088,14.987,14.841,14.617,14.282,14.137,14.254,14.292,14.254,14.252,14.261,14.26,14.242,14.175,14.037,13.944,14.099,14.483,14.896,15.152,15.303,15.386,15.422,15.43,15.393,15.351,15.497,14.755,13.905,13.757,13.693,13.478,13.395,13.954,14.052,13.325,13.243,13.282,13.373,13.389,13.499,13.763,13.807,13.679,13.634,13.634,13.738,13.884,13.78,13.601,13.645,13.767,13.046,13.079,13.071,13.105,13.124,13.152,13.243,13.182,0,0,0,0,0,0,0,0,0,0,0
15.311,15.264,15.219,15.17,15.106,15.023,14.909,14.752,14.525,14.187,13.968,14.043,14.135,14.219,14.295,14.342,14.364,14.365,14.331,14.284,14.233,14.063,13.945,14.256,14.641,14.957,15.185,15.313,15.366,15.323,15.357,15.355,14.046,13.883,13.821,13.709,13.581,13.7,14.096,13.886,13.228,13.206,13.239,13.363,13.468,13.567,13.62,13.494,13.502,13.587,13.628,13.683,13.785,13.683,13.631,13.731,13.903,13.233,13.05,13.122,13.15,12.992,13.024,13.13,0,0,0,0,0,0,0,0,0,0,0,0
15.276,15.223,15.173,15.118,15.048,14.956,14.833,14.67,14.454,14.167,13.957,14.02,14.201,14.361,14.459,14.509,14.53,14.536,14.539,14.503,14.396,14.24,14.095,14.017,14.211,14.563,14.891,15.143,15.297,15.289,15.41,15.17,13.825,13.933,13.903,13.882,13.88,13.965,13.977,13.603,13.096,13.089,13.06,13.139,13.252,13.298,13.188,13.22,13.468,13.644,13.692,13.72,13.786,13.633,13.605,13.967,14.039,13.61,13.367,13.287,13.304,12.905,12.945,13.054,0,0,0,0,0,0,0,0,0,0,0,0
