16.199,16.193,16.175,16.149,16.133,16.12,16.108,16.097,16.092,16.088,16.083,16.079,16.075,16.071,16.067,16.062,16.057,16.052,16.045,16.037,16.028,16.02,16.011,16.004,15.997,15.991,15.985,15.98,15.975,15.971,15.967,15.964,15.961,15.958,15.955,15.951,15.947,15.942,15.937,15.931,15.923,15.915,15.906,15.895,15.885,15.874,15.864,15.854,15.845,15.837,15.829,15.821,15.812,15.804,15.795,15.785,15.774,15.762,15.747,15.731,15.714,15.698,15.683,15.668,15.655,15.642,15.629,15.617,15.606,15.596,15.586,15.578,15.571,15.565,15.562,15.563
16.205,16.188,16.171,16.151,16.134,16.121,16.109,16.099,16.092,16.087,16.082,16.077,16.072,16.068,16.063,16.058,16.053,16.047,16.041,16.034,16.026,16.018,16.01,16.003,15.996,15.99,15.985,15.979,15.974,15.97,15.966,15.962,15.959,15.955,15.952,15.948,15.943,15.938,15.932,15.926,15.919,15.911,15.902,15.892,15.882,15.872,15.862,15.853,15.844,15.835,15.826,15.818,15.809,15.8,15.791,15.78,15.769,15.757,15.743,15.728,15.713,15.698,15.683,15.669,15.655,15.642,15.63,15.618,15.606,15.596,15.586,15.578,15.571,15.565,15.562,15.562
16.201,16.185,16.168,16.15,16.134,16.121,16.109,16.099,16.092,16.085,16.08,16.075,16.07,16.065,16.06,16.055,16.05,16.044,16.037,16.03,16.023,16.016,16.008,16.001,15.995,15.989,15.983,15.978,15.973,15.969,15.964,15.96,15.956,15.953,15.949,15.944,15.94,15.934,15.929,15.922,15.915,15.907,15.898,15.889,15.88,15.87,15.861,15.851,15.842,15.833,15.824,15.815,15.806,15.797,15.787,15.777,15.765,15.753,15.74,15.726,15.711,15.697,15.682,15.669,15.655,15.642,15.63,15.618,15.606,15.596,15.586,15.578,15.571,15.565,15.562,15.561
16.198,16.182,16.166,16.149,16.133,16.12,16.108,16.098,16.09,16.083,16.077,16.072,16.067,16.062,16.057,16.052,16.046,16.04,16.034,16.027,16.02,16.013,16.006,15.999,15.993,15.987,15.981,15.976,15.971,15.967,15.962,15.958,15.954,15.95,15.946,15.941,15.936,15.931,15.925,15.918,15.911,15.904,15.895,15.886,15.877,15.868,15.859,15.849,15.84,15.831,15.822,15.813,15.804,15.794,15.784,15.773,15.762,15.75,15.737,15.723,15.709,15.695,15.682,15.668,15.655,15.642,15.629,15.617,15.606,15.596,15.586,15.578,15.571,15.565,15.562,15.561
16.193,16.178,16.163,16.147,16.132,16.118,16.106,16.096,16.088,16.081,16.075,16.069,16.064,16.059,16.054,16.048,16.043,16.037,16.031,16.024,16.017,16.01,16.004,15.997,15.991,15.985,15.979,15.974,15.969,15.964,15.96,15.956,15.951,15.947,15.943,15.938,15.933,15.928,15.922,15.915,15.908,15.9,15.892,15.884,15.875,15.866,15.856,15.847,15.838,15.829,15.82,15.81,15.801,15.791,15.781,15.77,15.759,15.747,15.734,15.721,15.708,15.694,15.68,15.667,15.654,15.641,15.629,15.617,15.606,15.595,15.586,15.577,15.57,15.565,15.562,15.562
16.188,16.174,16.159,16.145,16.13,16.116,16.103,16.093,16.085,16.077,16.071,16.066,16.06,16.055,16.05,16.045,16.039,16.033,16.027,16.021,16.014,16.007,16.001,15.994,15.988,15.982,15.976,15.971,15.966,15.961,15.957,15.953,15.948,15.944,15.94,15.935,15.93,15.924,15.918,15.912,15.905,15.897,15.889,15.881,15.872,15.863,15.854,15.845,15.836,15.827,15.817,15.808,15.798,15.789,15.778,15.767,15.756,15.744,15.732,15.719,15.706,15.693,15.679,15.666,15.653,15.64,15.628,15.616,15.605,15.595,15.586,15.577,15.57,15.565,15.563,15.562
16.182,16.17,16.156,16.142,16.127,16.114,16.101,16.089,16.08,16.073,16.067,16.062,16.057,16.051,16.046,16.041,16.035,16.03,16.023,16.017,16.01,16.004,15.997,15.99,15.984,15.978,15.972,15.967,15.962,15.957,15.953,15.949,15.945,15.94,15.936,15.931,15.926,15.921,15.915,15.909,15.902,15.894,15.886,15.878,15.869,15.861,15.852,15.843,15.834,15.824,15.815,15.806,15.796,15.786,15.776,15.765,15.754,15.742,15.73,15.717,15.704,15.691,15.678,15.665,15.652,15.64,15.628,15.616,15.605,15.595,15.586,15.578,15.571,15.566,15.564,15.564
16.179,16.167,16.153,16.138,16.124,16.111,16.098,16.085,16.075,16.068,16.062,16.057,16.052,16.047,16.042,16.037,16.031,16.025,16.019,16.013,16.006,15.999,15.993,15.986,15.98,15.973,15.968,15.962,15.957,15.953,15.949,15.945,15.941,15.936,15.932,15.928,15.923,15.917,15.912,15.905,15.899,15.891,15.883,15.875,15.867,15.858,15.849,15.84,15.831,15.822,15.813,15.803,15.794,15.784,15.773,15.762,15.751,15.739,15.727,15.715,15.702,15.69,15.677,15.664,15.652,15.639,15.627,15.616,15.605,15.596,15.587,15.579,15.573,15.569,15.567,15.568
16.18,16.165,16.149,16.135,16.121,16.107,16.094,16.081,16.07,16.061,16.056,16.051,16.046,16.042,16.037,16.032,16.026,16.02,16.014,16.008,16.001,15.994,15.987,15.981,15.974,15.968,15.962,15.957,15.952,15.947,15.943,15.939,15.936,15.932,15.928,15.924,15.919,15.914,15.908,15.902,15.895,15.888,15.881,15.873,15.864,15.856,15.847,15.838,15.829,15.82,15.81,15.801,15.791,15.781,15.771,15.76,15.749,15.737,15.726,15.714,15.701,15.689,15.676,15.664,15.652,15.64,15.629,15.618,15.608,15.599,15.591,15.584,15.579,15.576,15.575,15.577
16.182,16.162,16.145,16.13,16.116,16.103,16.09,16.076,16.063,16.053,16.047,16.043,16.039,16.035,16.03,16.025,16.02,16.014,16.008,16.001,15.994,15.988,15.981,15.974,15.967,15.96,15.955,15.949,15.945,15.94,15.937,15.933,15.93,15.927,15.924,15.92,15.916,15.911,15.905,15.899,15.893,15.886,15.878,15.87,15.862,15.853,15.844,15.835,15.826,15.817,15.808,15.799,15.789,15.779,15.769,15.758,15.747,15.736,15.725,15.714,15.702,15.69,15.679,15.667,15.656,15.645,15.635,15.626,15.617,15.61,15.604,15.6,15.597,15.597,15.6,15.605
16.175,16.155,16.139,16.125,16.112,16.099,16.086,16.072,16.058,16.044,16.037,16.034,16.03,16.026,16.022,16.017,16.012,16.007,16.001,15.994,15.987,15.98,15.973,15.966,15.959,15.953,15.947,15.942,15.938,15.934,15.931,15.929,15.926,15.924,15.921,15.918,15.914,15.909,15.904,15.897,15.89,15.884,15.876,15.869,15.86,15.852,15.843,15.834,15.826,15.817,15.808,15.8,15.791,15.782,15.772,15.763,15.753,15.744,15.734,15.725,15.715,15.706,15.697,15.688,15.68,15.673,15.667,15.662,15.658,15.656,15.655,15.657,15.661,15.668,15.677,15.689
16.156,16.143,16.13,16.118,16.107,16.095,16.083,16.07,16.055,16.04,16.031,16.029,16.026,16.022,16.018,16.013,16.009,16.003,15.997,15.991,15.985,15.978,15.971,15.965,15.959,15.953,15.948,15.943,15.94,15.937,15.934,15.932,15.93,15.928,15.926,15.923,15.919,15.914,15.908,15.901,15.894,15.887,15.88,15.873,15.865,15.857,15.849,15.841,15.833,15.825,15.818,15.811,15.804,15.796,15.789,15.782,15.775,15.768,15.761,15.755,15.749,15.744,15.74,15.737,15.734,15.732,15.731,15.731,15.731,15.733,15.737,15.743,15.751,15.762,15.778,15.796
16.137,16.129,16.121,16.111,16.102,16.092,16.081,16.069,16.055,16.04,16.032,16.029,16.026,16.022,16.017,16.013,16.008,16.003,15.997,15.992,15.986,15.98,15.974,15.968,15.963,15.958,15.954,15.95,15.947,15.944,15.942,15.94,15.937,15.935,15.933,15.93,15.926,15.921,15.914,15.906,15.899,15.892,15.886,15.88,15.873,15.865,15.857,15.85,15.842,15.836,15.829,15.822,15.816,15.81,15.804,15.798,15.793,15.789,15.784,15.781,15.778,15.776,15.774,15.773,15.772,15.771,15.771,15.773,15.776,15.78,15.788,15.799,15.814,15.834,15.858,15.885
16.117,16.116,16.111,16.105,16.097,16.089,16.08,16.069,16.056,16.043,16.036,16.033,16.029,16.025,16.02,16.015,16.01,16.005,16,15.994,15.989,15.984,15.979,15.974,15.969,15.966,15.962,15.959,15.956,15.953,15.951,15.948,15.946,15.944,15.942,15.938,15.934,15.927,15.919,15.91,15.903,15.898,15.893,15.887,15.88,15.872,15.865,15.858,15.851,15.844,15.838,15.832,15.827,15.822,15.818,15.815,15.812,15.809,15.807,15.805,15.804,15.802,15.801,15.801,15.802,15.804,15.809,15.815,15.825,15.839,15.856,15.878,15.903,15.93,15.959,15.988
16.106,16.106,16.104,16.099,16.094,16.087,16.079,16.07,16.06,16.049,16.042,16.04,16.035,16.03,16.026,16.02,16.015,16.01,16.005,15.999,15.994,15.989,15.985,15.98,15.977,15.973,15.97,15.967,15.965,15.962,15.96,15.958,15.956,15.954,15.95,15.946,15.941,15.934,15.926,15.917,15.91,15.904,15.899,15.893,15.886,15.879,15.872,15.865,15.859,15.853,15.848,15.844,15.84,15.838,15.836,15.834,15.833,15.831,15.83,15.829,15.83,15.832,15.836,15.842,15.851,15.863,15.878,15.896,15.917,15.939,15.963,15.988,16.012,16.035,16.056,16.074
16.1,16.1,16.099,16.095,16.091,16.085,16.079,16.072,16.063,16.055,16.05,16.047,16.043,16.038,16.033,16.027,16.022,16.016,16.011,16.006,16.001,15.996,15.991,15.987,15.984,15.981,15.978,15.975,15.973,15.971,15.969,15.968,15.965,15.962,15.959,15.954,15.948,15.941,15.933,15.925,15.917,15.909,15.903,15.899,15.893,15.886,15.88,15.874,15.869,15.865,15.861,15.859,15.857,15.855,15.854,15.853,15.853,15.855,15.859,15.865,15.875,15.888,15.904,15.922,15.943,15.964,15.985,16.006,16.026,16.044,16.06,16.074,16.086,16.096,16.105,16.113
16.097,16.097,16.095,16.092,16.089,16.084,16.079,16.073,16.067,16.061,16.057,16.055,16.05,16.045,16.04,16.034,16.029,16.023,16.018,16.012,16.007,16.003,15.998,15.994,15.991,15.988,15.985,15.983,15.981,15.98,15.978,15.976,15.973,15.97,15.965,15.96,15.953,15.946,15.939,15.932,15.924,15.916,15.91,15.905,15.9,15.894,15.89,15.886,15.883,15.88,15.877,15.875,15.873,15.873,15.875,15.88,15.889,15.902,15.92,15.941,15.964,15.987,16.01,16.031,16.049,16.065,16.078,16.088,16.095,16.099,16.103,16.107,16.114,16.126,16.142,16.163
16.095,16.095,16.093,16.091,16.088,16.084,16.08,16.075,16.07,16.066,16.063,16.061,16.056,16.051,16.046,16.04,16.035,16.029,16.024,16.018,16.013,16.008,16.004,16.001,15.997,15.995,15.992,15.991,15.989,15.987,15.985,15.983,15.98,15.976,15.971,15.965,15.958,15.951,15.945,15.938,15.931,15.923,15.918,15.913,15.909,15.905,15.902,15.899,15.896,15.894,15.892,15.893,15.896,15.905,15.919,15.941,15.967,15.996,16.025,16.05,16.071,16.087,16.098,16.105,16.109,16.111,16.11,16.109,16.11,16.114,16.124,16.142,16.167,16.199,16.235,16.275
16.094,16.093,16.092,16.09,16.087,16.084,16.081,16.077,16.073,16.069,16.066,16.065,16.061,16.056,16.051,16.045,16.04,16.034,16.028,16.023,16.018,16.014,16.01,16.007,16.004,16.002,16,15.998,15.996,15.994,15.992,15.989,15.985,15.98,15.975,15.969,15.962,15.956,15.95,15.943,15.937,15.931,15.927,15.923,15.92,15.917,15.915,15.912,15.911,15.912,15.917,15.929,15.949,15.977,16.01,16.045,16.076,16.1,16.117,16.125,16.128,16.126,16.122,16.117,16.114,16.113,16.117,16.127,16.143,16.168,16.199,16.238,16.281,16.326,16.372,16.414
16.094,16.093,16.091,16.09,16.087,16.085,16.082,16.078,16.074,16.071,16.068,16.067,16.063,16.059,16.054,16.049,16.043,16.038,16.033,16.028,16.023,16.019,16.016,16.013,16.011,16.009,16.007,16.005,16.003,16,15.997,15.994,15.99,15.985,15.979,15.973,15.967,15.961,15.955,15.95,15.944,15.94,15.937,15.934,15.932,15.93,15.93,15.931,15.938,15.952,15.976,16.008,16.046,16.083,16.114,16.135,16.145,16.147,16.141,16.132,16.125,16.121,16.121,16.126,16.136,16.152,16.173,16.201,16.236,16.277,16.323,16.371,16.417,16.459,16.495,16.522
16.094,16.093,16.092,16.09,16.088,16.086,16.083,16.079,16.075,16.071,16.069,16.068,16.064,16.06,16.056,16.051,16.046,16.041,16.036,16.032,16.028,16.025,16.022,16.02,16.018,16.016,16.014,16.011,16.009,16.006,16.003,15.999,15.995,15.99,15.985,15.979,15.973,15.967,15.962,15.958,15.954,15.951,15.949,15.947,15.947,15.95,15.958,15.974,16,16.034,16.074,16.112,16.14,16.157,16.161,16.155,16.144,16.134,16.128,16.129,16.138,16.151,16.169,16.189,16.212,16.24,16.274,16.314,16.359,16.407,16.454,16.495,16.526,16.546,16.556,16.558
16.094,16.093,16.092,16.091,16.089,16.087,16.084,16.081,16.076,16.072,16.069,16.068,16.064,16.061,16.057,16.053,16.049,16.044,16.04,16.037,16.034,16.031,16.029,16.027,16.024,16.022,16.02,16.018,16.016,16.013,16.01,16.006,16.002,15.997,15.991,15.985,15.98,15.975,15.971,15.968,15.965,15.964,15.964,15.967,15.976,15.992,16.019,16.055,16.096,16.133,16.16,16.172,16.171,16.159,16.146,16.137,16.137,16.147,16.164,16.186,16.209,16.234,16.258,16.285,16.316,16.353,16.395,16.44,16.484,16.521,16.549,16.563,16.564,16.557,16.546,16.534
16.095,16.094,16.093,16.092,16.09,16.088,16.085,16.082,16.078,16.072,16.069,16.069,16.065,16.062,16.058,16.055,16.051,16.048,16.044,16.042,16.039,16.037,16.035,16.033,16.031,16.029,16.027,16.025,16.023,16.02,16.017,16.014,16.009,16.004,15.998,15.993,15.988,15.984,15.981,15.98,15.979,15.982,15.99,16.007,16.033,16.069,16.109,16.146,16.173,16.183,16.179,16.165,16.15,16.144,16.151,16.17,16.197,16.228,16.258,16.287,16.313,16.339,16.367,16.398,16.434,16.473,16.511,16.544,16.567,16.577,16.575,16.561,16.542,16.522,16.508,16.5
16.096,16.095,16.094,16.093,16.091,16.089,16.087,16.084,16.079,16.073,16.069,16.069,16.066,16.063,16.06,16.057,16.054,16.051,16.049,16.046,16.044,16.043,16.041,16.04,16.038,16.037,16.035,16.033,16.031,16.028,16.025,16.021,16.017,16.012,16.006,16.001,15.997,15.995,15.995,15.997,16.004,16.018,16.042,16.075,16.115,16.152,16.179,16.189,16.184,16.17,16.157,16.153,16.164,16.19,16.227,16.269,16.31,16.347,16.378,16.405,16.43,16.456,16.484,16.513,16.543,16.569,16.587,16.594,16.589,16.574,16.553,16.529,16.509,16.497,16.493,16.498
16.098,16.097,16.096,16.095,16.093,16.091,16.089,16.086,16.081,16.074,16.069,16.07,16.068,16.065,16.062,16.06,16.057,16.055,16.053,16.052,16.05,16.049,16.048,16.047,16.046,16.045,16.043,16.041,16.039,16.036,16.033,16.029,16.024,16.019,16.014,16.011,16.009,16.011,16.016,16.028,16.048,16.077,16.114,16.15,16.178,16.19,16.187,16.175,16.163,16.16,16.173,16.201,16.244,16.296,16.349,16.399,16.441,16.474,16.502,16.525,16.546,16.567,16.587,16.605,16.618,16.621,16.614,16.598,16.575,16.551,16.531,16.516,16.508,16.508,16.515,16.527
16.099,16.098,16.098,16.096,16.095,16.093,16.091,16.088,16.083,16.076,16.071,16.072,16.07,16.068,16.066,16.064,16.062,16.06,16.059,16.058,16.057,16.056,16.056,16.055,16.054,16.053,16.051,16.049,16.046,16.043,16.039,16.036,16.032,16.028,16.025,16.025,16.028,16.037,16.053,16.078,16.109,16.143,16.171,16.187,16.188,16.179,16.169,16.166,16.177,16.203,16.245,16.299,16.361,16.422,16.477,16.522,16.558,16.586,16.61,16.63,16.646,16.658,16.667,16.669,16.661,16.642,16.616,16.585,16.558,16.542,16.535,16.535,16.537,16.542,16.547,16.542
16.101,16.1,16.099,16.098,16.097,16.096,16.093,16.091,16.086,16.079,16.074,16.075,16.073,16.072,16.07,16.069,16.068,16.067,16.066,16.065,16.065,16.064,16.064,16.063,16.062,16.06,16.058,16.056,16.053,16.05,16.047,16.044,16.042,16.04,16.041,16.047,16.058,16.077,16.103,16.133,16.161,16.179,16.185,16.181,16.173,16.171,16.18,16.2,16.235,16.285,16.347,16.414,16.478,16.533,16.577,16.613,16.644,16.672,16.696,16.715,16.729,16.735,16.732,16.717,16.688,16.649,16.609,16.574,16.557,16.559,16.563,16.564,16.56,16.552,16.534,16.498
16.103,16.102,16.101,16.101,16.099,16.098,16.096,16.094,16.09,16.083,16.078,16.08,16.078,16.077,16.076,16.075,16.075,16.074,16.074,16.074,16.073,16.073,16.072,16.071,16.069,16.067,16.065,16.063,16.06,16.058,16.057,16.056,16.056,16.059,16.066,16.079,16.098,16.123,16.149,16.169,16.18,16.181,16.177,16.176,16.182,16.198,16.225,16.264,16.318,16.385,16.455,16.519,16.571,16.613,16.648,16.682,16.715,16.746,16.772,16.792,16.805,16.806,16.789,16.751,16.7,16.647,16.601,16.58,16.589,16.596,16.577,16.551,16.528,16.504,16.469,16.421
16.105,16.104,16.104,16.103,16.102,16.101,16.099,16.097,16.093,16.088,16.084,16.086,16.085,16.084,16.083,16.083,16.083,16.083,16.082,16.082,16.082,16.081,16.079,16.078,16.076,16.074,16.073,16.071,16.07,16.07,16.07,16.072,16.076,16.084,16.097,16.115,16.136,16.156,16.171,16.178,16.179,16.18,16.186,16.198,16.218,16.247,16.289,16.347,16.417,16.489,16.553,16.604,16.645,16.681,16.719,16.758,16.794,16.824,16.847,16.865,16.876,16.87,16.834,16.773,16.708,16.65,16.615,16.622,16.648,16.618,16.542,16.492,16.464,16.435,16.392,16.345
16.107,16.106,16.106,16.105,16.104,16.103,16.102,16.1,16.098,16.094,16.09,16.093,16.092,16.091,16.091,16.091,16.091,16.09,16.09,16.089,16.089,16.087,16.086,16.085,16.084,16.083,16.082,16.082,16.083,16.085,16.088,16.092,16.1,16.111,16.126,16.143,16.159,16.171,16.177,16.181,16.188,16.199,16.215,16.237,16.267,16.311,16.372,16.446,16.522,16.587,16.638,16.679,16.718,16.76,16.803,16.842,16.872,16.895,16.912,16.924,16.928,16.911,16.863,16.797,16.737,16.686,16.67,16.698,16.71,16.62,16.497,16.432,16.391,16.344,16.295,16.272
16.109,16.109,16.108,16.108,16.107,16.106,16.105,16.104,16.102,16.099,16.097,16.1,16.099,16.098,16.098,16.098,16.097,16.097,16.096,16.095,16.094,16.093,16.093,16.092,16.092,16.092,16.094,16.095,16.098,16.102,16.107,16.114,16.123,16.135,16.148,16.161,16.172,16.18,16.188,16.199,16.213,16.231,16.253,16.284,16.331,16.397,16.476,16.555,16.621,16.671,16.711,16.751,16.796,16.842,16.882,16.912,16.93,16.941,16.948,16.951,16.946,16.926,16.893,16.858,16.819,16.777,16.763,16.783,16.767,16.65,16.493,16.384,16.315,16.261,16.231,16.244
16.111,16.111,16.111,16.11,16.11,16.109,16.108,16.107,16.105,16.103,16.102,16.106,16.105,16.104,16.104,16.103,16.102,16.102,16.101,16.101,16.1,16.1,16.1,16.101,16.103,16.105,16.108,16.111,16.115,16.12,16.126,16.133,16.143,16.154,16.165,16.176,16.186,16.198,16.212,16.228,16.246,16.268,16.3,16.35,16.421,16.505,16.586,16.65,16.697,16.734,16.773,16.82,16.87,16.911,16.936,16.946,16.949,16.951,16.953,16.955,16.955,16.957,16.962,16.965,16.946,16.908,16.879,16.869,16.836,16.731,16.557,16.399,16.308,16.254,16.226,16.24
16.114,16.113,16.113,16.113,16.112,16.112,16.111,16.11,16.109,16.106,16.106,16.11,16.109,16.108,16.108,16.107,16.107,16.107,16.107,16.107,16.108,16.109,16.111,16.113,16.116,16.119,16.123,16.127,16.131,16.136,16.143,16.151,16.16,16.171,16.183,16.195,16.209,16.225,16.242,16.26,16.282,16.316,16.37,16.446,16.533,16.613,16.674,16.715,16.747,16.784,16.834,16.889,16.93,16.946,16.942,16.935,16.938,16.954,16.974,16.995,17.016,17.036,17.056,17.07,17.065,17.037,16.998,16.963,16.92,16.831,16.67,16.492,16.377,16.307,16.249,16.235
16.116,16.116,16.116,16.116,16.115,16.115,16.114,16.113,16.111,16.109,16.108,16.113,16.112,16.112,16.112,16.112,16.113,16.113,16.114,16.116,16.118,16.12,16.123,16.127,16.131,16.135,16.138,16.142,16.147,16.152,16.159,16.168,16.178,16.191,16.205,16.221,16.237,16.254,16.272,16.296,16.332,16.39,16.47,16.558,16.636,16.693,16.727,16.752,16.788,16.842,16.903,16.945,16.949,16.926,16.909,16.924,16.962,17.002,17.036,17.062,17.081,17.096,17.108,17.118,17.125,17.119,17.094,17.055,17.004,16.919,16.775,16.603,16.473,16.388,16.294,16.231
16.119,16.119,16.119,16.118,16.118,16.117,16.117,16.116,16.114,16.112,16.111,16.116,16.116,16.116,16.117,16.118,16.12,16.122,16.124,16.127,16.13,16.133,16.137,16.141,16.145,16.149,16.152,16.156,16.161,16.168,16.176,16.187,16.2,16.215,16.232,16.248,16.265,16.284,16.309,16.348,16.41,16.492,16.579,16.655,16.707,16.735,16.756,16.79,16.848,16.915,16.959,16.953,16.909,16.885,16.912,16.964,17.004,17.024,17.038,17.053,17.068,17.082,17.096,17.108,17.123,17.137,17.139,17.12,17.075,16.993,16.86,16.7,16.568,16.477,16.365,16.249
16.122,16.122,16.121,16.121,16.121,16.12,16.119,16.118,16.117,16.114,16.114,16.119,16.12,16.121,16.123,16.126,16.128,16.131,16.135,16.138,16.142,16.146,16.15,16.154,16.158,16.162,16.166,16.171,16.177,16.185,16.196,16.209,16.225,16.241,16.258,16.275,16.294,16.321,16.364,16.429,16.511,16.596,16.669,16.717,16.741,16.759,16.793,16.852,16.923,16.974,16.964,16.902,16.865,16.897,16.95,16.966,16.95,16.942,16.958,16.989,17.021,17.047,17.068,17.084,17.099,17.119,17.139,17.145,17.121,17.053,16.933,16.786,16.658,16.564,16.453,16.304
16.125,16.124,16.124,16.124,16.124,16.123,16.122,16.121,16.12,16.117,16.117,16.124,16.126,16.127,16.131,16.134,16.137,16.141,16.145,16.149,16.154,16.158,16.162,16.166,16.171,16.175,16.18,16.186,16.195,16.205,16.218,16.233,16.248,16.265,16.283,16.303,16.332,16.377,16.444,16.527,16.61,16.679,16.724,16.746,16.764,16.797,16.855,16.928,16.988,16.984,16.909,16.853,16.879,16.927,16.914,16.854,16.818,16.825,16.867,16.927,16.987,17.028,17.055,17.074,17.087,17.102,17.123,17.141,17.141,17.097,16.993,16.854,16.728,16.633,16.535,16.388
16.127,16.127,16.127,16.127,16.127,16.126,16.125,16.124,16.122,16.12,16.121,16.129,16.131,16.134,16.138,16.142,16.146,16.15,16.155,16.159,16.164,16.169,16.174,16.178,16.183,16.189,16.196,16.204,16.214,16.226,16.239,16.254,16.271,16.288,16.31,16.341,16.388,16.455,16.537,16.618,16.685,16.728,16.75,16.769,16.803,16.857,16.929,16.997,17.01,16.933,16.851,16.861,16.906,16.88,16.785,16.711,16.694,16.711,16.765,16.854,16.95,17.012,17.048,17.071,17.087,17.1,17.115,17.132,17.142,17.121,17.041,16.908,16.777,16.678,16.592,16.471
16.13,16.13,16.13,16.13,16.13,16.129,16.128,16.127,16.125,16.123,16.125,16.134,16.137,16.14,16.145,16.149,16.154,16.159,16.164,16.169,16.174,16.18,16.185,16.191,16.198,16.205,16.212,16.222,16.232,16.245,16.259,16.274,16.292,16.315,16.347,16.394,16.461,16.542,16.621,16.687,16.73,16.753,16.775,16.81,16.861,16.928,17.001,17.033,16.97,16.863,16.846,16.89,16.872,16.768,16.665,16.624,16.609,16.612,16.65,16.754,16.899,16.99,17.038,17.065,17.086,17.102,17.119,17.13,17.139,17.131,17.074,16.954,16.818,16.71,16.625,16.53
16.133,16.134,16.133,16.133,16.133,16.132,16.131,16.13,16.128,16.127,16.129,16.139,16.143,16.146,16.152,16.156,16.162,16.167,16.173,16.179,16.185,16.192,16.199,16.206,16.213,16.22,16.228,16.238,16.249,16.262,16.276,16.294,16.317,16.35,16.397,16.463,16.542,16.619,16.684,16.728,16.753,16.778,16.815,16.865,16.93,17.004,17.05,17.007,16.891,16.838,16.879,16.889,16.808,16.686,16.613,16.576,16.544,16.544,16.56,16.64,16.837,16.965,17.028,17.058,17.081,17.1,17.122,17.135,17.137,17.132,17.093,16.993,16.86,16.747,16.655,16.571
16.137,16.137,16.137,16.136,16.136,16.135,16.134,16.133,16.131,16.13,16.133,16.144,16.148,16.152,16.158,16.163,16.17,16.176,16.183,16.19,16.198,16.205,16.213,16.22,16.227,16.234,16.242,16.252,16.264,16.278,16.295,16.318,16.351,16.398,16.461,16.538,16.614,16.68,16.725,16.751,16.779,16.818,16.869,16.935,17.012,17.063,17.034,16.921,16.843,16.873,16.908,16.864,16.747,16.621,16.547,16.485,16.488,16.49,16.516,16.543,16.77,16.939,17.021,17.053,17.076,17.097,17.119,17.139,17.138,17.13,17.101,17.019,16.899,16.794,16.711,16.634
16.14,16.14,16.14,16.14,16.139,16.138,16.137,16.136,16.135,16.134,16.137,16.149,16.153,16.158,16.165,16.171,16.179,16.186,16.195,16.203,16.211,16.219,16.226,16.232,16.239,16.246,16.254,16.265,16.278,16.294,16.317,16.35,16.396,16.458,16.531,16.608,16.674,16.722,16.75,16.778,16.817,16.869,16.939,17.019,17.07,17.047,16.945,16.859,16.877,16.924,16.911,16.828,16.684,16.544,16.482,16.521,16.546,16.45,16.488,16.487,16.713,16.918,17.017,17.049,17.07,17.093,17.116,17.138,17.138,17.126,17.101,17.034,16.932,16.853,16.805,16.75
16.144,16.144,16.144,16.143,16.143,16.142,16.141,16.14,16.138,16.137,16.142,16.154,16.159,16.165,16.173,16.181,16.189,16.199,16.208,16.216,16.224,16.231,16.237,16.242,16.248,16.255,16.265,16.277,16.293,16.316,16.348,16.393,16.453,16.524,16.599,16.667,16.719,16.749,16.775,16.813,16.863,16.932,17.012,17.058,17.033,16.951,16.887,16.905,16.95,16.947,16.892,16.789,16.649,16.561,16.571,16.731,16.766,16.474,16.456,16.466,16.681,16.908,17.018,17.049,17.067,17.091,17.113,17.133,17.133,17.117,17.094,17.038,16.96,16.921,16.913,16.878
16.148,16.148,16.148,16.147,16.147,16.146,16.145,16.143,16.141,16.141,16.147,16.16,16.166,16.173,16.183,16.192,16.202,16.212,16.221,16.228,16.234,16.24,16.244,16.249,16.256,16.264,16.276,16.291,16.313,16.345,16.389,16.446,16.515,16.589,16.659,16.715,16.749,16.773,16.806,16.851,16.914,16.987,17.019,16.986,16.933,16.923,16.962,16.995,16.984,16.941,16.873,16.769,16.64,16.6,16.647,16.735,16.816,16.532,16.443,16.462,16.679,16.913,17.024,17.051,17.068,17.093,17.111,17.123,17.121,17.102,17.08,17.039,16.993,16.989,16.987,16.912
16.152,16.152,16.152,16.151,16.151,16.15,16.148,16.147,16.145,16.145,16.152,16.166,16.174,16.182,16.194,16.204,16.214,16.223,16.231,16.237,16.241,16.245,16.25,16.255,16.263,16.274,16.288,16.309,16.339,16.382,16.437,16.503,16.576,16.647,16.708,16.748,16.771,16.799,16.837,16.89,16.949,16.97,16.929,16.907,16.958,17.022,17.039,17.01,16.966,16.922,16.862,16.769,16.655,16.636,16.656,16.675,16.572,16.525,16.439,16.473,16.706,16.932,17.033,17.053,17.071,17.098,17.108,17.108,17.102,17.081,17.064,17.042,17.031,17.038,16.989,16.809
16.157,16.156,16.156,16.156,16.155,16.154,16.152,16.151,16.149,16.149,16.157,16.173,16.183,16.193,16.205,16.216,16.225,16.232,16.238,16.242,16.245,16.249,16.254,16.262,16.271,16.285,16.304,16.333,16.373,16.426,16.49,16.56,16.631,16.696,16.743,16.769,16.792,16.822,16.864,16.91,16.926,16.886,16.884,16.973,17.045,17.041,16.999,16.957,16.926,16.897,16.85,16.767,16.674,16.681,16.631,16.558,16.59,16.543,16.401,16.497,16.756,16.961,17.039,17.053,17.073,17.102,17.106,17.089,17.076,17.057,17.049,17.052,17.062,17.045,16.915,16.633
16.162,16.161,16.161,16.16,16.159,16.158,16.157,16.155,16.153,16.154,16.162,16.181,16.192,16.203,16.216,16.225,16.233,16.238,16.242,16.245,16.249,16.254,16.26,16.269,16.282,16.299,16.325,16.363,16.413,16.474,16.542,16.612,16.678,16.733,16.766,16.786,16.809,16.84,16.874,16.889,16.86,16.858,16.957,17.033,17.012,16.966,16.93,16.904,16.883,16.859,16.822,16.752,16.706,16.73,16.695,16.72,16.676,16.413,16.343,16.553,16.82,16.988,17.042,17.049,17.069,17.098,17.098,17.071,17.048,17.036,17.042,17.061,17.065,16.992,16.765,16.367
16.167,16.166,16.165,16.165,16.164,16.163,16.161,16.16,16.158,16.159,16.169,16.19,16.202,16.213,16.224,16.232,16.237,16.241,16.245,16.248,16.253,16.259,16.268,16.279,16.295,16.318,16.352,16.399,16.458,16.523,16.591,16.656,16.716,16.759,16.782,16.801,16.82,16.844,16.857,16.842,16.834,16.919,17.013,16.995,16.948,16.913,16.884,16.861,16.84,16.816,16.783,16.745,16.76,16.777,16.797,16.72,16.398,16.219,16.36,16.641,16.879,17.006,17.039,17.042,17.059,17.081,17.079,17.051,17.026,17.023,17.038,17.051,17.014,16.851,16.483,15.973
16.171,16.171,16.17,16.17,16.169,16.168,16.166,16.165,16.164,16.166,16.178,16.2,16.212,16.221,16.231,16.236,16.241,16.244,16.248,16.252,16.258,16.266,16.277,16.291,16.312,16.342,16.386,16.441,16.504,16.57,16.633,16.693,16.747,16.781,16.798,16.81,16.822,16.834,16.829,16.819,16.868,16.978,17.003,16.958,16.92,16.885,16.855,16.833,16.813,16.792,16.772,16.777,16.795,16.781,16.655,16.321,16.108,16.193,16.452,16.723,16.916,17.01,17.032,17.033,17.045,17.055,17.046,17.022,17.002,17.002,17.013,16.992,16.871,16.567,16.069,15.669
16.176,16.176,16.175,16.174,16.174,16.173,16.172,16.171,16.171,16.174,16.188,16.211,16.221,16.228,16.236,16.24,16.244,16.247,16.252,16.258,16.265,16.275,16.288,16.306,16.334,16.373,16.425,16.485,16.548,16.609,16.668,16.727,16.775,16.802,16.813,16.815,16.817,16.816,16.809,16.828,16.915,17.003,16.99,16.956,16.922,16.885,16.854,16.831,16.813,16.8,16.795,16.779,16.704,16.517,16.196,16.004,16.05,16.263,16.533,16.768,16.928,17.005,17.023,17.022,17.027,17.025,17.004,16.982,16.976,16.989,16.986,16.899,16.619,16.122,15.694,15.513
16.181,16.18,16.18,16.179,16.179,16.178,16.177,16.177,16.178,16.183,16.199,16.22,16.228,16.233,16.239,16.242,16.247,16.251,16.257,16.265,16.274,16.286,16.302,16.326,16.361,16.408,16.465,16.526,16.585,16.642,16.699,16.758,16.803,16.824,16.827,16.818,16.81,16.801,16.803,16.849,16.948,17.012,16.996,16.976,16.95,16.918,16.89,16.867,16.84,16.793,16.707,16.553,16.319,16.051,15.905,15.92,16.077,16.321,16.569,16.776,16.921,16.992,17.009,17.007,17.004,16.99,16.971,16.957,16.941,16.889,16.756,16.492,16.093,15.704,15.498,15.441
16.186,16.185,16.185,16.184,16.184,16.183,16.183,16.183,16.184,16.191,16.208,16.226,16.232,16.235,16.241,16.245,16.251,16.257,16.264,16.273,16.284,16.299,16.32,16.35,16.392,16.444,16.502,16.56,16.614,16.668,16.727,16.786,16.829,16.846,16.842,16.823,16.803,16.788,16.803,16.867,16.963,17.016,17.009,17.002,16.991,16.98,16.962,16.912,16.8,16.618,16.385,16.138,15.935,15.819,15.793,15.896,16.102,16.337,16.559,16.752,16.893,16.967,16.987,16.984,16.971,16.954,16.961,16.945,16.901,16.793,16.576,16.212,15.794,15.534,15.425,15.38
16.19,16.19,16.19,16.189,16.189,16.188,16.188,16.188,16.19,16.197,16.212,16.229,16.234,16.237,16.243,16.248,16.255,16.263,16.272,16.282,16.296,16.315,16.341,16.377,16.423,16.476,16.531,16.583,16.634,16.688,16.749,16.808,16.853,16.871,16.862,16.833,16.8,16.78,16.803,16.876,16.966,17.014,17.019,17.024,17.028,17.024,16.972,16.823,16.571,16.281,16.042,15.873,15.737,15.662,15.724,15.893,16.098,16.305,16.507,16.694,16.837,16.917,16.946,16.944,16.929,16.923,16.922,16.897,16.822,16.639,16.29,15.849,15.553,15.438,15.401,15.342
16.195,16.195,16.194,16.194,16.194,16.194,16.193,16.194,16.195,16.201,16.214,16.228,16.234,16.238,16.246,16.253,16.261,16.27,16.281,16.294,16.311,16.334,16.365,16.404,16.45,16.5,16.55,16.597,16.645,16.7,16.762,16.824,16.873,16.895,16.886,16.852,16.808,16.778,16.8,16.876,16.96,17.008,17.02,17.031,17.039,17.007,16.872,16.603,16.281,16.028,15.836,15.653,15.533,15.565,15.703,15.874,16.053,16.234,16.419,16.597,16.737,16.823,16.866,16.878,16.863,16.838,16.783,16.677,16.462,16.127,15.753,15.487,15.391,15.384,15.35,15.312
16.199,16.199,16.199,16.199,16.199,16.199,16.199,16.199,16.201,16.205,16.215,16.228,16.235,16.242,16.251,16.259,16.269,16.279,16.292,16.307,16.327,16.354,16.387,16.427,16.471,16.515,16.558,16.6,16.647,16.703,16.767,16.832,16.886,16.916,16.912,16.879,16.829,16.786,16.796,16.867,16.948,16.997,17.008,17.017,17.024,16.952,16.733,16.403,16.085,15.819,15.579,15.425,15.429,15.537,15.672,15.82,15.974,16.131,16.297,16.457,16.58,16.657,16.711,16.74,16.725,16.667,16.54,16.326,16.05,15.767,15.54,15.411,15.371,15.34,15.307,15.285
16.203,16.203,16.204,16.204,16.204,16.204,16.204,16.205,16.206,16.211,16.219,16.231,16.239,16.247,16.257,16.266,16.277,16.289,16.304,16.322,16.345,16.373,16.407,16.445,16.483,16.521,16.559,16.598,16.643,16.698,16.762,16.83,16.89,16.928,16.935,16.91,16.863,16.812,16.802,16.859,16.938,16.988,16.992,16.992,16.99,16.881,16.607,16.226,15.851,15.545,15.354,15.32,15.397,15.499,15.61,15.735,15.867,16.002,16.143,16.276,16.369,16.414,16.443,16.466,16.437,16.323,16.149,15.939,15.713,15.527,15.413,15.377,15.34,15.292,15.263,15.247
16.207,16.208,16.208,16.209,16.209,16.209,16.21,16.211,16.213,16.217,16.226,16.237,16.246,16.255,16.265,16.275,16.287,16.301,16.317,16.338,16.361,16.39,16.422,16.456,16.49,16.524,16.557,16.593,16.634,16.683,16.742,16.808,16.874,16.925,16.947,16.937,16.903,16.856,16.831,16.868,16.939,16.985,16.979,16.968,16.943,16.79,16.445,15.976,15.573,15.329,15.245,15.287,15.361,15.434,15.523,15.63,15.741,15.849,15.959,16.064,16.131,16.141,16.115,16.079,16.022,15.926,15.792,15.633,15.483,15.39,15.351,15.314,15.266,15.223,15.195,15.175
16.211,16.212,16.213,16.214,16.214,16.215,16.215,16.217,16.219,16.225,16.234,16.245,16.254,16.263,16.274,16.285,16.298,16.313,16.331,16.352,16.376,16.404,16.434,16.465,16.496,16.526,16.555,16.583,16.615,16.655,16.706,16.766,16.834,16.898,16.94,16.949,16.933,16.903,16.877,16.899,16.952,16.981,16.967,16.949,16.886,16.66,16.209,15.692,15.358,15.21,15.207,15.262,15.307,15.356,15.428,15.515,15.601,15.682,15.76,15.836,15.89,15.895,15.858,15.804,15.74,15.654,15.548,15.446,15.374,15.33,15.285,15.228,15.172,15.122,15.077,15.042
16.215,16.217,16.218,16.219,16.22,16.22,16.221,16.223,16.226,16.232,16.243,16.254,16.263,16.272,16.283,16.295,16.31,16.326,16.344,16.365,16.389,16.416,16.445,16.475,16.504,16.529,16.549,16.567,16.591,16.623,16.666,16.719,16.785,16.858,16.917,16.946,16.948,16.936,16.922,16.933,16.959,16.968,16.959,16.93,16.815,16.487,15.935,15.458,15.222,15.159,15.196,15.23,15.25,15.285,15.338,15.402,15.467,15.524,15.576,15.625,15.666,15.679,15.655,15.604,15.542,15.475,15.41,15.356,15.31,15.255,15.184,15.106,15.028,14.951,14.885,14.836
16.22,16.222,16.223,16.224,16.225,16.226,16.227,16.229,16.232,16.239,16.251,16.262,16.271,16.281,16.293,16.306,16.321,16.338,16.357,16.378,16.402,16.43,16.459,16.488,16.512,16.529,16.541,16.556,16.578,16.607,16.644,16.691,16.753,16.827,16.892,16.932,16.948,16.949,16.943,16.942,16.947,16.959,16.959,16.904,16.715,16.271,15.682,15.3,15.151,15.153,15.189,15.199,15.208,15.229,15.26,15.304,15.353,15.397,15.431,15.462,15.487,15.499,15.49,15.459,15.417,15.375,15.335,15.29,15.231,15.148,15.05,14.947,14.85,14.768,14.705,14.652
16.225,16.227,16.229,16.23,16.231,16.232,16.233,16.236,16.239,16.247,16.258,16.269,16.279,16.29,16.303,16.317,16.333,16.35,16.369,16.391,16.417,16.446,16.474,16.499,16.519,16.535,16.553,16.576,16.602,16.628,16.658,16.697,16.75,16.815,16.875,16.913,16.928,16.929,16.92,16.917,16.94,16.976,16.961,16.859,16.575,16.029,15.484,15.201,15.13,15.165,15.186,15.185,15.186,15.188,15.197,15.222,15.26,15.298,15.328,15.351,15.369,15.379,15.376,15.362,15.338,15.309,15.27,15.213,15.13,15.026,14.917,14.821,14.758,14.732,14.714,14.669
16.231,16.233,16.235,16.236,16.237,16.238,16.24,16.242,16.246,16.254,16.265,16.277,16.288,16.3,16.314,16.328,16.344,16.362,16.383,16.407,16.435,16.463,16.489,16.514,16.539,16.57,16.608,16.642,16.666,16.684,16.702,16.729,16.767,16.813,16.859,16.888,16.896,16.893,16.893,16.921,16.979,17.001,16.945,16.78,16.392,15.808,15.35,15.151,15.143,15.187,15.199,15.201,15.199,15.184,15.165,15.16,15.177,15.212,15.245,15.271,15.291,15.305,15.308,15.299,15.279,15.248,15.2,15.127,15.032,14.929,14.844,14.81,14.842,14.894,14.899,14.861
16.239,16.24,16.241,16.243,16.244,16.245,16.247,16.249,16.253,16.262,16.274,16.286,16.298,16.31,16.324,16.339,16.356,16.376,16.399,16.426,16.453,16.481,16.509,16.542,16.587,16.644,16.698,16.734,16.75,16.754,16.757,16.769,16.791,16.818,16.845,16.865,16.878,16.894,16.929,16.988,17.025,16.997,16.9,16.67,16.21,15.639,15.264,15.139,15.174,15.221,15.246,15.273,15.287,15.267,15.213,15.154,15.121,15.13,15.164,15.196,15.221,15.241,15.252,15.247,15.224,15.185,15.127,15.048,14.957,14.878,14.85,14.903,15.01,15.071,15.055,15.026
16.247,16.247,16.248,16.249,16.25,16.252,16.254,16.256,16.261,16.27,16.284,16.297,16.309,16.321,16.336,16.351,16.369,16.391,16.417,16.444,16.472,16.502,16.539,16.591,16.66,16.735,16.793,16.822,16.825,16.815,16.806,16.811,16.826,16.845,16.865,16.888,16.918,16.962,17.015,17.046,17.021,16.95,16.812,16.525,16.04,15.518,15.212,15.151,15.213,15.275,15.344,15.427,15.485,15.48,15.404,15.282,15.163,15.094,15.092,15.122,15.148,15.17,15.188,15.187,15.164,15.121,15.06,14.985,14.913,14.877,14.917,15.041,15.164,15.174,15.144,15.121
16.254,16.254,16.255,16.256,16.257,16.259,16.261,16.264,16.269,16.279,16.295,16.309,16.321,16.333,16.347,16.364,16.384,16.409,16.436,16.463,16.493,16.531,16.582,16.654,16.739,16.817,16.864,16.876,16.866,16.847,16.835,16.845,16.872,16.901,16.931,16.967,17.009,17.049,17.064,17.03,16.959,16.867,16.699,16.378,15.897,15.433,15.192,15.187,15.283,15.388,15.52,15.654,15.743,15.768,15.71,15.572,15.378,15.187,15.077,15.065,15.085,15.102,15.117,15.12,15.102,15.062,15.005,14.944,14.902,14.913,15.012,15.166,15.244,15.222,15.231,15.217
