17.86,17.846,17.797,17.729,17.656,17.566,17.462,17.359,17.252,17.147,17.044,16.949,16.867,16.799,16.734,16.707,16.688,16.666,16.64,16.608,16.575,16.547,16.528,16.513,16.49,16.457,16.417,16.375,16.329,16.277,16.221,16.157,16.074,15.97,15.869,15.801,15.766,15.738,15.72,15.71,15.704,15.679,15.679,15.645,15.596,15.548,15.502,15.45,15.399,15.351,15.307,15.267,15.23,15.194,15.155,15.106,15.044,14.972,14.902,14.84,14.78,14.71,14.597,14.44,14.261,14.082,13.919,13.791,13.701,13.633,13.604,13.59,13.576,13.561,13.543,13.522
17.873,17.819,17.748,17.671,17.588,17.502,17.409,17.311,17.211,17.112,17.018,16.931,16.855,16.79,16.738,16.702,16.675,16.649,16.62,16.589,16.556,16.526,16.502,16.481,16.454,16.419,16.379,16.335,16.286,16.232,16.174,16.11,16.035,15.951,15.868,15.801,15.754,15.72,15.696,15.681,15.668,15.654,15.64,15.615,15.579,15.535,15.485,15.429,15.371,15.314,15.26,15.211,15.167,15.127,15.087,15.044,14.993,14.935,14.87,14.796,14.707,14.597,14.46,14.303,14.141,13.986,13.853,13.75,13.68,13.633,13.605,13.586,13.568,13.55,13.531,13.509
17.877,17.818,17.748,17.67,17.588,17.501,17.409,17.311,17.211,17.112,17.018,16.931,16.855,16.79,16.738,16.697,16.663,16.63,16.597,16.563,16.531,16.502,16.477,16.452,16.421,16.383,16.341,16.294,16.244,16.19,16.133,16.072,16.005,15.932,15.862,15.801,15.754,15.72,15.696,15.681,15.668,15.656,15.64,15.615,15.578,15.529,15.471,15.405,15.335,15.266,15.201,15.142,15.091,15.048,15.01,14.976,14.94,14.9,14.852,14.79,14.707,14.596,14.459,14.303,14.14,13.986,13.852,13.75,13.68,13.633,13.602,13.579,13.559,13.54,13.52,13.497
17.886,17.829,17.762,17.687,17.604,17.516,17.424,17.327,17.226,17.125,17.028,16.939,16.86,16.793,16.738,16.692,16.651,16.612,16.575,16.539,16.508,16.481,16.455,16.427,16.392,16.352,16.307,16.259,16.208,16.156,16.101,16.045,15.985,15.922,15.861,15.808,15.766,15.736,15.716,15.704,15.694,15.682,15.663,15.633,15.588,15.528,15.456,15.374,15.288,15.201,15.12,15.049,14.989,14.942,14.908,14.884,14.867,14.851,14.83,14.796,14.738,14.65,14.527,14.376,14.209,14.041,13.892,13.775,13.693,13.639,13.602,13.575,13.553,13.533,13.512,13.489
17.902,17.844,17.781,17.708,17.627,17.538,17.446,17.35,17.249,17.146,17.045,16.951,16.868,16.797,16.737,16.686,16.639,16.596,16.555,16.519,16.489,16.464,16.437,16.405,16.367,16.325,16.28,16.232,16.183,16.133,16.083,16.031,15.979,15.925,15.874,15.829,15.794,15.771,15.756,15.747,15.739,15.726,15.703,15.663,15.604,15.527,15.433,15.329,15.218,15.109,15.008,14.921,14.851,14.801,14.771,14.759,14.761,14.773,14.787,14.791,14.776,14.727,14.636,14.503,14.334,14.148,13.97,13.824,13.719,13.65,13.605,13.574,13.551,13.53,13.508,13.483
17.92,17.862,17.799,17.729,17.65,17.564,17.473,17.378,17.278,17.171,17.065,16.965,16.876,16.799,16.733,16.677,16.626,16.579,16.537,16.502,16.476,16.451,16.422,16.387,16.348,16.305,16.261,16.216,16.17,16.125,16.08,16.036,15.991,15.947,15.906,15.87,15.844,15.827,15.817,15.811,15.803,15.787,15.755,15.701,15.622,15.518,15.395,15.258,15.117,14.98,14.858,14.758,14.683,14.633,14.607,14.606,14.627,14.667,14.717,14.765,14.799,14.804,14.764,14.667,14.511,14.311,14.096,13.904,13.761,13.669,13.612,13.576,13.551,13.528,13.506,13.48
17.941,17.884,17.821,17.749,17.671,17.589,17.502,17.41,17.311,17.201,17.087,16.979,16.881,16.797,16.726,16.664,16.61,16.561,16.52,16.489,16.466,16.441,16.41,16.374,16.335,16.295,16.255,16.215,16.176,16.137,16.1,16.063,16.028,15.994,15.963,15.938,15.919,15.906,15.898,15.892,15.883,15.863,15.82,15.744,15.634,15.493,15.329,15.152,14.976,14.814,14.683,14.585,14.517,14.474,14.455,14.464,14.503,14.571,14.657,14.748,14.828,14.883,14.898,14.855,14.736,14.539,14.287,14.032,13.828,13.697,13.622,13.58,13.551,13.528,13.504,13.478
17.978,17.916,17.849,17.774,17.692,17.606,17.521,17.44,17.348,17.234,17.109,16.988,16.88,16.787,16.71,16.646,16.59,16.542,16.503,16.478,16.458,16.432,16.401,16.367,16.332,16.297,16.264,16.232,16.201,16.172,16.145,16.118,16.093,16.069,16.047,16.029,16.013,16,15.99,15.982,15.97,15.947,15.893,15.79,15.634,15.44,15.225,15.005,14.8,14.636,14.526,14.459,14.413,14.38,14.366,14.387,14.456,14.567,14.701,14.835,14.95,15.033,15.076,15.07,14.996,14.831,14.565,14.24,13.941,13.74,13.635,13.583,13.552,13.526,13.501,13.474
18.028,17.958,17.886,17.808,17.721,17.623,17.525,17.448,17.383,17.272,17.127,16.988,16.866,16.765,16.685,16.62,16.566,16.519,16.484,16.466,16.448,16.422,16.392,16.362,16.333,16.305,16.28,16.258,16.239,16.221,16.205,16.189,16.174,16.158,16.143,16.127,16.109,16.091,16.074,16.06,16.048,16.029,15.977,15.851,15.634,15.361,15.084,14.828,14.624,14.507,14.466,14.44,14.402,14.36,14.342,14.387,14.511,14.696,14.907,15.107,15.266,15.365,15.399,15.374,15.302,15.166,14.927,14.563,14.143,13.817,13.654,13.587,13.551,13.523,13.496,13.468
18.079,18.004,17.931,17.852,17.763,17.653,17.53,17.429,17.384,17.32,17.147,16.977,16.837,16.727,16.645,16.584,16.534,16.491,16.462,16.45,16.432,16.406,16.378,16.35,16.325,16.303,16.287,16.276,16.268,16.259,16.249,16.239,16.231,16.227,16.222,16.214,16.199,16.175,16.148,16.123,16.106,16.096,16.071,15.967,15.698,15.3,14.933,14.658,14.514,14.506,14.528,14.492,14.422,14.353,14.333,14.416,14.604,14.863,15.153,15.433,15.662,15.805,15.852,15.806,15.692,15.541,15.32,14.976,14.486,13.984,13.688,13.591,13.55,13.517,13.486,13.456
18.114,18.044,17.978,17.904,17.818,17.706,17.559,17.409,17.34,17.337,17.186,16.966,16.801,16.681,16.598,16.542,16.498,16.461,16.437,16.424,16.401,16.371,16.34,16.314,16.296,16.288,16.288,16.287,16.274,16.247,16.217,16.198,16.198,16.213,16.236,16.257,16.268,16.261,16.234,16.195,16.156,16.135,16.135,16.107,15.886,15.362,14.856,14.589,14.528,14.594,14.606,14.521,14.419,14.333,14.325,14.433,14.64,14.922,15.249,15.581,15.866,16.055,16.137,16.135,16.054,15.912,15.716,15.407,14.914,14.29,13.791,13.6,13.55,13.508,13.469,13.437
18.13,18.071,18.019,17.956,17.88,17.778,17.625,17.427,17.287,17.3,17.218,16.969,16.775,16.643,16.559,16.505,16.464,16.428,16.404,16.386,16.361,16.336,16.317,16.311,16.319,16.329,16.313,16.248,16.145,16.047,15.99,15.975,15.99,16.023,16.068,16.121,16.178,16.232,16.269,16.272,16.232,16.177,16.148,16.158,16.061,15.546,14.891,14.58,14.568,14.661,14.641,14.532,14.42,14.331,14.325,14.414,14.59,14.854,15.191,15.555,15.874,16.075,16.16,16.182,16.177,16.112,15.98,15.755,15.331,14.673,13.998,13.636,13.551,13.499,13.452,13.416
18.127,18.083,18.046,17.998,17.939,17.858,17.721,17.501,17.267,17.228,17.228,16.985,16.763,16.618,16.53,16.476,16.432,16.396,16.375,16.36,16.346,16.337,16.338,16.352,16.36,16.314,16.146,15.898,15.731,15.678,15.661,15.646,15.64,15.648,15.671,15.717,15.795,15.911,16.059,16.205,16.28,16.248,16.181,16.16,16.145,15.738,14.992,14.594,14.597,14.7,14.665,14.552,14.439,14.354,14.333,14.378,14.51,14.749,15.089,15.48,15.832,16.059,16.154,16.154,16.152,16.167,16.114,15.967,15.658,15.051,14.277,13.725,13.558,13.504,13.448,13.406
18.106,18.08,18.056,18.023,17.982,17.928,17.827,17.623,17.312,17.151,17.204,17.008,16.765,16.604,16.511,16.454,16.408,16.376,16.365,16.362,16.369,16.383,16.396,16.341,16.126,15.84,15.646,15.532,15.474,15.435,15.396,15.366,15.342,15.318,15.298,15.296,15.33,15.425,15.61,15.88,16.154,16.282,16.236,16.175,16.176,15.886,15.116,14.623,14.614,14.729,14.691,14.581,14.481,14.408,14.367,14.367,14.445,14.637,14.953,15.354,15.75,16.042,16.175,16.153,16.096,16.128,16.171,16.094,15.878,15.375,14.585,13.879,13.58,13.517,13.471,13.425
18.088,18.063,18.046,18.024,18.001,17.974,17.917,17.767,17.439,17.108,17.141,17.032,16.783,16.603,16.499,16.44,16.393,16.373,16.379,16.398,16.42,16.414,16.312,16.046,15.702,15.458,15.38,15.374,15.382,15.402,15.435,15.463,15.464,15.43,15.362,15.278,15.198,15.156,15.217,15.444,15.821,16.179,16.274,16.202,16.19,15.995,15.232,14.661,14.625,14.751,14.718,14.62,14.553,14.502,14.446,14.401,14.409,14.522,14.774,15.152,15.582,15.953,16.163,16.175,16.09,16.08,16.162,16.168,16.017,15.625,14.889,14.097,13.644,13.523,13.493,13.456
18.052,18.027,18.014,18.002,17.994,17.991,17.974,17.894,17.63,17.151,17.052,17.041,16.814,16.617,16.495,16.431,16.388,16.385,16.412,16.444,16.433,16.301,16.01,15.647,15.388,15.33,15.412,15.53,15.65,15.758,15.845,15.905,15.929,15.9,15.806,15.654,15.469,15.272,15.118,15.128,15.414,15.891,16.245,16.229,16.201,16.079,15.339,14.705,14.634,14.77,14.748,14.672,14.655,14.632,14.578,14.499,14.434,14.448,14.595,14.9,15.324,15.766,16.087,16.192,16.132,16.083,16.141,16.197,16.102,15.806,15.172,14.373,13.788,13.55,13.492,13.46
17.991,17.973,17.964,17.961,17.966,17.981,17.994,17.977,17.829,17.319,16.985,17.02,16.847,16.645,16.503,16.428,16.391,16.407,16.444,16.447,16.331,16.046,15.668,15.395,15.374,15.571,15.828,16.033,16.149,16.207,16.238,16.253,16.249,16.22,16.147,16.004,15.804,15.575,15.302,15.06,15.086,15.498,16.044,16.252,16.212,16.147,15.455,14.757,14.641,14.786,14.778,14.737,14.756,14.76,14.737,14.661,14.549,14.465,14.481,14.655,15.005,15.469,15.905,16.153,16.178,16.12,16.134,16.189,16.148,15.928,15.424,14.69,14.036,13.66,13.513,13.456
17.918,17.907,17.903,17.909,17.926,17.952,17.983,18.006,17.97,17.597,17.021,16.968,16.87,16.677,16.523,16.432,16.4,16.431,16.446,16.364,16.133,15.768,15.458,15.428,15.702,16.06,16.278,16.327,16.303,16.271,16.243,16.221,16.205,16.189,16.157,16.068,15.906,15.747,15.556,15.22,14.947,15.116,15.691,16.203,16.218,16.198,15.59,14.826,14.646,14.797,14.809,14.803,14.828,14.857,14.87,14.831,14.727,14.59,14.487,14.498,14.693,15.083,15.574,15.985,16.168,16.16,16.132,16.16,16.155,16,15.629,15.018,14.376,13.904,13.643,13.521
17.853,17.841,17.841,17.854,17.877,17.909,17.95,17.994,18.025,17.88,17.217,16.925,16.876,16.71,16.553,16.446,16.413,16.444,16.396,16.216,15.916,15.581,15.47,15.731,16.134,16.324,16.287,16.194,16.125,16.07,16.035,16.025,16.034,16.05,16.063,16.037,15.905,15.763,15.692,15.459,15.015,14.86,15.291,15.956,16.232,16.224,15.732,14.916,14.653,14.803,14.839,14.857,14.876,14.921,14.956,14.952,14.897,14.783,14.629,14.504,14.5,14.701,15.112,15.616,16.004,16.153,16.14,16.123,16.119,16.024,15.769,15.312,14.758,14.272,13.936,13.744
17.803,17.78,17.78,17.794,17.819,17.855,17.902,17.958,18.018,18.052,17.528,16.982,16.866,16.741,16.588,16.469,16.427,16.44,16.307,16.051,15.746,15.533,15.661,16.067,16.322,16.28,16.137,16.05,16.006,15.964,15.916,15.886,15.898,15.928,15.965,16.003,15.94,15.773,15.723,15.632,15.207,14.774,14.942,15.604,16.191,16.205,15.861,15.023,14.665,14.802,14.866,14.894,14.904,14.956,14.998,15.01,14.999,14.952,14.841,14.677,14.522,14.482,14.661,15.076,15.591,15.978,16.116,16.099,16.064,16.004,15.835,15.533,15.116,14.693,14.352,14.12
17.731,17.715,17.715,17.728,17.753,17.79,17.841,17.906,17.979,18.087,17.837,17.187,16.875,16.763,16.625,16.498,16.441,16.428,16.215,15.913,15.654,15.597,15.896,16.259,16.309,16.155,16.056,16.062,16.074,16.041,15.937,15.817,15.778,15.803,15.847,15.925,15.946,15.795,15.714,15.688,15.395,14.816,14.705,15.223,15.932,16.197,16.002,15.16,14.689,14.792,14.887,14.918,14.918,14.975,15.015,15.023,15.026,15.027,14.999,14.908,14.74,14.551,14.454,14.582,14.978,15.503,15.905,16.052,16.029,15.959,15.85,15.664,15.388,15.069,14.774,14.551
17.655,17.643,17.641,17.653,17.677,17.716,17.771,17.843,17.928,18.041,18.047,17.488,16.965,16.781,16.658,16.53,16.455,16.42,16.146,15.819,15.628,15.71,16.077,16.317,16.24,16.095,16.103,16.172,16.214,16.192,16.052,15.826,15.687,15.675,15.717,15.814,15.903,15.804,15.7,15.675,15.474,14.891,14.582,14.899,15.581,16.195,16.159,15.35,14.743,14.774,14.898,14.933,14.924,14.988,15.029,15.027,15.021,15.025,15.037,15.037,14.976,14.823,14.611,14.442,14.476,14.809,15.325,15.76,15.955,15.953,15.865,15.743,15.583,15.382,15.182,15.037
17.576,17.561,17.558,17.568,17.594,17.637,17.697,17.775,17.869,17.974,18.122,17.784,17.165,16.823,16.684,16.562,16.472,16.422,16.115,15.768,15.639,15.815,16.184,16.32,16.199,16.111,16.175,16.225,16.261,16.268,16.151,15.878,15.647,15.575,15.596,15.694,15.833,15.803,15.693,15.65,15.445,14.908,14.528,14.685,15.242,15.944,16.203,15.58,14.857,14.757,14.895,14.945,14.929,15.001,15.052,15.054,15.041,15.023,15.015,15.038,15.059,15.024,14.907,14.704,14.465,14.356,14.56,15.026,15.511,15.807,15.874,15.804,15.695,15.581,15.466,15.359
17.482,17.467,17.464,17.477,17.509,17.56,17.628,17.711,17.807,17.912,18.091,17.997,17.432,16.927,16.712,16.592,16.495,16.438,16.125,15.751,15.657,15.885,16.237,16.32,16.192,16.14,16.184,16.197,16.238,16.274,16.191,15.923,15.652,15.529,15.515,15.585,15.746,15.797,15.696,15.624,15.363,14.827,14.468,14.555,14.987,15.571,16.091,15.763,15.017,14.763,14.877,14.954,14.935,15.008,15.076,15.101,15.101,15.068,15.021,15.012,15.049,15.048,15.014,14.952,14.826,14.544,14.275,14.281,14.635,15.159,15.581,15.763,15.76,15.676,15.572,15.469
17.389,17.366,17.365,17.384,17.428,17.495,17.579,17.669,17.761,17.859,18.016,18.103,17.699,17.106,16.764,16.618,16.522,16.464,16.172,15.765,15.665,15.913,16.251,16.33,16.211,16.168,16.182,16.207,16.255,16.285,16.209,15.96,15.692,15.547,15.496,15.514,15.659,15.781,15.704,15.591,15.234,14.674,14.372,14.463,14.852,15.375,16.016,15.88,15.172,14.798,14.852,14.956,14.945,15.003,15.082,15.137,15.143,15.119,15.06,15.014,15.051,15.052,14.99,14.928,14.964,14.934,14.693,14.313,14.088,14.249,14.718,15.2,15.511,15.659,15.7,15.685
17.315,17.264,17.263,17.293,17.356,17.452,17.566,17.675,17.759,17.831,17.945,18.115,17.917,17.347,16.871,16.652,16.551,16.497,16.248,15.814,15.665,15.898,16.234,16.341,16.247,16.194,16.193,16.246,16.29,16.298,16.222,16.006,15.768,15.625,15.545,15.498,15.593,15.755,15.711,15.539,15.056,14.493,14.248,14.368,14.733,15.185,15.765,15.947,15.326,14.86,14.828,14.947,14.96,14.995,15.06,15.126,15.142,15.135,15.087,15.034,15.057,15.065,15,14.89,14.867,14.921,14.971,14.854,14.465,14.043,13.957,14.226,14.621,14.98,15.238,15.372
17.241,17.157,17.156,17.2,17.291,17.426,17.588,17.738,17.826,17.853,17.906,18.07,18.056,17.607,17.052,16.718,16.583,16.532,16.341,15.902,15.671,15.85,16.187,16.339,16.286,16.218,16.214,16.278,16.307,16.297,16.231,16.061,15.865,15.737,15.639,15.529,15.559,15.727,15.708,15.46,14.851,14.321,14.126,14.292,14.649,15.015,15.415,15.923,15.505,14.972,14.817,14.923,14.973,14.999,15.038,15.088,15.119,15.118,15.088,15.062,15.071,15.055,14.978,14.887,14.848,14.836,14.844,14.916,14.937,14.622,14.123,13.839,13.886,14.14,14.446,14.68
17.163,17.038,17.037,17.095,17.215,17.394,17.615,17.828,17.947,17.933,17.915,18.014,18.111,17.84,17.296,16.845,16.632,16.564,16.438,16.027,15.704,15.787,16.11,16.311,16.315,16.249,16.249,16.304,16.309,16.289,16.244,16.12,15.963,15.847,15.739,15.584,15.552,15.707,15.689,15.354,14.654,14.177,14.046,14.269,14.632,14.976,15.263,15.698,15.608,15.118,14.847,14.889,14.968,15.007,15.036,15.06,15.08,15.09,15.081,15.081,15.081,15.034,14.932,14.844,14.816,14.815,14.809,14.78,14.822,14.929,14.707,14.228,13.867,13.767,13.898,14.091
17.06,16.897,16.896,16.964,17.103,17.317,17.594,17.879,18.058,18.037,17.965,17.99,18.108,18.006,17.559,17.042,16.721,16.601,16.523,16.177,15.782,15.735,16.01,16.251,16.32,16.281,16.289,16.326,16.309,16.289,16.268,16.181,16.048,15.934,15.822,15.64,15.558,15.695,15.657,15.234,14.497,14.081,14.033,14.291,14.625,14.936,15.189,15.454,15.583,15.232,14.921,14.865,14.937,15.001,15.041,15.065,15.081,15.088,15.089,15.082,15.054,14.976,14.868,14.802,14.781,14.773,14.773,14.78,14.743,14.782,14.9,14.684,14.233,13.862,13.717,13.713
16.909,16.731,16.729,16.796,16.936,17.162,17.476,17.829,18.091,18.122,18.025,18.008,18.088,18.095,17.789,17.282,16.866,16.663,16.592,16.334,15.911,15.724,15.904,16.163,16.286,16.295,16.322,16.344,16.315,16.302,16.303,16.241,16.119,15.998,15.882,15.692,15.567,15.684,15.619,15.127,14.396,14.047,14.084,14.332,14.59,14.842,15.054,15.215,15.403,15.25,14.999,14.875,14.898,14.966,15.023,15.061,15.081,15.083,15.068,15.039,14.982,14.884,14.793,14.757,14.763,14.786,14.8,14.799,14.79,14.742,14.81,14.878,14.572,14.132,13.864,13.68
16.706,16.541,16.54,16.594,16.714,16.924,17.243,17.647,18.014,18.166,18.1,18.065,18.093,18.133,17.956,17.523,17.06,16.768,16.653,16.475,16.082,15.776,15.818,16.055,16.218,16.279,16.333,16.361,16.338,16.335,16.35,16.304,16.186,16.049,15.927,15.744,15.579,15.669,15.588,15.063,14.356,14.07,14.161,14.365,14.529,14.727,14.938,15.064,15.162,15.159,15.024,14.91,14.883,14.918,14.968,15.006,15.022,15.011,14.987,14.951,14.879,14.783,14.729,14.744,14.808,14.883,14.939,14.951,14.918,14.858,14.774,14.887,14.831,14.339,13.955,13.866
16.45,16.346,16.345,16.379,16.466,16.636,16.922,17.334,17.793,18.109,18.17,18.13,18.125,18.151,18.06,17.729,17.279,16.921,16.731,16.59,16.265,15.896,15.788,15.945,16.128,16.231,16.318,16.373,16.376,16.384,16.407,16.375,16.259,16.103,15.966,15.797,15.6,15.65,15.576,15.061,14.381,14.123,14.225,14.377,14.45,14.591,14.804,14.934,14.973,15.019,14.99,14.932,14.894,14.888,14.901,14.91,14.91,14.908,14.9,14.857,14.77,14.698,14.714,14.822,14.961,15.082,15.148,15.147,15.087,15.003,14.889,14.868,14.937,14.575,14.009,13.934
16.176,16.166,16.166,16.18,16.233,16.351,16.572,16.932,17.414,17.872,18.118,18.149,18.139,18.154,18.114,17.883,17.492,17.106,16.845,16.681,16.427,16.059,15.829,15.864,16.022,16.157,16.269,16.361,16.406,16.435,16.465,16.445,16.336,16.164,16.003,15.851,15.635,15.63,15.586,15.12,14.466,14.178,14.258,14.374,14.379,14.451,14.643,14.813,14.884,14.919,14.93,14.923,14.907,14.894,14.887,14.885,14.887,14.883,14.844,14.754,14.659,14.669,14.814,15.009,15.169,15.269,15.31,15.294,15.227,15.123,15.014,14.917,14.973,14.699,14.126,13.993
15.999,16.023,16.018,16.019,16.047,16.121,16.269,16.532,16.943,17.45,17.873,18.066,18.09,18.102,18.111,17.973,17.666,17.295,16.988,16.773,16.548,16.221,15.928,15.84,15.926,16.059,16.188,16.304,16.393,16.456,16.502,16.495,16.399,16.223,16.039,15.896,15.685,15.615,15.607,15.222,14.601,14.227,14.258,14.358,14.322,14.324,14.462,14.636,14.763,14.824,14.862,14.879,14.886,14.887,14.887,14.882,14.866,14.816,14.703,14.591,14.605,14.783,15.019,15.186,15.27,15.312,15.331,15.329,15.296,15.216,15.118,14.997,15.014,14.829,14.276,14.16
15.905,15.915,15.907,15.901,15.916,15.963,16.057,16.226,16.512,16.946,17.453,17.838,17.996,18.011,18.042,17.987,17.775,17.458,17.139,16.877,16.637,16.347,16.047,15.873,15.867,15.958,16.083,16.211,16.324,16.42,16.491,16.503,16.427,16.264,16.068,15.928,15.74,15.609,15.625,15.339,14.767,14.281,14.229,14.317,14.265,14.207,14.277,14.401,14.53,14.637,14.715,14.775,14.814,14.826,14.817,14.788,14.721,14.604,14.5,14.53,14.734,14.994,15.147,15.173,15.155,15.137,15.149,15.203,15.259,15.261,15.198,15.097,15.07,14.951,14.533,14.335
15.839,15.837,15.826,15.817,15.825,15.857,15.925,16.039,16.219,16.51,16.95,17.45,17.803,17.913,17.913,17.922,17.807,17.569,17.278,16.996,16.725,16.44,16.152,15.94,15.858,15.884,15.974,16.094,16.22,16.335,16.427,16.46,16.406,16.266,16.078,15.941,15.789,15.619,15.631,15.44,14.931,14.353,14.189,14.247,14.204,14.097,14.111,14.199,14.294,14.373,14.433,14.494,14.553,14.589,14.594,14.556,14.45,14.386,14.462,14.677,14.922,15.063,15.047,14.939,14.804,14.723,14.75,14.877,15.053,15.195,15.239,15.197,15.137,15.035,14.741,14.511
15.8,15.788,15.772,15.76,15.759,15.778,15.829,15.922,16.061,16.244,16.521,16.958,17.45,17.759,17.817,17.802,17.762,17.617,17.393,17.129,16.842,16.538,16.245,16.016,15.886,15.853,15.892,15.98,16.1,16.231,16.339,16.385,16.344,16.228,16.06,15.936,15.822,15.643,15.631,15.506,15.048,14.424,14.168,14.16,14.149,14.018,13.959,14.022,14.156,14.285,14.345,14.373,14.401,14.446,14.486,14.446,14.364,14.407,14.578,14.795,14.94,14.926,14.768,14.518,14.277,14.173,14.21,14.364,14.611,14.889,15.094,15.164,15.132,15.051,14.85,14.657
15.788,15.768,15.749,15.731,15.719,15.72,15.747,15.819,15.95,16.116,16.285,16.535,16.966,17.443,17.704,17.722,17.681,17.606,17.461,17.253,16.989,16.68,16.366,16.108,15.941,15.861,15.85,15.897,15.992,16.119,16.24,16.301,16.276,16.177,16.025,15.915,15.837,15.67,15.63,15.537,15.085,14.448,14.187,14.099,14.1,14.03,13.903,13.86,13.974,14.191,14.319,14.37,14.419,14.464,14.488,14.394,14.338,14.467,14.631,14.778,14.81,14.669,14.365,13.997,13.76,13.707,13.746,13.864,14.062,14.347,14.669,14.918,15.007,14.963,14.851,14.772
15.794,15.779,15.759,15.736,15.713,15.695,15.691,15.725,15.83,16.009,16.189,16.323,16.544,16.964,17.416,17.647,17.65,17.587,17.491,17.343,17.128,16.848,16.535,16.246,16.033,15.907,15.852,15.858,15.919,16.023,16.137,16.206,16.202,16.133,15.995,15.889,15.837,15.692,15.633,15.545,15.059,14.436,14.226,14.122,14.061,14.056,13.998,13.873,13.869,14.097,14.266,14.318,14.387,14.45,14.475,14.386,14.348,14.466,14.588,14.694,14.628,14.325,13.886,13.557,13.454,13.45,13.484,13.56,13.666,13.818,14.041,14.33,14.595,14.731,14.705,14.531
15.829,15.813,15.793,15.767,15.737,15.705,15.676,15.669,15.719,15.873,16.096,16.262,16.356,16.553,16.95,17.367,17.583,17.603,17.535,17.419,17.246,17.009,16.722,16.426,16.172,15.993,15.891,15.856,15.88,15.954,16.047,16.112,16.122,16.08,15.973,15.869,15.831,15.705,15.635,15.534,15.023,14.461,14.285,14.168,14.087,14.056,14.028,13.944,13.922,14.115,14.272,14.297,14.343,14.416,14.459,14.391,14.328,14.442,14.554,14.584,14.39,13.966,13.542,13.345,13.284,13.24,13.263,13.333,13.431,13.529,13.633,13.759,13.899,14.003,13.993,13.861
15.877,15.858,15.835,15.807,15.774,15.735,15.693,15.658,15.654,15.744,15.961,16.197,16.326,16.391,16.568,16.926,17.295,17.504,17.555,17.497,17.365,17.164,16.907,16.622,16.348,16.12,15.962,15.879,15.866,15.908,15.977,16.034,16.05,16.022,15.943,15.854,15.826,15.708,15.635,15.524,15.043,14.569,14.372,14.166,14.055,14.039,14.018,13.951,13.998,14.189,14.301,14.301,14.342,14.408,14.452,14.403,14.313,14.397,14.482,14.446,14.153,13.679,13.333,13.163,13.029,12.943,12.951,13.022,13.146,13.278,13.415,13.547,13.657,13.746,13.799,13.771
15.928,15.906,15.879,15.847,15.809,15.765,15.719,15.673,15.636,15.656,15.819,16.081,16.289,16.379,16.429,16.588,16.888,17.196,17.403,17.487,17.45,17.313,17.097,16.833,16.554,16.295,16.085,15.947,15.887,15.897,15.942,15.985,15.997,15.973,15.912,15.845,15.822,15.704,15.628,15.515,15.108,14.75,14.479,14.136,13.955,13.95,13.989,14.002,14.105,14.268,14.324,14.292,14.34,14.402,14.441,14.416,14.306,14.346,14.429,14.329,13.978,13.484,13.173,12.963,12.765,12.68,12.683,12.737,12.84,12.948,13.077,13.237,13.383,13.461,13.449,13.352
15.987,15.959,15.926,15.886,15.84,15.789,15.739,15.695,15.648,15.614,15.702,15.944,16.202,16.364,16.425,16.472,16.608,16.842,17.098,17.304,17.41,17.388,17.255,17.039,16.778,16.51,16.267,16.081,15.972,15.939,15.949,15.963,15.961,15.937,15.888,15.846,15.814,15.686,15.617,15.51,15.176,14.948,14.492,14.074,13.903,13.906,13.986,14.089,14.22,14.336,14.346,14.291,14.332,14.391,14.425,14.433,14.315,14.283,14.398,14.259,13.876,13.363,13.047,12.803,12.603,12.556,12.567,12.599,12.665,12.717,12.752,12.807,12.888,12.94,12.922,12.833
16.049,16.013,15.973,15.925,15.869,15.807,15.751,15.712,15.674,15.608,15.617,15.808,16.085,16.31,16.429,16.475,16.53,16.65,16.837,17.056,17.247,17.342,17.314,17.177,16.962,16.711,16.461,16.245,16.093,16.011,15.976,15.957,15.942,15.914,15.878,15.854,15.794,15.653,15.6,15.493,15.234,15.034,14.34,13.952,13.894,13.976,14.094,14.222,14.33,14.383,14.355,14.292,14.316,14.366,14.393,14.432,14.357,14.246,14.346,14.248,13.838,13.31,12.966,12.714,12.55,12.534,12.557,12.561,12.587,12.636,12.658,12.636,12.624,12.629,12.623,12.6
16.113,16.065,16.015,15.957,15.892,15.821,15.755,15.719,15.703,15.636,15.57,15.684,15.949,16.224,16.41,16.498,16.548,16.621,16.742,16.908,17.094,17.237,17.28,17.209,17.046,16.827,16.587,16.363,16.184,16.067,16,15.962,15.937,15.908,15.888,15.862,15.751,15.612,15.588,15.484,15.344,14.774,14.091,13.874,13.937,14.086,14.23,14.337,14.392,14.387,14.343,14.29,14.294,14.326,14.341,14.397,14.408,14.274,14.272,14.279,13.85,13.32,12.936,12.685,12.553,12.574,12.635,12.616,12.565,12.569,12.628,12.651,12.622,12.609,12.62,12.65
16.177,16.112,16.048,15.98,15.906,15.827,15.754,15.716,15.725,15.687,15.571,15.587,15.801,16.098,16.355,16.508,16.586,16.655,16.751,16.878,17.024,17.153,17.209,17.165,17.031,16.836,16.616,16.4,16.219,16.093,16.017,15.976,15.947,15.921,15.91,15.834,15.67,15.562,15.557,15.477,15.12,14.163,13.868,13.925,14.069,14.195,14.284,14.332,14.344,14.324,14.304,14.285,14.274,14.285,14.281,14.332,14.413,14.343,14.229,14.297,13.914,13.379,12.952,12.695,12.599,12.757,12.799,12.758,12.668,12.551,12.547,12.637,12.678,12.687,12.699,12.728
16.238,16.147,16.067,15.99,15.911,15.827,15.747,15.705,15.732,15.743,15.62,15.535,15.658,15.935,16.239,16.471,16.605,16.694,16.787,16.894,17.006,17.097,17.131,17.079,16.949,16.77,16.569,16.375,16.214,16.104,16.04,16,15.973,15.96,15.903,15.722,15.56,15.581,15.621,15.25,14.066,13.808,13.915,14.082,14.186,14.227,14.238,14.239,14.243,14.246,14.256,14.276,14.267,14.252,14.224,14.245,14.337,14.395,14.26,14.254,14.008,13.471,13.005,12.728,12.701,12.886,12.834,12.824,12.824,12.719,12.538,12.531,12.597,12.67,12.703,12.691
16.264,16.157,16.068,15.986,15.905,15.82,15.736,15.687,15.721,15.784,15.701,15.546,15.551,15.754,16.057,16.349,16.557,16.689,16.793,16.892,16.979,17.036,17.036,16.964,16.833,16.668,16.493,16.332,16.207,16.126,16.076,16.047,16.017,15.933,15.758,15.615,15.645,15.59,15.096,14.15,13.901,13.974,14.081,14.157,14.16,14.152,14.157,14.175,14.199,14.221,14.236,14.264,14.268,14.233,14.179,14.159,14.241,14.378,14.332,14.204,14.104,13.587,13.081,12.769,12.771,12.861,12.77,12.818,12.84,12.893,12.783,12.568,12.508,12.485,12.502,12.525
16.236,16.135,16.048,15.969,15.891,15.808,15.723,15.665,15.692,15.79,15.783,15.617,15.509,15.596,15.839,16.139,16.406,16.594,16.722,16.823,16.897,16.933,16.916,16.84,16.721,16.58,16.439,16.319,16.231,16.17,16.121,16.056,15.937,15.759,15.605,15.522,15.324,14.818,14.17,14.092,14.302,14.084,14.062,14.077,14.066,14.085,14.129,14.179,14.221,14.246,14.25,14.257,14.269,14.233,14.16,14.104,14.15,14.299,14.378,14.216,14.193,13.717,13.173,12.815,12.791,12.804,12.777,12.831,12.874,12.896,12.9,12.888,12.784,12.591,12.51,12.48
16.172,16.089,16.012,15.941,15.87,15.793,15.711,15.643,15.648,15.755,15.83,15.72,15.547,15.505,15.64,15.885,16.163,16.396,16.561,16.674,16.748,16.785,16.78,16.729,16.641,16.533,16.426,16.333,16.251,16.167,16.061,15.92,15.753,15.589,15.422,15.154,14.727,14.328,14.426,14.823,14.586,14.045,13.987,13.987,13.999,14.044,14.104,14.167,14.222,14.259,14.274,14.27,14.271,14.254,14.192,14.129,14.127,14.228,14.374,14.256,14.253,13.854,13.279,12.869,12.792,12.758,12.778,12.885,12.999,13.029,12.996,12.949,12.915,12.867,12.781,12.698
16.092,16.028,15.965,15.904,15.842,15.774,15.698,15.625,15.601,15.685,15.815,15.809,15.646,15.507,15.517,15.662,15.888,16.13,16.329,16.468,16.561,16.617,16.637,16.614,16.554,16.471,16.376,16.274,16.158,16.022,15.867,15.703,15.535,15.348,15.106,14.811,14.608,14.738,15.083,15.207,14.621,13.983,13.934,13.898,13.902,13.932,13.992,14.076,14.168,14.249,14.306,14.331,14.332,14.324,14.297,14.252,14.208,14.229,14.354,14.28,14.252,13.977,13.403,12.938,12.792,12.73,12.757,12.91,13.084,13.156,13.158,13.127,13.037,12.914,12.817,12.762
16.008,15.961,15.911,15.862,15.81,15.752,15.686,15.613,15.563,15.6,15.737,15.839,15.754,15.585,15.497,15.53,15.661,15.854,16.057,16.222,16.337,16.406,16.435,16.427,16.381,16.303,16.199,16.071,15.922,15.761,15.599,15.44,15.278,15.114,14.978,14.943,15.071,15.2,15.259,15.168,14.429,13.866,13.845,13.752,13.727,13.75,13.834,13.957,14.098,14.232,14.343,14.422,14.464,14.475,14.46,14.417,14.346,14.301,14.365,14.293,14.205,14.07,13.532,13.027,12.804,12.723,12.727,12.9,13.103,13.191,13.191,13.211,13.208,13.1,12.94,12.821
15.928,15.895,15.857,15.817,15.774,15.726,15.669,15.604,15.542,15.527,15.619,15.776,15.818,15.687,15.552,15.503,15.537,15.639,15.788,15.939,16.053,16.122,16.151,16.144,16.099,16.02,15.911,15.78,15.64,15.504,15.382,15.277,15.199,15.168,15.194,15.231,15.192,15.113,15.079,14.938,14.201,13.763,13.703,13.57,13.545,13.588,13.689,13.833,13.996,14.152,14.286,14.398,14.485,14.537,14.541,14.495,14.441,14.417,14.421,14.274,14.137,14.115,13.646,13.115,12.835,12.721,12.739,12.901,13.103,13.178,13.123,13.126,13.203,13.169,13.002,12.774
15.857,15.833,15.804,15.771,15.735,15.693,15.645,15.589,15.53,15.485,15.503,15.626,15.77,15.752,15.627,15.542,15.517,15.538,15.602,15.694,15.778,15.83,15.847,15.833,15.79,15.721,15.632,15.534,15.441,15.364,15.31,15.284,15.283,15.285,15.246,15.144,15.036,14.992,15.005,14.814,14.053,13.668,13.546,13.421,13.426,13.469,13.553,13.676,13.812,13.937,14.04,14.129,14.22,14.314,14.397,14.444,14.445,14.412,14.328,14.139,14.054,14.104,13.713,13.184,12.874,12.707,12.736,12.919,13.095,13.151,13.059,13.028,13.115,13.071,12.792,12.37
15.797,15.778,15.755,15.727,15.694,15.656,15.61,15.558,15.508,15.464,15.433,15.454,15.572,15.687,15.658,15.588,15.548,15.537,15.541,15.565,15.597,15.616,15.617,15.597,15.562,15.515,15.462,15.412,15.376,15.365,15.378,15.398,15.4,15.354,15.229,15.051,14.957,14.974,15.032,14.757,13.93,13.572,13.428,13.346,13.375,13.398,13.439,13.507,13.588,13.661,13.716,13.759,13.814,13.891,13.982,14.059,14.1,14.093,14.041,13.979,14.005,14.041,13.71,13.217,12.884,12.72,12.8,12.965,13.071,13.097,12.984,12.929,12.975,12.751,12.395,12.049
15.747,15.729,15.709,15.684,15.652,15.614,15.568,15.515,15.464,15.428,15.406,15.354,15.314,15.409,15.538,15.591,15.564,15.56,15.558,15.543,15.533,15.519,15.502,15.482,15.46,15.438,15.422,15.423,15.448,15.483,15.514,15.528,15.491,15.359,15.119,14.899,14.829,14.907,15.027,14.694,13.833,13.501,13.364,13.335,13.392,13.402,13.395,13.398,13.419,13.45,13.477,13.501,13.53,13.579,13.647,13.72,13.784,13.836,13.874,13.913,13.958,13.919,13.626,13.175,12.872,12.792,12.91,13.003,13.026,13.029,12.892,12.786,12.731,12.502,12.162,11.914
15.703,15.685,15.666,15.641,15.61,15.57,15.522,15.467,15.409,15.36,15.358,15.352,15.186,15.064,15.201,15.483,15.534,15.537,15.572,15.564,15.546,15.524,15.499,15.481,15.47,15.473,15.497,15.537,15.574,15.604,15.616,15.6,15.528,15.298,14.988,14.755,14.665,14.783,14.988,14.623,13.763,13.465,13.341,13.358,13.462,13.484,13.442,13.385,13.34,13.317,13.316,13.336,13.377,13.439,13.523,13.615,13.694,13.75,13.793,13.824,13.82,13.721,13.459,13.093,12.884,12.932,13.02,12.994,12.953,12.963,12.767,12.619,12.474,12.187,11.934,11.821
15.662,15.644,15.625,15.599,15.566,15.525,15.475,15.419,15.355,15.286,15.268,15.337,15.251,14.939,14.881,15.26,15.433,15.439,15.526,15.562,15.56,15.559,15.549,15.537,15.541,15.569,15.608,15.635,15.645,15.635,15.615,15.615,15.542,15.217,14.86,14.591,14.398,14.555,14.903,14.562,13.715,13.452,13.339,13.377,13.526,13.586,13.551,13.474,13.391,13.313,13.25,13.217,13.225,13.27,13.342,13.439,13.539,13.611,13.642,13.638,13.588,13.465,13.253,13.023,12.98,13.075,13.03,12.899,12.859,12.88,12.614,12.416,12.297,12.129,11.985,11.938
15.624,15.605,15.585,15.559,15.524,15.48,15.427,15.369,15.304,15.226,15.184,15.249,15.29,14.986,14.783,15.075,15.249,15.255,15.401,15.516,15.54,15.549,15.566,15.598,15.629,15.663,15.675,15.664,15.631,15.586,15.562,15.596,15.457,15.031,14.636,14.355,14.05,14.226,14.735,14.442,13.666,13.455,13.34,13.369,13.519,13.618,13.615,13.568,13.524,13.468,13.384,13.276,13.184,13.154,13.171,13.214,13.286,13.359,13.407,13.404,13.353,13.256,13.132,13.056,13.113,13.11,12.934,12.73,12.725,12.75,12.514,12.477,12.36,12.291,12.234,12.057
15.589,15.569,15.548,15.519,15.481,15.435,15.378,15.315,15.248,15.171,15.123,15.15,15.168,14.905,14.726,14.919,14.974,14.992,15.202,15.392,15.479,15.53,15.516,15.504,15.611,15.664,15.66,15.635,15.593,15.555,15.567,15.536,15.155,14.639,14.261,14.009,13.744,13.839,14.453,14.572,13.729,13.417,13.303,13.304,13.466,13.574,13.547,13.498,13.509,13.547,13.574,13.543,13.42,13.275,13.204,13.168,13.167,13.185,13.203,13.217,13.197,13.156,13.118,13.116,13.153,13.112,12.814,12.549,12.478,12.493,12.493,12.511,0,0,0,0
15.557,15.535,15.512,15.48,15.439,15.388,15.325,15.253,15.174,15.087,15.038,15.048,14.984,14.717,14.578,14.632,14.594,14.653,14.884,15.137,15.321,15.43,15.474,15.442,15.442,15.56,15.621,15.605,15.573,15.566,15.581,15.358,14.694,14.114,13.782,13.63,13.547,13.543,14.095,14.556,13.781,13.348,13.227,13.213,13.4,13.495,13.418,13.342,13.362,13.427,13.506,13.607,13.709,13.645,13.473,13.344,13.227,13.232,13.212,13.188,13.164,13.144,13.138,13.146,13.192,13.095,12.742,12.544,0,0,0,0,0,0,0,0
15.526,15.502,15.477,15.443,15.397,15.339,15.265,15.175,15.069,14.946,14.879,14.897,14.82,14.583,14.425,14.36,14.276,14.293,14.413,14.643,14.932,15.189,15.36,15.438,15.429,15.407,15.452,15.509,15.529,15.576,15.574,15.169,14.299,13.658,13.542,13.547,13.549,13.478,13.951,14.396,13.714,13.247,13.128,13.122,13.338,13.477,13.47,13.466,13.535,13.596,13.584,13.5,13.562,13.788,13.898,13.742,13.36,13.186,13.177,13.168,13.179,13.177,13.135,13.212,13.192,13.042,0,0,0,0,0,0,0,0,0,0
15.497,15.47,15.443,15.405,15.352,15.284,15.194,15.076,14.923,14.735,14.622,14.64,14.622,14.489,14.378,14.315,14.216,14.132,14.077,14.136,14.368,14.737,15.087,15.262,15.388,15.433,15.421,15.417,15.446,15.546,15.579,15.067,13.838,13.582,13.722,13.77,13.799,13.876,14.089,14.085,13.516,13.122,13.01,12.994,13.19,13.425,13.609,13.757,13.898,13.97,13.958,13.818,13.544,13.532,13.87,14.045,13.795,13.106,13.251,13.18,13.185,13.245,13.354,13.281,13.159,0,0,0,0,0,0,0,0,0,0,0
15.469,15.438,15.409,15.365,15.304,15.222,15.11,14.955,14.742,14.474,14.289,14.28,14.311,14.288,14.267,14.264,14.245,14.198,14.108,14.002,13.987,14.209,14.663,14.954,15.135,15.32,15.445,15.48,15.452,15.531,15.557,14.576,13.54,13.795,13.847,13.908,13.963,13.969,13.913,13.691,13.301,13.034,12.943,12.882,12.975,13.26,13.579,13.857,14.038,14.099,14.06,13.958,13.731,13.603,13.932,14.084,14.023,13.382,13.29,13.313,13.277,13.344,13.414,13.206,0,0,0,0,0,0,0,0,0,0,0,0
15.441,15.405,15.372,15.322,15.25,15.152,15.016,14.824,14.558,14.233,14.01,14.007,14.078,14.141,14.191,14.217,14.219,14.2,14.164,14.123,14.038,14.011,14.316,14.731,14.956,15.115,15.288,15.424,15.441,15.543,15.546,14.133,13.62,13.766,13.762,13.805,13.828,13.827,13.755,13.582,13.348,13.152,13.034,12.89,12.915,13.146,13.539,13.894,14.047,14.102,14.084,13.929,13.684,13.619,13.872,14.073,14.082,13.779,13.578,13.522,13.475,13.474,13.396,13.139,0,0,0,0,0,0,0,0,0,0,0,0
