17.799,17.782,17.717,17.639,17.549,17.454,17.352,17.248,17.14,17.032,16.94,16.854,16.782,16.719,16.687,16.668,16.648,16.625,16.598,16.567,16.534,16.508,16.488,16.464,16.431,16.392,16.35,16.305,16.251,16.19,16.119,16.035,15.94,15.85,15.785,15.75,15.727,15.709,15.694,15.686,15.678,15.658,15.617,15.575,15.529,15.48,15.429,15.375,15.321,15.268,15.217,15.17,15.127,15.084,15.039,14.989,14.935,14.879,14.826,14.768,14.698,14.616,14.516,14.375,14.21,14.038,13.884,13.762,13.675,13.609,13.578,13.561,13.544,13.524,13.503,13.479
17.816,17.756,17.679,17.596,17.506,17.411,17.312,17.211,17.111,17.016,16.928,16.849,16.78,16.725,16.685,16.656,16.63,16.603,16.574,16.543,16.512,16.484,16.459,16.43,16.394,16.354,16.31,16.262,16.208,16.148,16.08,16.006,15.927,15.852,15.792,15.748,15.716,15.693,15.677,15.663,15.649,15.629,15.601,15.562,15.515,15.461,15.401,15.338,15.273,15.209,15.149,15.094,15.045,15.001,14.96,14.921,14.881,14.839,14.791,14.73,14.651,14.549,14.425,14.279,14.123,13.972,13.84,13.737,13.662,13.611,13.578,13.555,13.534,13.513,13.49,13.465
17.817,17.753,17.679,17.595,17.506,17.411,17.312,17.211,17.111,17.016,16.928,16.848,16.78,16.725,16.681,16.646,16.613,16.581,16.55,16.518,16.487,16.459,16.431,16.399,16.361,16.318,16.272,16.222,16.167,16.109,16.046,15.979,15.911,15.846,15.791,15.748,15.716,15.694,15.677,15.664,15.649,15.629,15.6,15.56,15.508,15.445,15.374,15.298,15.219,15.142,15.07,15.007,14.953,14.909,14.874,14.846,14.822,14.797,14.764,14.716,14.646,14.549,14.425,14.279,14.123,13.972,13.84,13.737,13.662,13.611,13.575,13.549,13.526,13.504,13.48,13.453
17.83,17.766,17.694,17.612,17.521,17.425,17.326,17.224,17.122,17.024,16.933,16.852,16.782,16.724,16.676,16.635,16.597,16.561,16.526,16.493,16.463,16.435,16.405,16.37,16.33,16.286,16.239,16.188,16.134,16.078,16.02,15.96,15.9,15.844,15.796,15.758,15.73,15.71,15.697,15.685,15.671,15.649,15.617,15.57,15.508,15.431,15.343,15.248,15.151,15.057,14.971,14.897,14.839,14.796,14.768,14.753,14.748,14.747,14.74,14.72,14.675,14.598,14.487,14.345,14.185,14.022,13.876,13.759,13.674,13.615,13.575,13.546,13.521,13.497,13.472,13.444
17.846,17.783,17.714,17.637,17.547,17.45,17.349,17.246,17.141,17.039,16.944,16.859,16.786,16.724,16.671,16.624,16.582,16.541,16.504,16.471,16.442,16.413,16.381,16.344,16.303,16.258,16.211,16.161,16.11,16.058,16.005,15.952,15.901,15.854,15.813,15.782,15.76,15.745,15.735,15.725,15.712,15.688,15.649,15.591,15.512,15.414,15.303,15.183,15.062,14.947,14.846,14.763,14.701,14.66,14.641,14.642,14.66,14.688,14.715,14.73,14.722,14.679,14.595,14.467,14.304,14.123,13.95,13.805,13.699,13.626,13.578,13.545,13.518,13.493,13.467,13.437
17.862,17.803,17.737,17.662,17.578,17.483,17.38,17.276,17.169,17.062,16.961,16.87,16.791,16.723,16.665,16.614,16.566,16.523,16.484,16.453,16.425,16.395,16.361,16.322,16.28,16.237,16.191,16.145,16.098,16.051,16.005,15.961,15.919,15.88,15.849,15.825,15.809,15.799,15.793,15.785,15.771,15.743,15.694,15.619,15.516,15.39,15.246,15.095,14.947,14.812,14.7,14.613,14.552,14.517,14.51,14.532,14.578,14.639,14.704,14.759,14.791,14.788,14.741,14.64,14.483,14.285,14.073,13.884,13.741,13.645,13.585,13.546,13.518,13.491,13.464,13.433
17.884,17.828,17.764,17.69,17.607,17.518,17.419,17.314,17.205,17.092,16.982,16.882,16.795,16.721,16.657,16.601,16.55,16.505,16.467,16.438,16.411,16.38,16.344,16.305,16.265,16.224,16.183,16.142,16.102,16.064,16.027,15.992,15.959,15.931,15.908,15.891,15.88,15.874,15.869,15.863,15.848,15.815,15.753,15.654,15.517,15.351,15.168,14.981,14.807,14.662,14.552,14.475,14.425,14.401,14.411,14.462,14.548,14.655,14.763,14.858,14.923,14.951,14.933,14.861,14.725,14.521,14.268,14.014,13.809,13.674,13.595,13.549,13.518,13.491,13.463,13.431
17.921,17.863,17.797,17.722,17.637,17.546,17.454,17.358,17.248,17.126,17.003,16.892,16.795,16.714,16.645,16.585,16.532,16.487,16.452,16.427,16.401,16.369,16.333,16.297,16.26,16.224,16.19,16.159,16.129,16.101,16.075,16.051,16.028,16.009,15.994,15.982,15.972,15.965,15.957,15.949,15.934,15.9,15.828,15.698,15.512,15.292,15.062,14.842,14.657,14.527,14.447,14.394,14.354,14.339,14.372,14.466,14.607,14.774,14.942,15.087,15.191,15.239,15.226,15.154,15.029,14.834,14.557,14.227,13.926,13.72,13.609,13.553,13.519,13.491,13.462,13.429
17.971,17.905,17.837,17.761,17.673,17.574,17.474,17.388,17.298,17.164,17.021,16.894,16.786,16.698,16.626,16.565,16.512,16.468,16.438,16.419,16.392,16.36,16.327,16.295,16.264,16.237,16.213,16.193,16.176,16.159,16.145,16.131,16.119,16.108,16.099,16.089,16.076,16.061,16.045,16.03,16.016,15.991,15.924,15.769,15.513,15.214,14.932,14.692,14.531,14.46,14.429,14.385,14.334,14.317,14.374,14.509,14.698,14.919,15.15,15.365,15.537,15.637,15.651,15.574,15.418,15.214,14.94,14.563,14.135,13.8,13.628,13.557,13.519,13.489,13.46,13.426
18.019,17.948,17.88,17.806,17.718,17.611,17.492,17.39,17.326,17.219,17.033,16.882,16.761,16.669,16.597,16.539,16.487,16.446,16.424,16.41,16.383,16.351,16.32,16.292,16.267,16.249,16.236,16.227,16.219,16.209,16.199,16.192,16.189,16.19,16.192,16.19,16.18,16.161,16.134,16.103,16.079,16.066,16.037,15.912,15.586,15.148,14.797,14.57,14.487,14.497,14.48,14.4,14.323,14.305,14.374,14.513,14.704,14.94,15.208,15.482,15.725,15.9,15.993,15.997,15.887,15.668,15.382,15,14.493,13.978,13.665,13.563,13.52,13.485,13.453,13.42
18.052,17.981,17.92,17.854,17.773,17.666,17.527,17.387,17.31,17.261,17.062,16.859,16.723,16.626,16.559,16.505,16.459,16.422,16.405,16.389,16.355,16.319,16.288,16.265,16.253,16.251,16.25,16.236,16.205,16.17,16.146,16.138,16.144,16.157,16.172,16.188,16.203,16.215,16.215,16.191,16.146,16.11,16.104,16.079,15.826,15.225,14.737,14.53,14.521,14.575,14.522,14.406,14.322,14.303,14.357,14.46,14.622,14.85,15.133,15.439,15.719,15.931,16.06,16.12,16.129,16.032,15.814,15.475,14.958,14.311,13.786,13.574,13.521,13.478,13.44,13.407
18.057,17.997,17.949,17.897,17.831,17.736,17.593,17.41,17.275,17.254,17.098,16.846,16.688,16.585,16.52,16.471,16.428,16.393,16.374,16.352,16.317,16.289,16.275,16.276,16.284,16.27,16.203,16.091,15.991,15.934,15.91,15.895,15.882,15.871,15.869,15.886,15.932,16.011,16.114,16.203,16.224,16.171,16.121,16.124,16.039,15.472,14.789,14.532,14.561,14.624,14.546,14.424,14.345,14.322,14.346,14.41,14.543,14.757,15.044,15.373,15.687,15.938,16.08,16.117,16.129,16.128,16.035,15.821,15.403,14.732,14.029,13.628,13.523,13.471,13.424,13.389
18.03,17.994,17.964,17.927,17.881,17.811,17.686,17.481,17.262,17.209,17.131,16.853,16.666,16.555,16.489,16.441,16.396,16.361,16.343,16.322,16.299,16.295,16.315,16.339,16.289,16.085,15.848,15.727,15.661,15.591,15.526,15.47,15.421,15.385,15.367,15.377,15.43,15.547,15.736,15.976,16.182,16.235,16.171,16.129,16.124,15.73,14.938,14.551,14.584,14.657,14.575,14.459,14.391,14.369,14.368,14.395,14.484,14.658,14.927,15.268,15.632,15.951,16.126,16.14,16.099,16.118,16.108,16.001,15.724,15.135,14.347,13.748,13.535,13.472,13.415,13.375
18.002,17.979,17.961,17.94,17.914,17.873,17.785,17.597,17.304,17.149,17.148,16.881,16.661,16.537,16.466,16.415,16.369,16.337,16.327,16.322,16.329,16.346,16.318,16.175,15.952,15.71,15.517,15.424,15.363,15.313,15.282,15.261,15.239,15.209,15.173,15.139,15.122,15.16,15.302,15.577,15.934,16.205,16.22,16.153,16.151,15.908,15.118,14.59,14.591,14.683,14.607,14.504,14.463,14.452,14.43,14.415,14.44,14.549,14.772,15.107,15.513,15.893,16.118,16.146,16.069,16.059,16.111,16.078,15.916,15.457,14.674,13.926,13.569,13.482,13.43,13.387
17.969,17.95,17.94,17.931,17.924,17.91,17.867,17.734,17.426,17.111,17.129,16.928,16.675,16.531,16.453,16.399,16.352,16.329,16.336,16.355,16.377,16.337,16.133,15.82,15.574,15.429,15.354,15.356,15.409,15.49,15.568,15.611,15.611,15.565,15.478,15.357,15.217,15.088,15.043,15.181,15.545,15.995,16.236,16.179,16.163,16.012,15.271,14.643,14.593,14.702,14.639,14.56,14.562,14.57,14.539,14.486,14.447,14.474,14.621,14.916,15.331,15.766,16.067,16.148,16.079,16.033,16.094,16.114,16.019,15.684,14.967,14.136,13.635,13.496,13.457,13.42
17.922,17.907,17.903,17.904,17.911,17.92,17.915,17.853,17.614,17.147,17.063,16.977,16.712,16.539,16.448,16.39,16.345,16.338,16.367,16.398,16.371,16.179,15.823,15.491,15.349,15.357,15.444,15.596,15.775,15.93,16.033,16.086,16.092,16.046,15.938,15.769,15.561,15.326,15.081,14.951,15.133,15.627,16.124,16.198,16.175,16.076,15.386,14.699,14.596,14.717,14.672,14.627,14.678,14.706,14.685,14.612,14.522,14.466,14.512,14.717,15.09,15.554,15.949,16.13,16.111,16.058,16.095,16.143,16.076,15.828,15.207,14.365,13.748,13.518,13.469,13.44
17.871,17.856,17.855,17.864,17.88,17.903,17.926,17.924,17.807,17.31,16.995,17,16.769,16.564,16.45,16.388,16.347,16.357,16.402,16.409,16.264,15.925,15.534,15.327,15.386,15.596,15.844,16.061,16.188,16.226,16.221,16.199,16.174,16.145,16.088,15.971,15.8,15.619,15.359,15.006,14.861,15.19,15.815,16.232,16.181,16.127,15.484,14.756,14.6,14.729,14.705,14.696,14.773,14.823,14.825,14.762,14.655,14.54,14.479,14.551,14.813,15.246,15.721,16.045,16.131,16.096,16.106,16.154,16.107,15.91,15.395,14.608,13.932,13.589,13.479,13.44
17.826,17.802,17.802,17.814,17.837,17.867,17.905,17.941,17.93,17.586,17.025,16.978,16.825,16.607,16.463,16.391,16.354,16.38,16.42,16.356,16.082,15.671,15.374,15.401,15.705,16.037,16.221,16.24,16.178,16.102,16.045,16.014,16.003,16.006,16.003,15.949,15.824,15.715,15.605,15.273,14.841,14.842,15.412,16.067,16.175,16.18,15.6,14.827,14.607,14.737,14.738,14.752,14.834,14.9,14.923,14.889,14.808,14.685,14.553,14.485,14.579,14.888,15.363,15.823,16.078,16.114,16.1,16.132,16.113,15.95,15.544,14.87,14.205,13.77,13.561,13.472
17.77,17.745,17.745,17.759,17.783,17.817,17.861,17.915,17.966,17.867,17.217,16.94,16.856,16.659,16.491,16.398,16.364,16.399,16.402,16.247,15.885,15.497,15.395,15.685,16.08,16.238,16.183,16.063,15.966,15.905,15.864,15.846,15.851,15.873,15.909,15.927,15.848,15.721,15.681,15.515,15.021,14.664,14.986,15.714,16.233,16.213,15.731,14.925,14.619,14.741,14.769,14.798,14.874,14.944,14.972,14.967,14.932,14.853,14.723,14.573,14.491,14.59,14.925,15.416,15.852,16.061,16.081,16.075,16.073,15.955,15.661,15.137,14.554,14.091,13.796,13.637
17.709,17.684,17.684,17.696,17.72,17.755,17.802,17.865,17.941,18.027,17.523,16.985,16.86,16.706,16.53,16.414,16.376,16.406,16.346,16.112,15.721,15.438,15.568,16.001,16.245,16.176,16.029,15.96,15.939,15.894,15.813,15.741,15.719,15.736,15.786,15.867,15.876,15.736,15.673,15.61,15.233,14.659,14.68,15.324,16.069,16.15,15.849,15.048,14.641,14.739,14.795,14.832,14.896,14.963,14.986,14.99,14.99,14.971,14.907,14.778,14.607,14.494,14.567,14.891,15.376,15.802,16.001,16.013,15.983,15.919,15.726,15.369,14.921,14.504,14.189,13.988
17.626,17.616,17.616,17.627,17.649,17.684,17.734,17.801,17.886,18.028,17.829,17.189,16.874,16.739,16.577,16.441,16.389,16.401,16.269,15.983,15.617,15.48,15.794,16.194,16.23,16.071,16.008,16.058,16.085,16.032,15.885,15.708,15.609,15.596,15.636,15.741,15.836,15.753,15.653,15.609,15.331,14.724,14.494,14.897,15.629,16.134,15.968,15.171,14.673,14.733,14.814,14.855,14.907,14.97,14.982,14.981,14.988,15,15.004,14.962,14.84,14.653,14.492,14.498,14.764,15.23,15.676,15.904,15.914,15.84,15.73,15.525,15.227,14.911,14.638,14.434
17.556,17.544,17.542,17.551,17.572,17.608,17.66,17.731,17.821,17.947,18.027,17.503,16.974,16.767,16.624,16.479,16.405,16.392,16.194,15.881,15.572,15.576,15.981,16.26,16.165,16.037,16.088,16.182,16.212,16.178,16.023,15.767,15.573,15.507,15.52,15.61,15.753,15.754,15.651,15.584,15.308,14.739,14.406,14.625,15.274,16.09,16.117,15.311,14.717,14.72,14.826,14.871,14.909,14.974,14.984,14.978,14.977,14.98,14.998,15.014,14.987,14.891,14.718,14.514,14.412,14.567,14.991,15.48,15.784,15.829,15.735,15.614,15.449,15.247,15.05,14.89
17.474,17.461,17.459,17.468,17.493,17.533,17.59,17.662,17.755,17.86,18.07,17.807,17.201,16.828,16.664,16.524,16.427,16.391,16.143,15.815,15.57,15.677,16.098,16.264,16.125,16.06,16.152,16.196,16.22,16.229,16.118,15.853,15.602,15.488,15.463,15.509,15.658,15.743,15.659,15.563,15.218,14.649,14.329,14.473,14.965,15.674,16.19,15.553,14.82,14.703,14.825,14.881,14.906,14.981,15.006,15.01,15.003,14.983,14.979,14.993,14.993,14.963,14.914,14.807,14.597,14.37,14.361,14.691,15.207,15.615,15.753,15.702,15.599,15.487,15.372,15.276
17.385,17.371,17.37,17.383,17.415,17.467,17.534,17.611,17.698,17.792,17.997,18.005,17.494,16.966,16.71,16.567,16.455,16.403,16.129,15.783,15.584,15.75,16.157,16.259,16.117,16.084,16.152,16.151,16.202,16.236,16.162,15.928,15.676,15.54,15.482,15.464,15.571,15.718,15.67,15.531,15.084,14.498,14.22,14.357,14.753,15.278,15.964,15.795,15.024,14.713,14.806,14.886,14.899,14.984,15.034,15.058,15.052,15.021,14.995,14.997,14.992,14.944,14.892,14.89,14.892,14.733,14.421,14.214,14.368,14.836,15.318,15.588,15.655,15.613,15.534,15.449
17.303,17.278,17.277,17.298,17.344,17.416,17.506,17.598,17.677,17.753,17.898,18.072,17.762,17.178,16.788,16.608,16.487,16.428,16.158,15.783,15.601,15.786,16.175,16.265,16.135,16.105,16.142,16.166,16.223,16.25,16.189,15.998,15.775,15.642,15.564,15.483,15.518,15.682,15.673,15.477,14.915,14.338,14.107,14.273,14.644,15.104,15.802,15.941,15.258,14.78,14.78,14.88,14.894,14.97,15.046,15.087,15.083,15.058,15.022,15.015,15.021,14.978,14.882,14.805,14.83,14.903,14.858,14.552,14.165,14.069,14.365,14.825,15.223,15.474,15.577,15.59
17.232,17.18,17.18,17.211,17.278,17.381,17.509,17.636,17.722,17.762,17.833,18.044,17.95,17.423,16.914,16.654,16.519,16.461,16.221,15.818,15.616,15.785,16.157,16.279,16.176,16.135,16.142,16.188,16.243,16.255,16.206,16.063,15.883,15.762,15.674,15.544,15.504,15.65,15.666,15.396,14.727,14.197,14.034,14.247,14.593,14.96,15.49,15.965,15.457,14.891,14.767,14.862,14.891,14.945,15.024,15.08,15.081,15.066,15.039,15.029,15.031,15.001,14.915,14.812,14.755,14.759,14.834,14.904,14.713,14.245,13.907,13.948,14.284,14.698,15.012,15.196
17.17,17.071,17.071,17.115,17.206,17.347,17.527,17.71,17.83,17.837,17.827,17.979,18.049,17.661,17.096,16.726,16.554,16.495,16.306,15.895,15.637,15.756,16.104,16.283,16.231,16.175,16.158,16.206,16.252,16.253,16.218,16.121,15.982,15.87,15.775,15.617,15.515,15.63,15.646,15.292,14.557,14.092,14.033,14.288,14.606,14.9,15.206,15.851,15.619,15.043,14.783,14.836,14.887,14.925,14.981,15.034,15.054,15.046,15.037,15.037,15.034,14.995,14.9,14.799,14.754,14.74,14.723,14.745,14.864,14.836,14.415,13.938,13.772,13.946,14.24,14.508
17.079,16.943,16.943,16.997,17.11,17.286,17.519,17.771,17.95,17.953,17.879,17.93,18.072,17.861,17.324,16.848,16.6,16.524,16.395,16.012,15.683,15.713,16.02,16.255,16.276,16.222,16.189,16.228,16.259,16.25,16.232,16.176,16.066,15.954,15.852,15.681,15.534,15.621,15.616,15.18,14.425,14.039,14.099,14.354,14.614,14.882,15.14,15.569,15.683,15.207,14.842,14.813,14.875,14.918,14.956,14.991,15.008,15.02,15.031,15.034,15.019,14.965,14.861,14.762,14.719,14.726,14.746,14.739,14.696,14.795,14.865,14.491,13.982,13.721,13.776,13.977
16.947,16.791,16.79,16.848,16.97,17.168,17.443,17.761,18.014,18.055,17.955,17.924,18.049,17.999,17.572,17.037,16.685,16.554,16.475,16.158,15.773,15.681,15.914,16.181,16.284,16.26,16.229,16.255,16.269,16.254,16.254,16.228,16.138,16.019,15.906,15.733,15.554,15.615,15.582,15.077,14.336,14.049,14.188,14.397,14.574,14.809,15.07,15.349,15.66,15.342,14.939,14.811,14.852,14.908,14.949,14.977,14.997,15.018,15.029,15.015,14.98,14.903,14.79,14.714,14.708,14.747,14.783,14.795,14.774,14.698,14.779,14.806,14.429,13.962,13.685,13.658
16.763,16.614,16.613,16.665,16.78,16.978,17.272,17.643,17.983,18.114,18.022,17.959,18.022,18.069,17.795,17.281,16.832,16.606,16.538,16.313,15.915,15.692,15.808,16.065,16.241,16.272,16.259,16.28,16.283,16.269,16.284,16.283,16.207,16.078,15.949,15.781,15.576,15.607,15.55,15.007,14.3,14.099,14.259,14.401,14.509,14.721,14.956,15.17,15.491,15.387,15.048,14.849,14.834,14.884,14.932,14.967,14.993,15.009,14.996,14.963,14.911,14.814,14.711,14.682,14.74,14.836,14.911,14.926,14.887,14.804,14.726,14.807,14.716,14.296,13.881,13.666
16.536,16.424,16.423,16.462,16.555,16.73,17.013,17.408,17.833,18.102,18.1,18.035,18.03,18.092,17.957,17.533,17.04,16.709,16.595,16.45,16.097,15.772,15.738,15.933,16.146,16.241,16.264,16.293,16.302,16.298,16.324,16.342,16.282,16.144,15.994,15.83,15.608,15.596,15.533,14.992,14.32,14.154,14.294,14.374,14.433,14.631,14.858,15.014,15.184,15.301,15.103,14.91,14.84,14.856,14.896,14.932,14.957,14.952,14.923,14.89,14.822,14.711,14.652,14.716,14.862,15.007,15.098,15.117,15.058,14.967,14.817,14.784,14.837,14.529,14.004,13.852
16.301,16.239,16.239,16.261,16.326,16.462,16.701,17.072,17.542,17.953,18.123,18.102,18.076,18.107,18.056,17.747,17.276,16.87,16.67,16.56,16.289,15.923,15.738,15.819,16.021,16.166,16.235,16.287,16.318,16.333,16.367,16.397,16.357,16.221,16.047,15.883,15.654,15.587,15.538,15.041,14.388,14.19,14.295,14.33,14.348,14.524,14.744,14.882,14.984,15.115,15.061,14.945,14.867,14.845,14.858,14.879,14.883,14.869,14.858,14.82,14.713,14.619,14.671,14.855,15.053,15.191,15.259,15.26,15.201,15.093,14.95,14.83,14.873,14.727,14.124,13.891
16.06,16.077,16.077,16.085,16.126,16.219,16.395,16.693,17.131,17.625,17.976,18.087,18.097,18.12,18.109,17.904,17.502,17.074,16.789,16.656,16.464,16.121,15.828,15.764,15.896,16.059,16.168,16.248,16.31,16.352,16.397,16.437,16.419,16.298,16.107,15.935,15.713,15.586,15.556,15.139,14.493,14.21,14.273,14.277,14.255,14.396,14.605,14.765,14.859,14.928,14.962,14.935,14.894,14.867,14.859,14.855,14.849,14.849,14.824,14.715,14.58,14.606,14.817,15.047,15.182,15.238,15.269,15.282,15.258,15.168,15.048,14.902,14.907,14.79,14.205,13.954
15.927,15.95,15.947,15.947,15.971,16.032,16.15,16.358,16.699,17.176,17.658,17.947,18.035,18.078,18.116,18.002,17.691,17.292,16.958,16.767,16.611,16.332,15.995,15.797,15.814,15.944,16.072,16.175,16.26,16.328,16.391,16.444,16.448,16.355,16.165,15.979,15.775,15.597,15.575,15.258,14.63,14.227,14.236,14.22,14.152,14.237,14.412,14.578,14.705,14.795,14.858,14.878,14.877,14.868,14.858,14.851,14.843,14.801,14.673,14.518,14.528,14.754,15.009,15.108,15.083,15.06,15.094,15.17,15.231,15.208,15.12,14.976,14.947,14.843,14.274,14.119
15.84,15.853,15.848,15.844,15.858,15.902,15.985,16.126,16.357,16.727,17.222,17.676,17.912,17.978,18.058,18.03,17.823,17.49,17.152,16.908,16.741,16.52,16.201,15.919,15.808,15.857,15.966,16.074,16.169,16.254,16.335,16.408,16.436,16.373,16.2,16.008,15.827,15.622,15.586,15.368,14.789,14.262,14.191,14.171,14.06,14.067,14.188,14.33,14.46,14.565,14.656,14.735,14.785,14.801,14.795,14.766,14.688,14.55,14.424,14.448,14.68,14.948,15.023,14.893,14.741,14.677,14.739,14.902,15.088,15.196,15.172,15.053,14.997,14.914,14.464,14.247
15.784,15.787,15.777,15.769,15.776,15.806,15.872,15.985,16.151,16.393,16.774,17.274,17.692,17.862,17.912,17.973,17.872,17.629,17.329,17.062,16.859,16.663,16.391,16.088,15.882,15.829,15.88,15.966,16.056,16.146,16.239,16.331,16.384,16.35,16.204,16.017,15.859,15.654,15.592,15.447,14.934,14.32,14.152,14.14,14.02,13.943,13.997,14.116,14.242,14.328,14.383,14.446,14.511,14.549,14.558,14.531,14.43,14.342,14.388,14.602,14.862,14.942,14.762,14.479,14.243,14.174,14.256,14.463,14.751,15.024,15.163,15.136,15.064,14.985,14.666,14.425
15.757,15.748,15.735,15.722,15.717,15.729,15.776,15.876,16.028,16.208,16.437,16.819,17.321,17.688,17.789,17.828,17.824,17.683,17.45,17.198,16.97,16.761,16.523,16.245,15.998,15.863,15.84,15.881,15.947,16.027,16.125,16.235,16.31,16.3,16.179,16.006,15.871,15.686,15.598,15.496,15.023,14.37,14.139,14.11,14.05,13.927,13.882,13.949,14.108,14.26,14.318,14.342,14.374,14.408,14.445,14.425,14.346,14.363,14.52,14.738,14.848,14.709,14.354,13.969,13.763,13.734,13.799,13.964,14.239,14.602,14.937,15.095,15.074,15.011,14.801,14.578
15.751,15.736,15.72,15.702,15.686,15.678,15.696,15.768,15.915,16.105,16.269,16.466,16.851,17.346,17.653,17.697,17.706,17.651,17.505,17.303,17.08,16.849,16.607,16.349,16.106,15.929,15.845,15.835,15.866,15.925,16.015,16.133,16.23,16.244,16.145,15.984,15.867,15.711,15.606,15.521,15.04,14.368,14.161,14.082,14.073,14.026,13.924,13.851,13.943,14.164,14.281,14.317,14.373,14.428,14.464,14.389,14.315,14.411,14.582,14.727,14.678,14.353,13.882,13.561,13.47,13.452,13.474,13.565,13.74,14.028,14.427,14.802,14.967,14.936,14.819,14.716
15.758,15.748,15.732,15.711,15.687,15.662,15.649,15.678,15.793,15.997,16.198,16.318,16.485,16.867,17.342,17.607,17.619,17.587,17.506,17.37,17.185,16.956,16.696,16.43,16.188,15.997,15.879,15.827,15.823,15.854,15.927,16.041,16.145,16.181,16.112,15.965,15.858,15.726,15.614,15.533,15.018,14.353,14.195,14.109,14.053,14.047,14.035,13.932,13.892,14.091,14.247,14.272,14.318,14.39,14.441,14.382,14.323,14.428,14.571,14.63,14.4,13.942,13.534,13.356,13.275,13.199,13.191,13.257,13.389,13.578,13.838,14.183,14.541,14.738,14.714,14.546
15.789,15.78,15.763,15.74,15.711,15.676,15.641,15.627,15.686,15.866,16.114,16.286,16.36,16.509,16.874,17.31,17.553,17.568,17.512,17.414,17.27,17.07,16.816,16.538,16.279,16.073,15.931,15.849,15.815,15.82,15.873,15.97,16.067,16.111,16.069,15.944,15.848,15.733,15.622,15.537,14.991,14.392,14.252,14.122,14.04,14.019,14.011,13.959,13.959,14.121,14.264,14.276,14.301,14.359,14.423,14.387,14.309,14.421,14.541,14.483,14.133,13.651,13.332,13.175,13.014,12.897,12.882,12.952,13.103,13.309,13.522,13.707,13.874,13.998,14.001,13.89
15.84,15.824,15.803,15.776,15.744,15.703,15.657,15.616,15.618,15.739,15.99,16.236,16.357,16.402,16.541,16.872,17.254,17.483,17.526,17.468,17.351,17.178,16.948,16.678,16.407,16.177,16.009,15.899,15.836,15.816,15.845,15.919,16.002,16.044,16.019,15.916,15.835,15.734,15.627,15.535,15.018,14.512,14.357,14.118,13.966,13.946,13.971,13.964,14.023,14.182,14.292,14.281,14.299,14.357,14.415,14.395,14.301,14.379,14.464,14.339,13.919,13.457,13.173,12.97,12.761,12.656,12.645,12.691,12.806,13.007,13.262,13.491,13.65,13.735,13.731,13.649
15.891,15.87,15.845,15.813,15.774,15.731,15.683,15.631,15.592,15.64,15.851,16.137,16.338,16.414,16.445,16.573,16.853,17.173,17.396,17.471,17.423,17.288,17.085,16.832,16.561,16.312,16.112,15.968,15.874,15.826,15.83,15.885,15.954,15.991,15.97,15.883,15.821,15.728,15.625,15.528,15.082,14.706,14.497,14.131,13.916,13.878,13.937,14.012,14.118,14.252,14.325,14.289,14.287,14.348,14.402,14.404,14.299,14.335,14.404,14.227,13.771,13.325,13.044,12.806,12.612,12.556,12.563,12.579,12.61,12.697,12.863,13.062,13.213,13.278,13.251,13.137
15.945,15.916,15.885,15.846,15.8,15.751,15.706,15.66,15.602,15.58,15.72,16.008,16.277,16.425,16.469,16.497,16.609,16.831,17.095,17.313,17.404,17.362,17.214,16.99,16.73,16.468,16.238,16.055,15.926,15.85,15.835,15.874,15.929,15.952,15.925,15.854,15.809,15.713,15.616,15.509,15.148,14.927,14.54,14.083,13.891,13.894,13.979,14.096,14.218,14.318,14.352,14.299,14.277,14.33,14.382,14.413,14.308,14.281,14.37,14.161,13.684,13.239,12.952,12.699,12.54,12.534,12.558,12.566,12.562,12.567,12.589,12.655,12.726,12.752,12.724,12.647
15.997,15.96,15.921,15.874,15.819,15.763,15.719,15.689,15.639,15.565,15.612,15.861,16.175,16.403,16.507,16.538,16.577,16.681,16.857,17.075,17.266,17.341,17.285,17.122,16.89,16.632,16.382,16.167,16.003,15.904,15.872,15.893,15.921,15.923,15.886,15.834,15.797,15.679,15.594,15.486,15.186,15.083,14.457,13.993,13.876,13.951,14.079,14.202,14.301,14.355,14.353,14.298,14.265,14.3,14.345,14.405,14.339,14.242,14.343,14.15,13.657,13.19,12.895,12.635,12.516,12.537,12.592,12.582,12.559,12.58,12.578,12.557,12.558,12.558,12.551,12.551
16.047,16,15.951,15.895,15.832,15.768,15.721,15.706,15.685,15.595,15.547,15.713,16.033,16.333,16.517,16.595,16.637,16.699,16.805,16.956,17.127,17.254,17.273,17.179,16.996,16.762,16.514,16.284,16.098,15.981,15.929,15.918,15.917,15.898,15.859,15.829,15.771,15.637,15.569,15.451,15.33,14.887,14.16,13.904,13.932,14.048,14.162,14.248,14.305,14.326,14.314,14.284,14.255,14.266,14.295,14.363,14.376,14.251,14.298,14.187,13.692,13.18,12.872,12.61,12.521,12.603,12.698,12.669,12.562,12.558,12.62,12.635,12.627,12.635,12.645,12.656
16.098,16.034,15.973,15.908,15.838,15.767,15.714,15.706,15.722,15.656,15.536,15.589,15.86,16.201,16.468,16.62,16.697,16.765,16.849,16.956,17.076,17.176,17.21,17.15,17.008,16.808,16.579,16.356,16.166,16.04,15.967,15.931,15.909,15.875,15.855,15.83,15.709,15.551,15.515,15.477,15.228,14.19,13.868,13.923,14.055,14.145,14.19,14.212,14.228,14.241,14.245,14.254,14.249,14.241,14.242,14.292,14.387,14.304,14.243,14.241,13.787,13.224,12.881,12.618,12.551,12.752,12.805,12.789,12.676,12.538,12.555,12.643,12.68,12.699,12.715,12.711
16.145,16.059,15.984,15.911,15.836,15.761,15.7,15.689,15.734,15.721,15.579,15.515,15.686,16.012,16.337,16.571,16.708,16.803,16.891,16.978,17.057,17.111,17.113,17.049,16.923,16.749,16.548,16.346,16.17,16.049,15.975,15.929,15.9,15.886,15.867,15.739,15.578,15.569,15.609,15.228,14.183,13.879,13.949,14.066,14.12,14.129,14.13,14.141,14.159,14.181,14.197,14.223,14.244,14.23,14.198,14.213,14.321,14.351,14.231,14.275,13.919,13.33,12.925,12.651,12.624,12.84,12.785,12.816,12.822,12.723,12.511,12.537,12.601,12.636,12.637,12.609
16.159,16.06,15.979,15.903,15.828,15.752,15.684,15.66,15.714,15.763,15.657,15.51,15.549,15.798,16.132,16.426,16.631,16.766,16.868,16.947,16.998,17.011,16.977,16.894,16.769,16.613,16.438,16.267,16.124,16.027,15.972,15.943,15.93,15.895,15.792,15.661,15.639,15.579,15.129,14.342,14.12,14.093,14.049,14.043,14.031,14.032,14.059,14.103,14.15,14.186,14.203,14.215,14.238,14.23,14.174,14.14,14.211,14.353,14.275,14.271,14.041,13.48,13.006,12.698,12.682,12.836,12.748,12.837,12.862,12.879,12.815,12.615,12.481,12.45,12.467,12.49
16.122,16.034,15.957,15.885,15.814,15.74,15.668,15.627,15.668,15.761,15.735,15.568,15.486,15.613,15.891,16.202,16.46,16.638,16.758,16.84,16.878,16.87,16.813,16.714,16.589,16.452,16.311,16.186,16.092,16.034,16.002,15.973,15.916,15.818,15.712,15.623,15.427,14.955,14.38,14.36,14.565,14.123,13.954,13.919,13.919,13.948,14.008,14.083,14.154,14.206,14.23,14.228,14.237,14.232,14.17,14.095,14.114,14.284,14.321,14.247,14.124,13.64,13.117,12.756,12.714,12.816,12.776,12.899,12.979,12.962,12.922,12.874,12.846,12.746,12.6,12.522
16.058,15.987,15.921,15.857,15.793,15.725,15.654,15.597,15.608,15.711,15.776,15.658,15.505,15.504,15.676,15.946,16.223,16.439,16.585,16.677,16.72,16.712,16.657,16.567,16.459,16.351,16.25,16.168,16.108,16.061,16.007,15.925,15.803,15.657,15.488,15.224,14.806,14.433,14.608,15.039,14.708,14.045,13.871,13.809,13.804,13.842,13.92,14.021,14.123,14.204,14.252,14.256,14.244,14.234,14.185,14.103,14.078,14.187,14.331,14.242,14.186,13.783,13.238,12.822,12.734,12.78,12.776,12.935,13.08,13.115,13.094,13.053,13.015,12.956,12.894,12.835
15.981,15.929,15.876,15.823,15.767,15.707,15.641,15.575,15.551,15.626,15.751,15.736,15.579,15.484,15.538,15.717,15.961,16.198,16.376,16.495,16.567,16.588,16.558,16.489,16.403,16.317,16.237,16.165,16.095,16.015,15.909,15.761,15.566,15.326,15.039,14.727,14.539,14.749,15.163,15.211,14.533,13.873,13.759,13.66,13.652,13.703,13.813,13.952,14.093,14.212,14.296,14.329,14.31,14.279,14.24,14.183,14.132,14.153,14.309,14.252,14.241,13.902,13.352,12.891,12.752,12.743,12.745,12.894,13.067,13.15,13.16,13.149,13.159,13.127,13.018,12.904
15.904,15.867,15.827,15.783,15.736,15.685,15.626,15.562,15.51,15.532,15.658,15.75,15.664,15.529,15.492,15.564,15.725,15.932,16.124,16.268,16.364,16.415,16.418,16.38,16.317,16.239,16.154,16.059,15.951,15.823,15.663,15.464,15.23,14.989,14.802,14.775,14.982,15.162,15.151,15.007,14.194,13.698,13.603,13.497,13.516,13.602,13.741,13.903,14.062,14.202,14.319,14.406,14.442,14.421,14.383,14.336,14.266,14.206,14.289,14.263,14.268,13.994,13.453,12.96,12.777,12.723,12.701,12.824,12.988,13.099,13.112,13.061,13.079,13.162,13.161,13.046
15.832,15.807,15.777,15.741,15.702,15.657,15.606,15.548,15.488,15.459,15.525,15.659,15.695,15.593,15.512,15.505,15.567,15.69,15.841,15.977,16.079,16.147,16.176,16.163,16.113,16.034,15.933,15.815,15.681,15.531,15.367,15.197,15.051,14.978,15.012,15.107,15.109,15.02,14.984,14.773,13.955,13.575,13.446,13.389,13.444,13.535,13.66,13.8,13.932,14.053,14.177,14.309,14.43,14.499,14.494,14.445,14.371,14.301,14.333,14.288,14.252,14.057,13.539,13.027,12.802,12.728,12.693,12.764,12.902,13.025,13.07,13.001,12.979,13.081,13.126,13.044
15.769,15.751,15.728,15.699,15.664,15.624,15.578,15.526,15.47,15.42,15.408,15.481,15.592,15.602,15.549,15.514,15.512,15.548,15.621,15.71,15.787,15.843,15.874,15.869,15.826,15.75,15.65,15.537,15.417,15.3,15.199,15.131,15.113,15.136,15.141,15.063,14.955,14.934,14.973,14.668,13.795,13.456,13.353,13.355,13.404,13.453,13.528,13.611,13.685,13.757,13.847,13.974,14.135,14.3,14.42,14.46,14.445,14.408,14.388,14.272,14.186,14.097,13.609,13.088,12.836,12.727,12.665,12.735,12.865,12.972,13.019,12.943,12.918,12.988,12.933,12.629
15.716,15.7,15.681,15.657,15.625,15.587,15.542,15.491,15.438,15.394,15.353,15.312,15.342,15.449,15.522,15.542,15.518,15.513,15.513,15.537,15.57,15.597,15.61,15.602,15.566,15.507,15.431,15.353,15.286,15.241,15.224,15.235,15.252,15.229,15.121,14.945,14.854,14.89,14.989,14.575,13.659,13.381,13.329,13.364,13.383,13.377,13.39,13.414,13.444,13.481,13.536,13.621,13.739,13.882,14.035,14.171,14.25,14.275,14.25,14.145,14.095,14.112,13.659,13.15,12.879,12.741,12.671,12.785,12.895,12.952,12.972,12.862,12.821,12.713,12.45,12.135
15.669,15.655,15.638,15.615,15.585,15.547,15.502,15.449,15.39,15.341,15.328,15.267,15.115,15.124,15.331,15.526,15.52,15.524,15.507,15.478,15.464,15.458,15.453,15.441,15.416,15.381,15.345,15.323,15.318,15.334,15.367,15.39,15.37,15.265,15.047,14.813,14.702,14.784,14.964,14.493,13.586,13.352,13.344,13.41,13.411,13.355,13.311,13.289,13.288,13.31,13.358,13.43,13.52,13.617,13.714,13.808,13.901,13.976,14.009,14.01,14.049,14.082,13.672,13.187,12.925,12.739,12.754,12.89,12.918,12.927,12.916,12.746,12.636,12.437,12.155,11.849
15.628,15.613,15.596,15.574,15.544,15.506,15.459,15.404,15.339,15.27,15.258,15.306,15.112,14.883,15.024,15.417,15.47,15.497,15.536,15.504,15.472,15.44,15.42,15.405,15.392,15.388,15.395,15.414,15.447,15.486,15.517,15.517,15.464,15.286,14.988,14.704,14.517,14.616,14.918,14.437,13.553,13.344,13.372,13.477,13.49,13.413,13.328,13.265,13.226,13.211,13.232,13.294,13.391,13.504,13.614,13.704,13.772,13.834,13.899,13.962,14.019,13.98,13.618,13.177,12.908,12.785,12.921,12.951,12.846,12.866,12.815,12.567,12.406,12.159,11.928,11.801
15.591,15.574,15.557,15.534,15.503,15.463,15.414,15.358,15.292,15.21,15.168,15.251,15.245,14.889,14.846,15.233,15.342,15.368,15.508,15.527,15.52,15.502,15.468,15.452,15.457,15.474,15.501,15.529,15.557,15.57,15.568,15.565,15.539,15.281,14.895,14.569,14.273,14.372,14.839,14.423,13.546,13.342,13.378,13.516,13.576,13.521,13.437,13.368,13.306,13.241,13.186,13.168,13.205,13.292,13.412,13.537,13.64,13.716,13.786,13.851,13.873,13.77,13.461,13.088,12.863,12.971,13.062,12.847,12.702,12.791,12.585,12.391,12.276,12.111,11.983,11.916
15.557,15.538,15.519,15.494,15.461,15.418,15.367,15.307,15.24,15.157,15.102,15.153,15.213,14.893,14.796,15.056,15.108,15.154,15.38,15.491,15.511,15.518,15.54,15.553,15.556,15.573,15.588,15.595,15.584,15.553,15.517,15.547,15.488,15.117,14.655,14.366,14.032,14.09,14.694,14.298,13.518,13.352,13.354,13.483,13.587,13.577,13.521,13.49,13.47,13.432,13.356,13.26,13.184,13.159,13.192,13.281,13.389,13.481,13.547,13.587,13.579,13.467,13.232,12.995,12.988,13.121,13.05,12.66,12.557,12.68,12.448,12.357,12.267,12.218,12.168,12.032
15.524,15.503,15.482,15.455,15.418,15.372,15.314,15.247,15.171,15.077,15.024,15.059,15.03,14.743,14.688,14.808,14.775,14.897,15.163,15.351,15.445,15.504,15.499,15.513,15.605,15.632,15.622,15.605,15.567,15.522,15.515,15.531,15.251,14.677,14.218,14.008,13.816,13.787,14.442,14.325,13.522,13.351,13.318,13.411,13.533,13.522,13.455,13.452,13.5,13.555,13.571,13.531,13.442,13.322,13.208,13.162,13.186,13.24,13.285,13.304,13.283,13.206,13.085,13.015,13.113,13.156,12.995,12.56,12.411,12.459,12.401,12.309,0,0,0,0
15.493,15.47,15.446,15.415,15.374,15.321,15.254,15.172,15.072,14.945,14.89,14.937,14.841,14.573,14.489,14.475,14.426,14.549,14.766,15.007,15.222,15.377,15.45,15.446,15.47,15.554,15.609,15.601,15.558,15.52,15.546,15.446,14.88,14.139,13.754,13.616,13.58,13.558,14.122,14.41,13.557,13.32,13.266,13.345,13.466,13.408,13.33,13.382,13.522,13.623,13.646,13.626,13.647,13.63,13.512,13.309,13.175,13.185,13.162,13.151,13.129,13.098,13.075,13.095,13.161,13.127,12.966,12.584,0,0,0,0,0,0,0,0
15.463,15.436,15.409,15.374,15.327,15.265,15.183,15.077,14.935,14.753,14.678,14.75,14.697,14.482,14.349,14.27,14.186,14.182,14.249,14.433,14.714,15.032,15.292,15.395,15.409,15.426,15.462,15.494,15.5,15.506,15.559,15.375,14.572,13.774,13.577,13.546,13.526,13.407,13.945,14.407,13.552,13.25,13.202,13.3,13.443,13.425,13.432,13.604,13.817,13.93,13.929,13.775,13.591,13.583,13.843,13.64,13.248,13.125,13.144,13.133,13.128,13.117,13.078,13.188,13.195,13.07,0,0,0,0,0,0,0,0,0,0
15.432,15.402,15.371,15.331,15.276,15.202,15.102,14.963,14.767,14.514,14.393,14.457,14.481,14.394,14.325,14.293,14.219,14.131,14.028,14.008,14.145,14.466,14.897,15.154,15.315,15.383,15.4,15.402,15.403,15.432,15.552,15.346,14.069,13.656,13.767,13.759,13.659,13.662,14.118,14.234,13.451,13.15,13.106,13.202,13.398,13.512,13.65,13.856,14.025,14.084,14.094,14.05,13.848,13.564,13.679,13.916,13.841,13.096,13.183,13.134,13.163,13.227,13.324,13.306,13.184,0,0,0,0,0,0,0,0,0,0,0
15.401,15.366,15.33,15.284,15.22,15.133,15.012,14.84,14.594,14.278,14.093,14.128,14.186,14.201,14.218,14.233,14.238,14.227,14.189,14.095,13.957,13.993,14.345,14.748,14.995,15.208,15.348,15.409,15.407,15.423,15.547,14.935,13.616,13.865,13.885,13.925,13.91,13.94,14.023,13.819,13.244,13.018,12.967,13.003,13.192,13.423,13.638,13.85,13.964,13.991,14.032,14.001,13.828,13.636,13.747,13.949,14.039,13.378,13.203,13.25,13.252,13.284,13.368,13.24,0,0,0,0,0,0,0,0,0,0,0,0
15.368,15.327,15.286,15.233,15.159,15.057,14.917,14.721,14.45,14.121,13.932,14.006,14.128,14.234,14.31,14.353,14.36,14.328,14.263,14.206,14.147,14.026,14.052,14.425,14.77,14.982,15.183,15.347,15.403,15.443,15.566,14.474,13.651,13.827,13.843,13.898,13.905,13.877,13.761,13.5,13.133,12.962,12.91,12.857,12.942,13.156,13.443,13.727,13.844,13.871,13.956,13.991,13.765,13.582,13.758,14.04,14.101,13.773,13.542,13.46,13.321,13.204,13.305,13.205,0,0,0,0,0,0,0,0,0,0,0,0
