19.585,19.613,19.595,19.479,19.415,19.396,19.389,19.393,19.407,19.424,19.429,19.426,19.428,19.442,19.469,19.501,19.538,19.582,19.636,19.701,19.766,19.809,19.824,19.816,19.808,19.801,19.779,19.738,19.684,19.647,19.613,19.566,19.524,19.489,19.446,19.404,19.363,19.327,19.305,19.265,19.228,19.19,19.155,19.114,19.075,19.028,18.988,18.953,18.922,18.893,18.868,18.845,18.826,18.811,18.797,18.785,18.778,18.765,18.726,18.687,18.649,18.617,18.6,18.598,18.6,18.604,18.61,18.617,18.626,18.534,18.544,18.547,18.544,18.516,18.449,18.365
19.557,19.532,19.492,19.448,19.414,19.39,19.379,19.381,19.393,19.406,19.412,19.411,19.415,19.43,19.457,19.489,19.524,19.564,19.611,19.666,19.721,19.764,19.789,19.797,19.793,19.782,19.759,19.723,19.677,19.633,19.59,19.545,19.499,19.455,19.412,19.371,19.335,19.301,19.268,19.235,19.201,19.166,19.129,19.089,19.049,19.008,18.969,18.932,18.897,18.866,18.838,18.812,18.788,18.766,18.745,18.726,18.706,18.685,18.66,18.636,18.615,18.599,18.591,18.587,18.587,18.586,18.582,18.575,18.56,18.535,18.517,18.494,18.459,18.403,18.322,18.217
19.573,19.533,19.493,19.451,19.413,19.383,19.368,19.366,19.377,19.391,19.399,19.399,19.4,19.417,19.445,19.478,19.511,19.544,19.58,19.625,19.679,19.73,19.767,19.786,19.787,19.775,19.752,19.718,19.677,19.635,19.591,19.546,19.5,19.455,19.412,19.372,19.335,19.301,19.268,19.235,19.201,19.166,19.129,19.09,19.049,19.009,18.97,18.933,18.899,18.867,18.839,18.814,18.79,18.768,18.748,18.728,18.708,18.688,18.668,18.649,18.633,18.621,18.614,18.611,18.612,18.613,18.613,18.608,18.593,18.57,18.541,18.508,18.469,18.415,18.335,18.224
19.581,19.544,19.507,19.462,19.416,19.377,19.354,19.347,19.355,19.372,19.386,19.387,19.387,19.403,19.432,19.466,19.5,19.531,19.559,19.592,19.64,19.698,19.75,19.781,19.79,19.781,19.758,19.725,19.687,19.646,19.603,19.56,19.515,19.471,19.429,19.39,19.353,19.32,19.287,19.254,19.221,19.187,19.15,19.112,19.073,19.034,18.995,18.959,18.926,18.896,18.869,18.846,18.825,18.806,18.789,18.773,18.756,18.739,18.722,18.705,18.69,18.677,18.667,18.661,18.661,18.665,18.671,18.673,18.663,18.638,18.598,18.552,18.507,18.46,18.393,18.29
19.593,19.559,19.525,19.481,19.427,19.377,19.343,19.327,19.331,19.351,19.372,19.379,19.376,19.387,19.414,19.448,19.486,19.52,19.545,19.566,19.6,19.655,19.72,19.771,19.793,19.789,19.768,19.737,19.7,19.661,19.619,19.577,19.535,19.493,19.453,19.415,19.379,19.346,19.314,19.283,19.251,19.218,19.183,19.147,19.11,19.072,19.035,19,18.968,18.94,18.916,18.895,18.878,18.863,18.851,18.839,18.827,18.815,18.801,18.785,18.769,18.753,18.738,18.726,18.721,18.724,18.735,18.747,18.75,18.733,18.69,18.626,18.561,18.509,18.46,18.376
19.593,19.567,19.54,19.501,19.446,19.384,19.336,19.308,19.305,19.327,19.358,19.374,19.369,19.372,19.393,19.425,19.466,19.507,19.536,19.55,19.565,19.602,19.671,19.746,19.791,19.798,19.78,19.749,19.714,19.675,19.636,19.596,19.556,19.516,19.477,19.441,19.407,19.375,19.344,19.314,19.284,19.253,19.222,19.189,19.155,19.12,19.085,19.051,19.021,18.995,18.973,18.956,18.941,18.93,18.922,18.915,18.908,18.901,18.892,18.881,18.866,18.849,18.829,18.811,18.796,18.792,18.799,18.818,18.837,18.841,18.811,18.74,18.642,18.557,18.514,18.462
19.585,19.564,19.546,19.514,19.462,19.396,19.333,19.291,19.279,19.301,19.339,19.371,19.37,19.362,19.373,19.4,19.443,19.493,19.529,19.545,19.55,19.56,19.605,19.698,19.78,19.806,19.792,19.762,19.727,19.69,19.652,19.614,19.575,19.537,19.5,19.466,19.433,19.401,19.372,19.343,19.316,19.288,19.261,19.232,19.202,19.171,19.139,19.109,19.081,19.057,19.037,19.022,19.009,19,18.995,18.992,18.991,18.991,18.99,18.986,18.978,18.965,18.947,18.924,18.9,18.881,18.875,18.885,18.91,18.937,18.938,18.884,18.765,18.62,18.541,18.527
19.575,19.551,19.54,19.518,19.474,19.408,19.334,19.276,19.255,19.274,19.316,19.365,19.378,19.361,19.36,19.38,19.421,19.482,19.532,19.554,19.559,19.553,19.551,19.62,19.749,19.813,19.797,19.769,19.738,19.706,19.669,19.632,19.594,19.557,19.522,19.488,19.456,19.425,19.395,19.368,19.342,19.318,19.294,19.27,19.245,19.218,19.191,19.165,19.141,19.12,19.102,19.087,19.075,19.067,19.063,19.065,19.072,19.082,19.091,19.097,19.097,19.091,19.078,19.058,19.032,19.003,18.979,18.968,18.975,19.001,19.028,19.016,18.918,18.726,18.552,18.545
19.567,19.532,19.526,19.516,19.483,19.421,19.34,19.266,19.232,19.249,19.29,19.351,19.386,19.367,19.358,19.37,19.406,19.476,19.547,19.584,19.593,19.587,19.552,19.541,19.679,19.812,19.808,19.777,19.74,19.706,19.673,19.643,19.614,19.58,19.545,19.511,19.477,19.445,19.416,19.389,19.365,19.344,19.323,19.303,19.281,19.26,19.238,19.217,19.198,19.18,19.163,19.147,19.134,19.127,19.128,19.139,19.157,19.176,19.191,19.198,19.198,19.191,19.18,19.165,19.146,19.123,19.098,19.074,19.057,19.052,19.062,19.07,19.03,18.867,18.593,18.516
19.56,19.511,19.508,19.508,19.488,19.436,19.355,19.265,19.215,19.226,19.266,19.33,19.387,19.376,19.363,19.374,19.403,19.471,19.563,19.624,19.641,19.639,19.602,19.53,19.574,19.777,19.827,19.803,19.764,19.727,19.693,19.659,19.624,19.589,19.556,19.533,19.5,19.467,19.438,19.413,19.39,19.371,19.352,19.333,19.314,19.296,19.278,19.262,19.246,19.229,19.21,19.193,19.182,19.181,19.192,19.213,19.237,19.251,19.248,19.231,19.207,19.182,19.162,19.15,19.144,19.141,19.138,19.132,19.123,19.107,19.081,19.052,19.027,18.955,18.685,18.489
19.553,19.493,19.492,19.499,19.489,19.45,19.378,19.28,19.206,19.207,19.245,19.309,19.378,19.384,19.37,19.378,19.405,19.467,19.562,19.641,19.669,19.668,19.646,19.567,19.524,19.703,19.824,19.829,19.793,19.754,19.718,19.683,19.647,19.61,19.572,19.537,19.512,19.488,19.46,19.435,19.413,19.394,19.376,19.359,19.342,19.324,19.307,19.289,19.27,19.251,19.234,19.222,19.221,19.231,19.25,19.266,19.264,19.235,19.184,19.122,19.064,19.018,18.988,18.975,18.978,18.993,19.018,19.047,19.074,19.09,19.074,19.021,18.966,18.936,18.762,18.505
19.54,19.48,19.48,19.491,19.488,19.46,19.401,19.306,19.21,19.191,19.228,19.291,19.365,19.386,19.373,19.375,19.399,19.463,19.556,19.626,19.655,19.656,19.645,19.593,19.532,19.644,19.796,19.834,19.81,19.773,19.737,19.7,19.662,19.623,19.584,19.547,19.514,19.491,19.473,19.447,19.424,19.405,19.389,19.374,19.359,19.342,19.322,19.301,19.28,19.264,19.255,19.255,19.263,19.271,19.265,19.231,19.166,19.081,18.993,18.914,18.854,18.813,18.789,18.779,18.781,18.796,18.824,18.867,18.924,18.986,19.02,18.996,18.937,18.901,18.788,18.538
19.524,19.474,19.473,19.486,19.486,19.466,19.42,19.338,19.23,19.181,19.214,19.279,19.353,19.384,19.374,19.367,19.383,19.452,19.559,19.615,19.623,19.621,19.612,19.584,19.539,19.611,19.767,19.823,19.81,19.778,19.745,19.709,19.672,19.634,19.597,19.562,19.53,19.5,19.474,19.459,19.44,19.422,19.406,19.393,19.378,19.36,19.341,19.321,19.306,19.3,19.3,19.296,19.278,19.232,19.153,19.053,18.951,18.864,18.799,18.756,18.729,18.714,18.706,18.701,18.696,18.695,18.702,18.725,18.778,18.866,18.945,18.966,18.924,18.882,18.801,18.569
19.506,19.472,19.472,19.483,19.484,19.468,19.432,19.365,19.259,19.177,19.203,19.271,19.344,19.379,19.374,19.359,19.366,19.436,19.562,19.623,19.605,19.591,19.579,19.562,19.542,19.604,19.749,19.809,19.802,19.774,19.742,19.709,19.676,19.643,19.612,19.582,19.555,19.527,19.499,19.475,19.456,19.444,19.44,19.425,19.408,19.389,19.371,19.358,19.351,19.341,19.312,19.249,19.151,19.032,18.917,18.83,18.774,18.746,18.734,18.731,18.734,18.741,18.747,18.749,18.742,18.726,18.703,18.679,18.687,18.77,18.882,18.94,18.913,18.867,18.809,18.6
19.515,19.472,19.471,19.481,19.482,19.468,19.437,19.38,19.287,19.178,19.194,19.268,19.34,19.374,19.373,19.356,19.352,19.417,19.553,19.639,19.614,19.587,19.57,19.558,19.559,19.628,19.745,19.789,19.786,19.764,19.736,19.707,19.679,19.652,19.626,19.601,19.579,19.554,19.53,19.508,19.489,19.472,19.458,19.444,19.438,19.419,19.404,19.388,19.355,19.283,19.163,19.018,18.887,18.8,18.76,18.75,18.753,18.76,18.769,18.78,18.795,18.813,18.83,18.842,18.84,18.815,18.772,18.715,18.666,18.705,18.83,18.923,18.906,18.858,18.816,18.627
19.509,19.47,19.47,19.479,19.478,19.464,19.437,19.387,19.303,19.178,19.184,19.267,19.34,19.37,19.372,19.355,19.342,19.393,19.53,19.643,19.639,19.61,19.596,19.591,19.608,19.67,19.743,19.759,19.753,19.736,19.715,19.693,19.671,19.65,19.631,19.612,19.591,19.57,19.551,19.533,19.516,19.499,19.48,19.457,19.435,19.419,19.399,19.332,19.208,19.036,18.874,18.776,18.747,18.754,18.772,18.784,18.791,18.792,18.793,18.805,18.826,18.853,18.882,18.91,18.934,18.947,18.914,18.818,18.696,18.666,18.788,18.914,18.907,18.856,18.827,18.65
19.503,19.468,19.468,19.474,19.472,19.459,19.434,19.389,19.308,19.178,19.175,19.268,19.344,19.368,19.369,19.354,19.336,19.368,19.494,19.626,19.656,19.643,19.639,19.643,19.662,19.686,19.712,19.704,19.693,19.676,19.657,19.638,19.622,19.609,19.599,19.589,19.578,19.565,19.551,19.537,19.522,19.506,19.482,19.452,19.417,19.363,19.268,19.098,18.905,18.775,18.737,18.755,18.782,18.796,18.801,18.796,18.78,18.765,18.759,18.765,18.785,18.814,18.846,18.88,18.913,18.95,18.985,18.946,18.801,18.68,18.747,18.895,18.907,18.861,18.844,18.665
19.483,19.464,19.464,19.467,19.464,19.451,19.427,19.385,19.305,19.175,19.168,19.269,19.35,19.37,19.365,19.351,19.333,19.345,19.447,19.589,19.65,19.655,19.658,19.651,19.649,19.653,19.642,19.626,19.61,19.591,19.572,19.553,19.539,19.533,19.532,19.536,19.538,19.536,19.53,19.519,19.504,19.485,19.453,19.401,19.306,19.16,18.955,18.797,18.736,18.748,18.778,18.795,18.795,18.794,18.779,18.749,18.712,18.68,18.673,18.697,18.741,18.789,18.828,18.859,18.886,18.913,18.964,18.999,18.9,18.729,18.725,18.871,18.904,18.871,18.864,18.67
19.463,19.457,19.457,19.458,19.454,19.441,19.418,19.376,19.299,19.17,19.162,19.271,19.359,19.375,19.362,19.345,19.328,19.327,19.398,19.532,19.616,19.617,19.618,19.618,19.612,19.597,19.577,19.559,19.538,19.517,19.493,19.473,19.461,19.462,19.471,19.485,19.495,19.499,19.495,19.483,19.466,19.438,19.371,19.223,19.013,18.816,18.733,18.734,18.759,18.769,18.766,18.764,18.767,18.76,18.723,18.664,18.612,18.593,18.621,18.686,18.759,18.818,18.857,18.877,18.893,18.905,18.935,19.003,18.947,18.784,18.719,18.849,18.901,18.887,18.885,18.661
19.454,19.449,19.448,19.447,19.442,19.43,19.407,19.366,19.291,19.162,19.157,19.274,19.368,19.384,19.362,19.336,19.32,19.314,19.355,19.465,19.563,19.572,19.568,19.566,19.563,19.552,19.535,19.515,19.493,19.467,19.44,19.417,19.408,19.414,19.431,19.449,19.46,19.461,19.452,19.437,19.413,19.326,19.122,18.874,18.727,18.711,18.737,18.734,18.709,18.694,18.7,18.719,18.735,18.714,18.653,18.588,18.545,18.55,18.614,18.709,18.797,18.857,18.89,18.897,18.898,18.904,18.919,18.972,18.976,18.812,18.721,18.822,18.9,18.909,18.903,18.634
19.444,19.438,19.436,19.434,19.428,19.416,19.394,19.354,19.282,19.151,19.154,19.278,19.375,19.395,19.367,19.33,19.31,19.304,19.325,19.403,19.503,19.532,19.513,19.497,19.494,19.495,19.49,19.478,19.457,19.429,19.401,19.382,19.379,19.39,19.407,19.421,19.424,19.418,19.408,19.376,19.257,19.038,18.792,18.686,18.709,18.718,18.66,18.603,18.592,18.61,18.637,18.664,18.679,18.667,18.618,18.553,18.506,18.526,18.62,18.742,18.843,18.901,18.929,18.928,18.912,18.907,18.915,18.956,18.992,18.83,18.714,18.803,18.883,18.934,18.909,18.587
19.432,19.425,19.421,19.419,19.414,19.402,19.381,19.343,19.273,19.136,19.153,19.283,19.381,19.407,19.377,19.331,19.303,19.295,19.307,19.355,19.443,19.496,19.475,19.44,19.419,19.427,19.437,19.438,19.422,19.395,19.373,19.363,19.366,19.377,19.387,19.391,19.39,19.38,19.321,19.156,18.948,18.75,18.676,18.7,18.665,18.557,18.492,18.495,18.511,18.52,18.535,18.569,18.617,18.639,18.605,18.532,18.479,18.512,18.634,18.78,18.889,18.936,18.951,18.936,18.912,18.897,18.898,18.952,19,18.835,18.697,18.796,18.886,18.945,18.894,18.529
19.417,19.408,19.404,19.403,19.398,19.388,19.368,19.331,19.26,19.119,19.153,19.29,19.387,19.417,19.393,19.34,19.301,19.289,19.297,19.327,19.389,19.459,19.453,19.408,19.371,19.37,19.392,19.402,19.392,19.371,19.358,19.356,19.359,19.363,19.369,19.371,19.345,19.24,19.049,18.848,18.688,18.655,18.656,18.604,18.471,18.408,18.426,18.436,18.42,18.407,18.415,18.464,18.547,18.611,18.599,18.525,18.465,18.5,18.639,18.805,18.914,18.934,18.928,18.929,18.908,18.897,18.905,18.965,19,18.821,18.678,18.798,18.901,18.969,18.859,18.474
19.4,19.389,19.385,19.385,19.382,19.373,19.356,19.318,19.243,19.101,19.155,19.299,19.391,19.425,19.41,19.357,19.307,19.287,19.291,19.313,19.352,19.415,19.433,19.394,19.343,19.335,19.363,19.378,19.372,19.358,19.351,19.349,19.35,19.356,19.353,19.292,19.141,18.956,18.747,18.631,18.624,18.621,18.548,18.404,18.346,18.389,18.419,18.412,18.381,18.334,18.308,18.354,18.473,18.585,18.602,18.531,18.458,18.481,18.624,18.803,18.901,18.928,18.921,18.917,18.903,18.904,18.929,18.989,18.979,18.783,18.66,18.81,18.927,18.99,18.804,18.431
19.383,19.369,19.366,19.367,19.366,19.359,19.343,19.305,19.222,19.082,19.16,19.308,19.393,19.429,19.425,19.375,19.319,19.289,19.289,19.307,19.333,19.376,19.407,19.387,19.337,19.324,19.35,19.365,19.361,19.35,19.345,19.345,19.345,19.321,19.223,19.039,18.838,18.654,18.572,18.589,18.589,18.502,18.35,18.299,18.376,18.458,18.498,18.492,18.427,18.321,18.242,18.266,18.402,18.554,18.608,18.551,18.463,18.456,18.581,18.767,18.885,18.939,18.931,18.916,18.916,18.935,18.972,18.999,18.922,18.725,18.658,18.832,18.958,18.99,18.723,18.395
19.366,19.348,19.346,19.349,19.351,19.346,19.331,19.29,19.2,19.066,19.164,19.315,19.394,19.43,19.435,19.391,19.335,19.298,19.292,19.308,19.327,19.35,19.376,19.372,19.34,19.326,19.348,19.362,19.357,19.347,19.341,19.327,19.271,19.141,18.966,18.74,18.576,18.518,18.549,18.561,18.46,18.307,18.259,18.369,18.51,18.606,18.658,18.646,18.555,18.4,18.25,18.211,18.324,18.499,18.602,18.579,18.486,18.434,18.512,18.689,18.841,18.94,18.965,18.963,18.97,18.988,19,18.963,18.83,18.666,18.672,18.863,18.99,18.938,18.53,18.369
19.351,19.329,19.326,19.332,19.335,19.332,19.318,19.274,19.18,19.051,19.166,19.32,19.391,19.427,19.439,19.401,19.35,19.311,19.3,19.313,19.327,19.338,19.35,19.35,19.339,19.335,19.355,19.369,19.358,19.335,19.296,19.207,19.05,18.868,18.663,18.516,18.471,18.508,18.524,18.428,18.274,18.22,18.342,18.523,18.658,18.754,18.814,18.812,18.729,18.561,18.346,18.209,18.247,18.41,18.559,18.589,18.529,18.437,18.439,18.566,18.73,18.877,18.959,18.989,18.996,18.991,18.956,18.863,18.72,18.626,18.706,18.903,18.982,18.791,18.364,18.367
19.336,19.31,19.308,19.315,19.32,19.319,19.306,19.261,19.165,19.036,19.164,19.321,19.386,19.422,19.439,19.408,19.363,19.327,19.313,19.323,19.333,19.334,19.331,19.331,19.336,19.348,19.367,19.368,19.326,19.247,19.131,18.989,18.782,18.595,18.466,18.429,18.465,18.485,18.401,18.25,18.178,18.285,18.481,18.635,18.737,18.82,18.869,18.883,18.859,18.743,18.519,18.29,18.206,18.299,18.468,18.564,18.561,18.482,18.41,18.44,18.569,18.706,18.826,18.886,18.904,18.886,18.827,18.729,18.636,18.632,18.763,18.904,18.836,18.534,18.319,18.444
19.323,19.292,19.291,19.3,19.306,19.307,19.296,19.252,19.153,19.02,19.157,19.319,19.378,19.414,19.437,19.414,19.375,19.343,19.33,19.335,19.341,19.332,19.32,19.319,19.34,19.363,19.366,19.317,19.204,19.069,18.901,18.715,18.541,18.422,18.384,18.411,18.43,18.365,18.228,18.139,18.213,18.406,18.577,18.677,18.743,18.777,18.787,18.818,18.866,18.857,18.714,18.465,18.259,18.219,18.332,18.489,18.559,18.528,18.453,18.388,18.41,18.507,18.608,18.698,18.732,18.726,18.686,18.635,18.614,18.664,18.754,18.752,18.568,18.341,18.37,18.512
19.31,19.276,19.275,19.285,19.293,19.295,19.286,19.244,19.141,19.001,19.145,19.313,19.369,19.406,19.434,19.417,19.388,19.361,19.345,19.345,19.344,19.329,19.315,19.321,19.354,19.365,19.31,19.173,19.009,18.814,18.633,18.477,18.368,18.326,18.339,18.351,18.301,18.189,18.101,18.144,18.321,18.514,18.635,18.691,18.691,18.652,18.638,18.69,18.779,18.854,18.842,18.685,18.441,18.254,18.218,18.323,18.459,18.536,18.503,18.44,18.377,18.365,18.42,18.51,18.557,18.578,18.584,18.592,18.6,18.615,18.594,18.512,18.365,18.328,18.475,18.552
19.297,19.26,19.26,19.27,19.279,19.283,19.276,19.236,19.126,18.979,19.125,19.303,19.358,19.395,19.43,19.418,19.4,19.377,19.358,19.349,19.34,19.322,19.31,19.332,19.364,19.317,19.163,18.959,18.728,18.53,18.377,18.279,18.241,18.244,18.245,18.204,18.122,18.057,18.096,18.261,18.472,18.625,18.681,18.648,18.553,18.482,18.502,18.591,18.699,18.793,18.856,18.84,18.692,18.456,18.253,18.185,18.274,18.402,18.483,18.473,18.438,18.403,18.345,18.328,18.366,18.415,18.442,18.454,18.456,18.441,18.398,18.344,18.328,18.451,18.575,18.588
19.282,19.243,19.243,19.253,19.262,19.267,19.262,19.224,19.111,18.955,19.098,19.289,19.345,19.381,19.424,19.415,19.406,19.389,19.368,19.348,19.327,19.312,19.314,19.348,19.339,19.193,18.956,18.675,18.44,18.271,18.174,18.14,18.134,18.123,18.089,18.043,18.024,18.089,18.261,18.479,18.644,18.693,18.627,18.486,18.357,18.318,18.378,18.505,18.647,18.759,18.833,18.876,18.86,18.732,18.497,18.241,18.113,18.174,18.307,18.37,18.417,18.452,18.447,18.399,18.346,18.318,18.323,18.331,18.333,18.332,18.334,18.349,18.451,18.572,18.617,18.553
19.262,19.222,19.221,19.23,19.239,19.245,19.244,19.21,19.099,18.931,19.06,19.268,19.329,19.362,19.415,19.411,19.403,19.395,19.374,19.346,19.315,19.306,19.323,19.351,19.251,19.005,18.668,18.378,18.186,18.09,18.062,18.05,18.03,18.01,18.006,18.043,18.153,18.335,18.539,18.677,18.7,18.617,18.466,18.315,18.214,18.176,18.219,18.35,18.536,18.718,18.848,18.906,18.904,18.871,18.783,18.559,18.224,18.006,18.008,18.112,18.193,18.28,18.388,18.486,18.488,18.435,18.401,18.388,18.382,18.385,18.424,18.508,18.597,18.636,18.61,18.55
19.234,19.197,19.196,19.204,19.211,19.219,19.222,19.198,19.096,18.913,19.015,19.243,19.312,19.338,19.401,19.409,19.394,19.389,19.369,19.339,19.308,19.313,19.337,19.31,19.106,18.73,18.36,18.113,18.011,18.004,18.019,18.02,18.026,18.066,18.157,18.296,18.465,18.619,18.706,18.708,18.639,18.519,18.389,18.275,18.175,18.102,18.085,18.154,18.319,18.557,18.806,18.976,18.994,18.899,18.835,18.845,18.641,18.212,17.883,17.799,17.828,17.857,17.957,18.156,18.349,18.506,18.577,18.585,18.584,18.599,18.632,18.666,18.677,18.65,18.578,18.418
19.197,19.172,19.17,19.176,19.182,19.191,19.2,19.19,19.103,18.906,18.964,19.212,19.294,19.311,19.38,19.408,19.386,19.376,19.356,19.329,19.311,19.336,19.332,19.213,18.876,18.454,18.132,17.997,17.995,18.029,18.071,18.126,18.21,18.334,18.479,18.612,18.703,18.743,18.743,18.706,18.629,18.536,18.449,18.363,18.275,18.191,18.122,18.09,18.133,18.296,18.583,18.901,19.061,19.008,18.817,18.785,18.899,18.729,18.199,17.766,17.584,17.499,17.415,17.447,17.64,17.916,18.211,18.437,18.594,18.673,18.703,18.688,18.635,18.55,18.383,18.083
19.156,19.151,19.15,19.152,19.155,19.164,19.18,19.187,19.12,18.912,18.913,19.176,19.277,19.282,19.351,19.402,19.383,19.365,19.344,19.326,19.327,19.338,19.268,19.034,18.638,18.279,18.118,18.141,18.193,18.221,18.275,18.377,18.511,18.647,18.747,18.788,18.793,18.796,18.791,18.753,18.694,18.639,18.583,18.518,18.446,18.371,18.301,18.237,18.181,18.169,18.292,18.593,18.937,19.078,18.97,18.707,18.765,18.953,18.751,18.155,17.677,17.45,17.309,17.117,17.033,17.086,17.23,17.483,17.819,18.145,18.367,18.517,18.487,18.307,18.057,17.693
19.145,19.141,19.138,19.134,19.134,19.141,19.161,19.186,19.142,18.93,18.865,19.133,19.26,19.253,19.314,19.383,19.384,19.362,19.342,19.334,19.34,19.307,19.143,18.822,18.478,18.295,18.341,18.472,18.531,18.542,18.585,18.674,18.781,18.858,18.878,18.86,18.854,18.867,18.861,18.827,18.789,18.749,18.694,18.619,18.531,18.443,18.381,18.359,18.353,18.315,18.253,18.296,18.569,18.93,19.036,18.827,18.714,18.81,18.941,18.643,18.041,17.579,17.447,17.37,17.216,17.149,17.174,17.235,17.309,17.486,17.858,18.255,18.27,18.009,17.717,17.476
19.15,19.14,19.131,19.123,19.116,19.12,19.144,19.186,19.167,18.96,18.822,19.083,19.241,19.225,19.269,19.35,19.375,19.361,19.344,19.335,19.312,19.201,18.962,18.664,18.467,18.489,18.661,18.799,18.836,18.84,18.867,18.922,18.978,18.996,18.968,18.937,18.937,18.946,18.933,18.905,18.878,18.844,18.794,18.715,18.593,18.44,18.301,18.244,18.304,18.418,18.467,18.377,18.304,18.631,18.991,18.978,18.838,18.743,18.869,18.843,18.471,17.827,17.463,17.439,17.378,17.268,17.269,17.365,17.488,17.596,17.826,18.089,18.008,17.709,17.517,17.477
19.155,19.137,19.123,19.11,19.1,19.101,19.128,19.183,19.194,19.004,18.789,19.024,19.221,19.199,19.219,19.301,19.346,19.347,19.33,19.3,19.219,19.048,18.812,18.621,18.598,18.749,18.927,19.014,19.039,19.063,19.089,19.103,19.096,19.08,19.041,19.026,19.022,19.02,19.009,18.998,19.01,19.021,19.011,18.962,18.815,18.592,18.323,18.091,18.042,18.211,18.479,18.631,18.447,18.386,18.827,19.033,18.952,18.817,18.83,18.883,18.716,18.234,17.58,17.364,17.401,17.309,17.241,17.32,17.511,17.705,17.831,17.869,17.709,17.501,17.467,17.567
19.144,19.122,19.105,19.089,19.078,19.081,19.113,19.181,19.223,19.065,18.77,18.954,19.197,19.178,19.167,19.236,19.289,19.302,19.277,19.21,19.087,18.913,18.748,18.693,18.794,18.97,19.093,19.14,19.174,19.205,19.199,19.189,19.177,19.16,19.132,19.112,19.111,19.12,19.141,19.184,19.241,19.286,19.289,19.228,19.078,18.846,18.506,18.122,17.873,17.922,18.233,18.615,18.761,18.459,18.614,18.996,19.025,18.919,18.861,18.91,18.828,18.533,17.882,17.368,17.326,17.346,17.252,17.249,17.396,17.581,17.662,17.598,17.451,17.37,17.431,17.531
19.114,19.092,19.075,19.059,19.051,19.061,19.101,19.179,19.252,19.139,18.775,18.876,19.165,19.167,19.118,19.161,19.208,19.219,19.181,19.094,18.97,18.843,18.779,18.832,18.979,19.121,19.19,19.222,19.242,19.261,19.246,19.223,19.211,19.201,19.191,19.186,19.192,19.207,19.235,19.271,19.306,19.338,19.371,19.358,19.225,18.984,18.612,18.175,17.813,17.758,18.04,18.475,18.847,18.712,18.576,18.906,19.051,18.986,18.925,18.956,18.899,18.636,18.108,17.469,17.265,17.313,17.282,17.224,17.247,17.347,17.403,17.326,17.238,17.233,17.295,17.334
19.066,19.05,19.037,19.027,19.028,19.048,19.096,19.18,19.275,19.214,18.811,18.798,19.118,19.166,19.084,19.087,19.116,19.117,19.075,18.995,18.906,18.851,18.875,18.985,19.122,19.212,19.248,19.273,19.278,19.27,19.239,19.218,19.208,19.202,19.2,19.203,19.208,19.214,19.218,19.215,19.206,19.236,19.305,19.332,19.216,18.943,18.536,18.084,17.711,17.648,17.956,18.431,18.857,18.892,18.671,18.844,19.054,19.009,18.973,18.985,18.915,18.635,18.106,17.532,17.253,17.249,17.276,17.23,17.186,17.176,17.175,17.124,17.077,17.081,17.112,17.145
19.017,19.01,19.002,19.002,19.014,19.045,19.1,19.184,19.289,19.274,18.873,18.734,19.051,19.173,19.075,19.032,19.035,19.027,18.994,18.942,18.906,18.919,18.999,19.118,19.217,19.265,19.287,19.288,19.29,19.261,19.226,19.206,19.194,19.185,19.18,19.178,19.174,19.168,19.158,19.149,19.164,19.224,19.29,19.269,19.09,18.709,18.255,17.828,17.556,17.608,17.966,18.46,18.904,19.007,18.764,18.843,19.056,19.008,18.976,18.963,18.83,18.488,17.979,17.549,17.281,17.193,17.238,17.219,17.178,17.128,17.074,17.019,16.972,16.966,17.022,17.2
18.991,18.983,18.981,18.989,19.011,19.049,19.107,19.189,19.293,19.309,18.946,18.696,18.967,19.172,19.094,19.008,18.986,18.971,18.954,18.94,18.953,19.014,19.114,19.211,19.267,19.29,19.302,19.292,19.279,19.248,19.221,19.202,19.185,19.174,19.166,19.16,19.153,19.148,19.147,19.163,19.211,19.261,19.242,19.082,18.723,18.252,17.806,17.496,17.449,17.699,18.118,18.571,18.954,19.049,18.815,18.862,19.071,18.998,18.94,18.873,18.657,18.279,17.927,17.654,17.341,17.148,17.177,17.195,17.154,17.102,17.04,16.998,17.014,17.154,17.423,17.78
18.983,18.97,18.97,18.983,19.012,19.054,19.112,19.189,19.286,19.323,19.023,18.692,18.874,19.146,19.128,19.019,18.971,18.955,18.952,18.971,19.02,19.103,19.195,19.26,19.287,19.299,19.282,19.271,19.253,19.235,19.223,19.212,19.199,19.189,19.183,19.179,19.176,19.181,19.202,19.237,19.249,19.169,18.962,18.57,18.087,17.642,17.354,17.318,17.557,17.946,18.356,18.718,18.978,19.012,18.796,18.891,19.095,18.986,18.895,18.755,18.443,18.179,18.087,17.952,17.562,17.167,17.111,17.195,17.218,17.223,17.25,17.353,17.555,17.807,18.002,18.024
18.979,18.957,18.956,18.974,19.006,19.051,19.108,19.179,19.269,19.323,19.107,18.73,18.789,19.081,19.155,19.054,18.977,18.965,18.973,19.014,19.084,19.173,19.255,19.306,19.33,19.319,19.311,19.294,19.273,19.259,19.251,19.244,19.237,19.232,19.23,19.232,19.24,19.248,19.232,19.151,18.989,18.673,18.232,17.765,17.385,17.174,17.2,17.474,17.873,18.245,18.544,18.78,18.914,18.87,18.72,18.939,19.114,18.97,18.815,18.535,18.233,18.148,18.2,18.153,17.89,17.504,17.306,17.372,17.522,17.634,17.716,17.804,17.859,17.79,17.581,17.379
18.963,18.935,18.932,18.953,18.988,19.035,19.091,19.157,19.239,19.313,19.194,18.822,18.734,18.98,19.146,19.102,18.996,18.979,19,19.052,19.129,19.214,19.279,19.31,19.316,19.287,19.26,19.24,19.234,19.234,19.236,19.236,19.235,19.229,19.213,19.176,19.102,18.993,18.787,18.494,18.121,17.717,17.369,17.142,17.056,17.147,17.432,17.821,18.174,18.4,18.551,18.701,18.765,18.68,18.674,19.033,19.134,18.931,18.668,18.325,18.146,18.199,18.227,18.15,18.058,17.918,17.81,17.822,17.916,17.991,18.004,17.954,17.817,17.585,17.275,16.982
18.925,18.9,18.898,18.92,18.959,19.007,19.064,19.126,19.202,19.288,19.26,18.962,18.741,18.872,19.077,19.139,19.041,18.981,19.009,19.06,19.131,19.196,19.229,19.222,19.193,19.176,19.194,19.194,19.163,19.126,19.075,19.039,18.987,18.887,18.722,18.499,18.238,17.964,17.702,17.47,17.288,17.16,17.087,17.071,17.156,17.405,17.762,18.077,18.258,18.334,18.414,18.581,18.652,18.592,18.787,19.133,19.144,18.873,18.534,18.223,18.201,18.264,18.228,18.248,18.21,18.154,18.105,18.082,18.078,18.047,17.949,17.759,17.438,17.182,16.955,16.812
18.878,18.861,18.86,18.883,18.923,18.973,19.031,19.093,19.162,19.247,19.282,19.1,18.827,18.81,18.955,19.114,19.116,19.008,18.999,19.032,19.082,19.121,19.131,19.122,19.132,19.195,19.223,19.109,18.678,18.375,18.28,18.25,18.115,17.914,17.731,17.597,17.5,17.425,17.366,17.314,17.252,17.175,17.114,17.129,17.315,17.647,17.93,18.062,18.159,18.288,18.402,18.584,18.686,18.713,18.968,19.216,19.136,18.808,18.433,18.205,18.265,18.379,18.498,18.572,18.567,18.501,18.387,18.234,18.108,18.016,17.873,17.667,17.288,16.858,16.659,16.812
18.84,18.827,18.826,18.848,18.888,18.939,18.998,19.061,19.126,19.201,19.263,19.176,18.943,18.835,18.852,18.984,19.136,19.109,19.017,19.018,19.037,19.059,19.08,19.118,19.22,19.226,18.99,18.331,17.454,17.423,17.529,17.612,17.696,17.732,17.723,17.681,17.622,17.552,17.462,17.334,17.164,17.019,16.979,17.12,17.446,17.729,17.821,17.94,18.269,18.606,18.711,18.734,18.821,18.897,19.106,19.256,19.109,18.742,18.362,18.212,18.334,18.528,18.636,18.678,18.702,18.73,18.761,18.824,18.763,18.654,18.436,17.919,17.07,16.514,16.688,17.204
18.811,18.799,18.797,18.818,18.856,18.907,18.966,19.031,19.095,19.163,19.225,19.194,19.009,18.899,18.848,18.839,18.983,19.152,19.157,19.073,19.059,19.077,19.122,19.205,19.249,19.105,18.098,17.203,17.257,17.642,17.928,18.037,18.016,17.901,17.748,17.601,17.476,17.338,17.163,16.949,16.782,16.753,16.862,17.141,17.452,17.535,17.664,18.048,18.584,19.03,19.102,18.962,18.896,18.965,19.174,19.271,19.069,18.682,18.315,18.238,18.392,18.546,18.555,18.559,18.596,18.631,18.675,18.781,18.872,18.78,18.439,17.333,16.285,16.203,17.026,17.504
18.785,18.775,18.773,18.79,18.826,18.875,18.934,19,19.066,19.13,19.188,19.185,19.026,18.898,18.875,18.824,18.838,18.951,19.141,19.202,19.169,19.167,19.215,19.315,18.656,17.86,17.483,17.439,17.893,18.234,18.272,18.091,17.777,17.517,17.366,17.297,17.215,17.051,16.833,16.629,16.572,16.617,16.711,16.98,17.2,17.323,17.677,18.036,18.605,19.116,19.315,19.224,19.129,19.178,19.289,19.263,19.013,18.629,18.284,18.248,18.399,18.5,18.488,18.492,18.561,18.693,18.766,18.843,18.844,18.615,17.764,16.242,15.702,16.097,17.071,16.964
18.762,18.754,18.751,18.765,18.797,18.843,18.899,18.965,19.034,19.099,19.153,19.165,19.041,18.856,18.807,18.812,18.841,18.826,18.893,19.119,19.221,19.25,19.266,19.288,19.14,18.718,18.07,17.989,18.295,18.355,18.137,17.741,17.303,17.104,17.123,17.164,17.044,16.817,16.581,16.414,16.382,16.316,16.342,16.645,16.954,17.216,17.409,17.63,18.333,18.973,19.24,19.293,19.261,19.282,19.294,19.19,18.942,18.588,18.261,18.218,18.346,18.407,18.325,18.376,18.48,18.689,18.854,18.904,18.502,18.011,16.579,15.492,15.373,15.313,16.025,15.678
18.745,18.737,18.733,18.744,18.771,18.811,18.862,18.925,18.995,19.064,19.117,19.137,19.068,18.874,18.749,18.736,18.798,18.895,18.827,18.879,19.087,19.212,19.246,19.224,19.297,18.815,17.825,18.138,18.433,18.297,17.835,17.308,16.865,16.825,16.992,17.036,16.838,16.617,16.388,16.221,16.107,15.969,16.026,16.328,16.676,16.881,16.927,17.152,17.901,18.66,19.034,19.148,19.11,19.174,19.17,19.065,18.852,18.558,18.261,18.175,18.238,18.269,18.22,18.284,18.45,18.752,18.948,18.735,17.668,16.935,15.49,15.161,14.896,14.106,14.372,14.058
18.734,18.724,18.719,18.727,18.749,18.783,18.828,18.885,18.953,19.027,19.086,19.109,19.082,18.951,18.804,18.737,18.727,18.855,18.899,18.831,18.916,19.094,19.204,19.004,18.804,18.186,18.083,18.436,18.405,18.04,17.463,16.92,16.555,16.618,16.876,16.918,16.708,16.495,16.254,16.072,15.917,15.819,15.883,16.082,16.325,16.504,16.619,16.72,17.294,18.189,18.766,19.105,19.009,19.042,19.029,18.913,18.737,18.507,18.27,18.151,18.139,18.137,18.137,18.27,18.514,18.874,18.995,18.193,16.35,15.838,14.846,14.878,15.293,14.185,13.357,13.147
18.723,18.71,18.705,18.711,18.73,18.759,18.798,18.848,18.912,18.988,19.06,19.097,19.076,18.992,18.877,18.776,18.703,18.802,18.91,18.867,18.852,19.008,19.045,18.509,18.152,18.018,18.477,18.449,18.205,17.787,17.271,16.729,16.393,16.442,16.743,16.847,16.623,16.344,16.109,15.935,15.822,15.82,15.887,16,16.177,16.46,16.743,16.768,16.732,17.517,18.15,18.877,18.963,18.916,18.892,18.793,18.641,18.488,18.322,18.199,18.139,18.119,18.168,18.365,18.661,19.001,18.925,17.042,15.196,15.155,14.363,14.493,14.73,13.915,13.172,12.966
18.703,18.688,18.684,18.691,18.708,18.734,18.768,18.813,18.872,18.947,19.029,19.094,19.087,18.999,18.904,18.803,18.678,18.762,18.916,18.907,18.849,18.923,18.769,18.094,17.919,18.45,18.433,18.263,18.071,17.76,17.348,16.809,16.355,16.262,16.556,16.772,16.523,16.101,15.845,15.751,15.763,15.8,15.826,15.956,16.27,16.828,17.369,17.622,17.321,16.945,17.38,18.324,18.899,19.074,18.757,18.711,18.606,18.521,18.451,18.386,18.312,18.278,18.356,18.577,18.935,19.014,18.621,15.605,14.815,14.492,14.05,14.014,13.945,13.606,13.212,13.061
18.673,18.66,18.657,18.664,18.68,18.704,18.733,18.773,18.83,18.906,18.99,19.075,19.107,19.037,18.942,18.838,18.668,18.721,18.918,18.944,18.845,18.79,18.463,17.885,18.17,18.446,18.263,18.229,18.132,17.969,17.677,17.17,16.487,16.126,16.317,16.63,16.415,15.816,15.554,15.636,15.672,15.615,15.658,15.922,16.442,17.273,18.081,18.418,18.299,17.785,17.367,17.344,18.391,18.901,18.974,18.84,18.655,18.596,18.565,18.534,18.485,18.491,18.618,18.799,19.18,18.683,17.418,14.098,14.369,13.849,13.793,13.712,13.561,13.361,13.087,12.824
18.637,18.625,18.623,18.631,18.646,18.667,18.692,18.727,18.781,18.861,18.95,19.039,19.102,19.085,19.01,18.902,18.69,18.674,18.902,18.973,18.831,18.626,18.21,17.845,18.376,18.28,18.262,18.301,18.29,18.233,18.087,17.71,16.877,16.132,16.06,16.41,16.35,15.652,15.393,15.515,15.446,15.452,15.664,15.945,16.58,17.589,18.584,18.997,18.907,18.69,18.159,17.605,17.412,17.254,17.983,18.796,18.869,18.831,18.772,18.708,18.689,18.757,18.789,18.974,19.345,17.523,14.906,13.193,13.384,13.219,13.182,13.141,13.206,13.094,12.961,12.966
18.597,18.586,18.585,18.592,18.606,18.625,18.647,18.675,18.725,18.808,18.907,18.996,19.07,19.107,19.079,18.994,18.749,18.621,18.854,18.988,18.818,18.48,18.04,17.935,18.36,18.264,18.302,18.35,18.382,18.349,18.277,18.108,17.463,16.38,15.876,16.132,16.339,15.735,15.249,15.324,15.397,15.642,15.808,15.938,16.537,17.597,18.696,19.147,18.939,18.852,18.564,18.019,17.611,17.799,18.054,18.337,18.782,19.009,19.078,19.066,19.043,19.052,19.108,19.234,19.293,18.039,15.191,12.794,12.629,12.572,12.476,12.241,0,0,0,0
18.553,18.543,18.543,18.549,18.562,18.579,18.598,18.622,18.664,18.742,18.848,18.943,19.017,19.089,19.127,19.093,18.831,18.577,18.765,18.984,18.829,18.401,17.963,18.045,18.299,18.253,18.291,18.329,18.326,18.264,18.186,18.101,17.925,16.861,15.87,15.811,16.238,16.163,15.393,15.242,15.601,15.999,15.981,15.917,16.301,17.27,18.478,19.057,18.84,18.716,18.723,18.402,18.364,18.602,18.552,18.543,18.832,19.06,19.152,19.175,19.187,19.15,19.159,19.554,19.783,16.877,13.411,13.113,0,0,0,0,0,0,0,0
18.504,18.496,18.497,18.504,18.515,18.529,18.546,18.567,18.6,18.663,18.757,18.857,18.937,19.028,19.131,19.168,18.924,18.564,18.636,18.946,18.879,18.422,17.98,18.107,18.272,18.245,18.251,18.276,18.276,18.231,18.134,17.979,17.953,17.297,16.082,15.574,15.832,16.3,16.207,15.462,15.743,16.361,16.307,16.025,16.021,16.676,17.934,18.891,18.967,18.746,18.75,18.767,18.807,18.792,18.755,18.822,18.934,18.984,19.023,18.983,19.081,19.484,19.478,18.994,17.626,15.168,0,0,0,0,0,0,0,0,0,0
18.453,18.448,18.45,18.457,18.466,18.478,18.492,18.507,18.531,18.573,18.636,18.721,18.814,18.928,19.08,19.192,19.009,18.6,18.5,18.839,18.941,18.549,18.086,18.137,18.266,18.254,18.24,18.271,18.322,18.334,18.278,18.008,17.756,17.427,16.33,15.611,15.363,15.701,16.43,16.442,15.996,16.607,16.793,16.441,15.975,15.991,16.965,18.278,18.937,18.924,18.851,18.792,18.808,18.837,18.843,18.937,19.126,19.457,19.371,18.889,18.555,18.325,17.867,17.047,16.057,0,0,0,0,0,0,0,0,0,0,0
18.404,18.398,18.403,18.409,18.417,18.426,18.435,18.445,18.457,18.477,18.507,18.567,18.67,18.811,18.996,19.165,19.068,18.676,18.415,18.638,18.934,18.729,18.277,18.183,18.263,18.273,18.254,18.288,18.362,18.402,18.417,18.195,17.743,17.472,16.461,15.778,15.325,15.034,15.498,16.383,16.611,16.739,17.203,17.191,16.541,15.756,15.822,17.006,18.209,18.761,19.01,19.12,19.187,19.249,19.21,19.002,18.547,17.909,17.19,16.691,16.631,16.617,16.297,15.904,0,0,0,0,0,0,0,0,0,0,0,0
18.352,18.35,18.356,18.364,18.37,18.376,18.379,18.381,18.382,18.382,18.395,18.454,18.571,18.731,18.926,19.113,19.086,18.744,18.407,18.435,18.791,18.848,18.513,18.291,18.279,18.289,18.278,18.292,18.338,18.38,18.428,18.344,17.833,17.6,16.702,15.866,15.421,14.999,14.831,15.251,16.3,16.884,17.317,17.689,17.586,16.69,15.409,15.499,16.605,17.578,18.147,18.346,18.285,18.046,17.699,17.295,16.682,15.888,15.124,14.687,14.732,15.023,14.901,14.84,0,0,0,0,0,0,0,0,0,0,0,0
