18.333,18.314,18.319,18.308,18.338,18.334,18.338,18.378,18.4,18.423,18.454,18.491,18.535,18.573,18.604,18.628,18.654,18.686,18.706,18.688,18.676,18.683,18.684,18.682,18.663,18.632,18.593,18.554,18.521,18.498,18.483,18.468,18.45,18.428,18.405,18.382,18.362,18.347,18.339,18.333,18.339,18.334,18.317,18.297,18.272,18.244,18.21,18.17,18.128,18.083,18.038,17.991,17.94,17.889,17.84,17.79,17.745,17.699,17.652,17.604,17.559,17.514,17.47,17.427,17.385,17.344,17.308,17.292,17.273,17.248,17.214,17.185,17.158,17.132,17.11,17.084
18.351,18.261,18.263,18.287,18.307,18.316,18.322,18.341,18.36,18.387,18.425,18.468,18.513,18.554,18.59,18.62,18.643,18.661,18.671,18.678,18.686,18.693,18.696,18.69,18.668,18.634,18.596,18.559,18.529,18.506,18.489,18.473,18.455,18.436,18.416,18.396,18.378,18.364,18.355,18.353,18.351,18.341,18.324,18.301,18.275,18.245,18.21,18.171,18.129,18.085,18.04,17.995,17.949,17.901,17.852,17.803,17.754,17.705,17.657,17.61,17.565,17.52,17.477,17.435,17.395,17.355,17.317,17.281,17.244,17.206,17.17,17.139,17.111,17.085,17.062,17.036
18.338,18.232,18.253,18.282,18.299,18.308,18.314,18.325,18.344,18.375,18.418,18.468,18.517,18.559,18.592,18.617,18.637,18.654,18.667,18.677,18.686,18.694,18.698,18.693,18.675,18.639,18.599,18.563,18.533,18.51,18.491,18.474,18.456,18.438,18.418,18.398,18.38,18.365,18.355,18.353,18.352,18.344,18.327,18.304,18.277,18.246,18.21,18.171,18.129,18.085,18.041,17.995,17.949,17.901,17.852,17.803,17.754,17.706,17.659,17.613,17.568,17.525,17.483,17.442,17.401,17.361,17.321,17.28,17.24,17.201,17.165,17.134,17.105,17.08,17.057,17.033
18.348,18.237,18.249,18.267,18.277,18.283,18.289,18.3,18.321,18.359,18.413,18.474,18.528,18.57,18.599,18.62,18.637,18.653,18.666,18.678,18.688,18.696,18.702,18.7,18.682,18.643,18.602,18.566,18.536,18.512,18.492,18.473,18.453,18.432,18.411,18.39,18.371,18.356,18.345,18.34,18.342,18.337,18.323,18.301,18.274,18.242,18.205,18.165,18.123,18.078,18.033,17.987,17.94,17.892,17.844,17.795,17.746,17.699,17.653,17.608,17.565,17.523,17.482,17.441,17.4,17.357,17.313,17.268,17.224,17.184,17.149,17.119,17.093,17.07,17.05,17.029
18.305,18.228,18.235,18.244,18.249,18.253,18.259,18.271,18.298,18.348,18.418,18.493,18.551,18.588,18.608,18.623,18.639,18.654,18.668,18.679,18.688,18.697,18.703,18.703,18.682,18.643,18.601,18.565,18.535,18.51,18.488,18.466,18.444,18.42,18.396,18.372,18.351,18.334,18.321,18.314,18.314,18.315,18.307,18.289,18.262,18.23,18.193,18.152,18.109,18.063,18.017,17.97,17.922,17.874,17.826,17.777,17.729,17.682,17.637,17.593,17.551,17.509,17.468,17.426,17.381,17.333,17.282,17.232,17.185,17.145,17.112,17.086,17.065,17.047,17.032,17.016
18.26,18.215,18.22,18.226,18.228,18.23,18.236,18.251,18.287,18.354,18.444,18.529,18.583,18.603,18.611,18.623,18.642,18.662,18.678,18.688,18.694,18.699,18.703,18.7,18.675,18.637,18.596,18.56,18.531,18.506,18.482,18.458,18.432,18.403,18.374,18.346,18.321,18.302,18.288,18.28,18.277,18.277,18.277,18.266,18.245,18.214,18.177,18.134,18.088,18.041,17.993,17.945,17.897,17.848,17.799,17.75,17.702,17.656,17.611,17.569,17.527,17.486,17.444,17.397,17.345,17.286,17.225,17.168,17.118,17.08,17.052,17.033,17.02,17.012,17.004,16.995
18.227,18.201,18.206,18.211,18.214,18.217,18.224,18.244,18.293,18.383,18.49,18.572,18.603,18.596,18.592,18.611,18.641,18.67,18.691,18.702,18.705,18.703,18.698,18.685,18.661,18.626,18.588,18.555,18.527,18.502,18.477,18.45,18.42,18.386,18.351,18.316,18.286,18.262,18.247,18.239,18.235,18.233,18.231,18.227,18.216,18.191,18.155,18.111,18.062,18.012,17.962,17.913,17.864,17.814,17.764,17.715,17.667,17.621,17.578,17.537,17.497,17.455,17.409,17.353,17.285,17.211,17.138,17.075,17.024,16.988,16.969,16.967,16.97,16.973,16.971,16.968
18.202,18.186,18.192,18.197,18.203,18.209,18.22,18.249,18.32,18.433,18.541,18.598,18.586,18.553,18.559,18.592,18.628,18.657,18.679,18.696,18.702,18.693,18.676,18.662,18.644,18.613,18.58,18.551,18.524,18.497,18.47,18.44,18.404,18.364,18.322,18.282,18.246,18.22,18.203,18.195,18.191,18.189,18.183,18.173,18.158,18.139,18.113,18.071,18.022,17.97,17.919,17.869,17.819,17.769,17.718,17.668,17.622,17.578,17.537,17.499,17.46,17.416,17.359,17.284,17.198,17.113,17.038,16.975,16.93,16.911,16.962,17.06,17.1,17.094,17.042,16.984
18.182,18.172,18.178,18.185,18.192,18.201,18.22,18.266,18.359,18.485,18.573,18.579,18.525,18.495,18.526,18.577,18.617,18.644,18.659,18.667,18.671,18.665,18.65,18.639,18.627,18.604,18.576,18.546,18.515,18.485,18.453,18.415,18.37,18.32,18.269,18.225,18.192,18.171,18.161,18.157,18.155,18.152,18.143,18.126,18.098,18.057,18.011,17.969,17.93,17.887,17.843,17.8,17.751,17.701,17.651,17.604,17.562,17.523,17.487,17.454,17.419,17.37,17.293,17.192,17.092,17.02,16.985,17.06,17.232,17.168,17.084,17.041,17.039,17.075,17.141,17.212
18.161,18.154,18.163,18.172,18.181,18.194,18.223,18.285,18.393,18.511,18.558,18.515,18.446,18.44,18.509,18.585,18.637,18.667,18.679,18.679,18.665,18.646,18.63,18.621,18.614,18.595,18.564,18.526,18.492,18.46,18.422,18.367,18.296,18.222,18.163,18.128,18.112,18.11,18.117,18.127,18.135,18.134,18.121,18.096,18.051,17.981,17.903,17.833,17.776,17.729,17.686,17.646,17.607,17.568,17.534,17.509,17.483,17.459,17.437,17.412,17.368,17.278,17.166,17.104,17.121,17.375,17.462,17.35,17.284,17.235,17.164,17.091,17.043,17.031,17.05,17.077
18.139,18.135,18.147,18.158,18.168,18.186,18.222,18.293,18.398,18.49,18.5,18.431,18.369,18.413,18.534,18.627,18.672,18.687,18.691,18.692,18.677,18.642,18.615,18.603,18.598,18.58,18.542,18.502,18.471,18.433,18.362,18.26,18.159,18.088,18.054,18.044,18.049,18.062,18.08,18.104,18.129,18.136,18.118,18.08,18.001,17.884,17.77,17.682,17.616,17.565,17.525,17.488,17.451,17.417,17.391,17.386,17.398,17.402,17.389,17.349,17.27,17.197,17.184,17.355,17.574,17.502,17.52,17.512,17.475,17.412,17.325,17.222,17.122,17.054,17.04,17.074
18.117,18.113,18.128,18.139,18.15,18.167,18.205,18.271,18.367,18.449,18.435,18.349,18.317,18.424,18.573,18.653,18.675,18.673,18.669,18.672,18.662,18.626,18.591,18.582,18.588,18.567,18.522,18.485,18.446,18.368,18.249,18.132,18.047,18.001,17.987,17.995,18.018,18.047,18.072,18.097,18.129,18.14,18.117,18.048,17.9,17.719,17.581,17.499,17.444,17.403,17.378,17.36,17.346,17.336,17.333,17.342,17.363,17.372,17.352,17.297,17.239,17.279,17.671,17.555,17.603,17.573,17.576,17.593,17.597,17.576,17.519,17.424,17.302,17.184,17.104,17.081
18.094,18.088,18.102,18.109,18.117,18.128,18.159,18.228,18.34,18.422,18.382,18.285,18.29,18.435,18.583,18.651,18.663,18.651,18.642,18.639,18.625,18.591,18.569,18.579,18.586,18.55,18.499,18.454,18.379,18.257,18.126,18.02,17.954,17.933,17.938,17.961,17.997,18.042,18.08,18.109,18.134,18.138,18.097,17.966,17.743,17.536,17.417,17.355,17.315,17.29,17.281,17.283,17.289,17.3,17.319,17.352,17.38,17.376,17.344,17.297,17.315,17.687,17.613,17.625,17.583,17.584,17.61,17.641,17.672,17.692,17.678,17.614,17.501,17.362,17.238,17.17
18.07,18.057,18.065,18.066,18.067,18.077,18.113,18.196,18.326,18.405,18.339,18.235,18.258,18.413,18.564,18.638,18.652,18.637,18.621,18.607,18.59,18.574,18.577,18.59,18.569,18.512,18.456,18.386,18.269,18.129,18.001,17.915,17.896,17.909,17.939,17.976,18.018,18.058,18.09,18.113,18.133,18.126,18.028,17.807,17.563,17.406,17.328,17.28,17.248,17.234,17.239,17.256,17.274,17.293,17.327,17.381,17.406,17.41,17.39,17.396,17.716,17.629,17.663,17.635,17.61,17.621,17.644,17.677,17.724,17.773,17.8,17.78,17.697,17.557,17.399,17.28
18.047,18.018,18.023,18.023,18.023,18.033,18.071,18.166,18.31,18.388,18.306,18.19,18.205,18.354,18.515,18.612,18.64,18.63,18.614,18.601,18.592,18.589,18.589,18.572,18.521,18.457,18.384,18.272,18.126,17.978,17.875,17.862,17.886,17.92,17.967,18.013,18.05,18.079,18.104,18.132,18.139,18.059,17.85,17.595,17.42,17.337,17.285,17.244,17.216,17.211,17.23,17.258,17.279,17.304,17.353,17.415,17.438,17.443,17.412,17.398,17.723,17.788,17.746,17.725,17.699,17.686,17.691,17.707,17.748,17.806,17.866,17.897,17.867,17.756,17.578,17.406
18.027,17.986,17.989,17.987,17.984,17.991,18.03,18.132,18.288,18.374,18.29,18.155,18.134,18.257,18.427,18.555,18.615,18.623,18.614,18.607,18.598,18.586,18.563,18.519,18.456,18.376,18.263,18.116,17.958,17.839,17.829,17.859,17.885,17.928,17.997,18.055,18.094,18.12,18.135,18.122,18.032,17.833,17.583,17.404,17.328,17.286,17.25,17.216,17.192,17.2,17.234,17.265,17.288,17.325,17.391,17.453,17.466,17.44,17.35,17.237,17.209,17.349,17.429,17.561,17.735,17.781,17.794,17.767,17.758,17.779,17.841,17.91,17.951,17.918,17.769,17.558
18.006,17.958,17.959,17.956,17.95,17.953,17.987,18.089,18.255,18.363,18.294,18.142,18.063,18.13,18.288,18.443,18.547,18.587,18.591,18.583,18.569,18.545,18.505,18.444,18.36,18.244,18.098,17.94,17.814,17.796,17.823,17.838,17.862,17.945,18.033,18.082,18.104,18.104,18.067,17.967,17.781,17.549,17.371,17.299,17.282,17.269,17.247,17.211,17.186,17.206,17.251,17.286,17.318,17.364,17.428,17.484,17.498,17.489,17.445,17.385,17.361,17.386,17.422,17.448,17.464,17.504,17.712,17.788,17.815,17.797,17.813,17.863,17.93,17.974,17.909,17.73
17.982,17.934,17.935,17.93,17.921,17.92,17.945,18.035,18.203,18.343,18.316,18.164,18.026,18.004,18.107,18.258,18.397,18.486,18.521,18.523,18.505,18.468,18.408,18.321,18.205,18.063,17.912,17.794,17.761,17.785,17.795,17.788,17.842,17.944,18.017,18.039,18.028,17.98,17.877,17.708,17.498,17.32,17.236,17.222,17.238,17.26,17.252,17.208,17.181,17.211,17.262,17.298,17.341,17.403,17.466,17.518,17.542,17.554,17.557,17.547,17.532,17.517,17.512,17.513,17.516,17.504,17.49,17.503,17.699,17.809,17.86,17.879,17.916,17.961,17.941,17.847
17.963,17.917,17.918,17.912,17.9,17.893,17.907,17.975,18.129,18.299,18.336,18.222,18.055,17.936,17.935,18.025,18.151,18.267,18.339,18.364,18.349,18.301,18.221,18.113,17.985,17.859,17.767,17.733,17.746,17.756,17.735,17.73,17.79,17.876,17.922,17.916,17.867,17.772,17.627,17.448,17.287,17.202,17.18,17.169,17.178,17.214,17.232,17.196,17.177,17.224,17.288,17.324,17.357,17.408,17.453,17.485,17.516,17.543,17.562,17.578,17.589,17.589,17.579,17.569,17.566,17.567,17.573,17.575,17.561,17.606,17.746,17.841,17.918,17.941,17.901,17.84
17.946,17.907,17.909,17.902,17.887,17.875,17.878,17.919,18.038,18.218,18.325,18.286,18.147,17.979,17.864,17.843,17.889,17.966,18.035,18.07,18.066,18.024,17.953,17.868,17.79,17.74,17.719,17.71,17.711,17.701,17.668,17.653,17.694,17.751,17.77,17.739,17.666,17.554,17.418,17.293,17.223,17.196,17.172,17.13,17.094,17.133,17.177,17.161,17.153,17.216,17.288,17.319,17.328,17.35,17.381,17.406,17.425,17.443,17.458,17.477,17.507,17.547,17.587,17.615,17.628,17.633,17.639,17.649,17.658,17.66,17.636,17.64,17.781,17.831,17.782,17.729
17.944,17.906,17.909,17.901,17.884,17.867,17.861,17.879,17.951,18.104,18.259,18.308,18.244,18.107,17.951,17.827,17.774,17.765,17.777,17.793,17.795,17.779,17.751,17.724,17.711,17.706,17.694,17.674,17.661,17.642,17.599,17.567,17.578,17.604,17.601,17.56,17.49,17.405,17.329,17.291,17.284,17.337,17.349,17.177,17.067,17.083,17.109,17.104,17.114,17.198,17.297,17.359,17.383,17.392,17.406,17.426,17.443,17.467,17.472,17.463,17.458,17.461,17.474,17.493,17.517,17.549,17.585,17.623,17.663,17.701,17.725,17.723,17.691,17.646,17.622,17.6
17.941,17.912,17.917,17.908,17.889,17.868,17.852,17.857,17.892,17.987,18.143,18.26,18.287,18.216,18.102,17.968,17.848,17.763,17.712,17.691,17.685,17.681,17.678,17.678,17.68,17.68,17.667,17.642,17.617,17.59,17.544,17.495,17.477,17.476,17.46,17.424,17.384,17.355,17.345,17.341,17.377,17.464,17.393,17.229,17.112,17.109,17.107,17.132,17.173,17.236,17.307,17.333,17.345,17.397,17.489,17.543,17.486,17.43,17.383,17.349,17.342,17.359,17.395,17.434,17.46,17.464,17.46,17.467,17.487,17.517,17.55,17.577,17.584,17.574,17.565,17.538
17.944,17.925,17.932,17.924,17.904,17.879,17.851,17.842,17.863,17.911,18.015,18.152,18.25,18.265,18.194,18.093,17.981,17.885,17.796,17.715,17.662,17.643,17.642,17.644,17.646,17.647,17.645,17.629,17.596,17.557,17.509,17.454,17.417,17.401,17.384,17.365,17.357,17.361,17.356,17.332,17.322,17.353,17.338,17.212,17.133,17.149,17.17,17.256,17.338,17.365,17.394,17.453,17.54,17.583,17.495,17.373,17.249,17.122,17.047,17.026,17.039,17.074,17.128,17.217,17.333,17.411,17.417,17.404,17.416,17.433,17.436,17.429,17.427,17.436,17.477,17.698
17.962,17.949,17.952,17.944,17.926,17.899,17.86,17.829,17.834,17.879,17.932,18.029,18.15,18.24,18.237,18.166,18.076,17.982,17.895,17.803,17.703,17.634,17.613,17.61,17.612,17.616,17.621,17.621,17.604,17.562,17.509,17.454,17.412,17.394,17.388,17.387,17.39,17.389,17.382,17.377,17.389,17.377,17.267,17.133,17.117,17.206,17.281,17.324,17.377,17.459,17.567,17.638,17.604,17.463,17.27,17.067,16.927,16.877,16.909,16.978,17.046,17.095,17.121,17.117,17.086,17.075,17.136,17.279,17.432,17.478,17.438,17.408,17.488,17.707,17.752,17.72
17.984,17.969,17.97,17.964,17.949,17.926,17.888,17.846,17.821,17.834,17.897,17.948,18.032,18.15,18.221,18.201,18.131,18.052,17.97,17.877,17.771,17.669,17.608,17.586,17.583,17.588,17.596,17.602,17.606,17.593,17.545,17.487,17.447,17.431,17.43,17.431,17.427,17.417,17.411,17.416,17.407,17.343,17.23,17.133,17.154,17.265,17.346,17.419,17.541,17.627,17.651,17.618,17.471,17.234,16.967,16.811,16.847,16.99,17.115,17.201,17.262,17.309,17.349,17.383,17.394,17.35,17.274,17.232,17.245,17.334,17.71,17.903,17.757,17.661,17.696,17.758
17.998,17.983,17.984,17.979,17.969,17.951,17.923,17.88,17.838,17.8,17.843,17.92,17.952,18.036,18.142,18.191,18.164,18.097,18.018,17.927,17.824,17.725,17.643,17.589,17.563,17.563,17.575,17.584,17.588,17.595,17.583,17.533,17.486,17.469,17.465,17.46,17.445,17.432,17.439,17.459,17.457,17.406,17.301,17.17,17.141,17.244,17.377,17.508,17.538,17.545,17.607,17.502,17.231,16.909,16.749,16.858,17.066,17.172,17.203,17.23,17.266,17.303,17.337,17.381,17.435,17.484,17.486,17.418,17.314,17.271,17.423,17.655,17.883,17.87,17.742,17.791
18.007,17.991,17.991,17.988,17.98,17.968,17.947,17.905,17.841,17.78,17.799,17.898,17.922,17.952,18.037,18.123,18.151,18.123,18.05,17.959,17.856,17.759,17.68,17.617,17.571,17.55,17.556,17.571,17.574,17.573,17.584,17.57,17.523,17.497,17.489,17.477,17.461,17.457,17.481,17.522,17.546,17.528,17.427,17.241,17.167,17.302,17.418,17.432,17.4,17.531,17.539,17.291,16.92,16.692,16.825,17.068,17.189,17.16,17.181,17.231,17.277,17.315,17.348,17.376,17.392,17.421,17.493,17.539,17.492,17.398,17.314,17.324,17.487,17.614,17.792,17.704
18.006,17.994,17.993,17.989,17.982,17.971,17.952,17.908,17.836,17.799,17.801,17.881,17.916,17.915,17.949,18.035,18.08,18.094,18.061,17.984,17.889,17.79,17.702,17.631,17.585,17.564,17.562,17.565,17.567,17.56,17.565,17.582,17.56,17.526,17.51,17.493,17.479,17.485,17.522,17.574,17.617,17.619,17.517,17.301,17.18,17.342,17.349,17.311,17.402,17.546,17.349,16.996,16.692,16.746,17.024,17.174,17.174,17.134,17.181,17.221,17.249,17.274,17.3,17.332,17.368,17.395,17.406,17.472,17.545,17.539,17.447,17.342,17.28,17.282,17.496,17.295
18.002,17.993,17.991,17.985,17.976,17.964,17.943,17.893,17.839,17.879,17.881,17.881,17.92,17.907,17.894,17.958,18.004,18.014,18.018,17.973,17.898,17.809,17.72,17.637,17.586,17.58,17.584,17.568,17.556,17.548,17.542,17.566,17.576,17.553,17.532,17.511,17.498,17.509,17.554,17.615,17.667,17.656,17.513,17.298,17.221,17.387,17.3,17.319,17.551,17.425,17.103,16.77,16.678,16.909,17.098,17.195,17.171,17.13,17.167,17.188,17.205,17.219,17.238,17.266,17.301,17.342,17.383,17.407,17.469,17.55,17.551,17.469,17.369,17.31,17.308,17.297
18.003,17.989,17.985,17.977,17.965,17.95,17.925,17.874,17.856,17.966,17.99,17.91,17.93,17.909,17.862,17.887,17.942,17.944,17.935,17.915,17.862,17.789,17.706,17.627,17.583,17.587,17.583,17.554,17.539,17.534,17.528,17.548,17.581,17.582,17.566,17.542,17.524,17.531,17.574,17.64,17.683,17.607,17.425,17.317,17.362,17.295,17.292,17.586,17.516,17.242,16.964,16.74,16.79,16.976,17.14,17.222,17.183,17.119,17.139,17.152,17.159,17.164,17.178,17.204,17.239,17.277,17.316,17.359,17.397,17.473,17.554,17.55,17.466,17.384,17.355,17.356
18.003,17.982,17.977,17.967,17.953,17.934,17.905,17.862,17.895,18.051,18.06,17.956,17.942,17.908,17.843,17.823,17.877,17.897,17.864,17.844,17.795,17.733,17.659,17.602,17.586,17.586,17.556,17.525,17.515,17.509,17.509,17.53,17.566,17.583,17.58,17.566,17.551,17.556,17.602,17.669,17.657,17.509,17.352,17.296,17.35,17.353,17.597,17.633,17.405,17.209,17.159,17.022,16.857,17.018,17.191,17.256,17.207,17.117,17.114,17.122,17.123,17.124,17.138,17.17,17.212,17.25,17.281,17.314,17.353,17.401,17.5,17.566,17.534,17.451,17.403,17.381
18.001,17.97,17.965,17.955,17.938,17.917,17.885,17.863,17.947,18.103,18.069,17.983,17.943,17.891,17.821,17.773,17.803,17.843,17.813,17.783,17.729,17.668,17.618,17.598,17.594,17.564,17.519,17.488,17.472,17.465,17.471,17.501,17.541,17.57,17.585,17.59,17.59,17.606,17.653,17.677,17.584,17.433,17.344,17.386,17.425,17.627,17.772,17.556,17.407,17.444,17.671,17.334,16.914,17.082,17.265,17.319,17.246,17.135,17.095,17.099,17.097,17.098,17.116,17.157,17.21,17.251,17.275,17.295,17.323,17.361,17.432,17.542,17.566,17.504,17.442,17.393
17.997,17.956,17.95,17.939,17.922,17.898,17.869,17.876,17.995,18.094,18.041,17.977,17.925,17.865,17.797,17.739,17.74,17.775,17.765,17.728,17.685,17.637,17.621,17.616,17.584,17.528,17.482,17.457,17.45,17.458,17.482,17.518,17.554,17.585,17.611,17.628,17.641,17.663,17.679,17.637,17.523,17.387,17.351,17.514,17.678,17.824,17.691,17.493,17.298,17.187,17.259,17.049,17.006,17.216,17.395,17.425,17.322,17.182,17.089,17.083,17.081,17.083,17.102,17.151,17.213,17.259,17.282,17.299,17.321,17.35,17.396,17.497,17.566,17.537,17.472,17.399
17.987,17.94,17.932,17.92,17.902,17.878,17.858,17.894,18.021,18.041,18.006,17.958,17.904,17.847,17.778,17.711,17.693,17.721,17.727,17.689,17.672,17.651,17.647,17.618,17.553,17.491,17.458,17.449,17.447,17.449,17.452,17.453,17.462,17.489,17.54,17.598,17.644,17.666,17.644,17.553,17.426,17.361,17.496,17.688,17.778,17.71,17.587,17.5,17.404,17.316,17.257,17.253,17.341,17.489,17.602,17.583,17.444,17.264,17.11,17.072,17.072,17.075,17.092,17.139,17.207,17.259,17.286,17.31,17.338,17.364,17.394,17.464,17.56,17.554,17.487,17.395
17.967,17.919,17.911,17.899,17.879,17.858,17.848,17.907,18.019,17.993,17.988,17.951,17.9,17.846,17.763,17.684,17.664,17.691,17.704,17.676,17.673,17.671,17.653,17.591,17.514,17.462,17.441,17.432,17.428,17.429,17.425,17.407,17.382,17.376,17.41,17.485,17.571,17.611,17.57,17.464,17.387,17.498,17.771,17.845,17.825,17.793,17.78,17.781,17.789,17.796,17.8,17.825,17.855,17.881,17.878,17.791,17.612,17.388,17.173,17.072,17.065,17.073,17.087,17.126,17.193,17.252,17.287,17.319,17.357,17.39,17.411,17.455,17.549,17.553,17.48,17.381
17.94,17.898,17.891,17.878,17.857,17.835,17.837,17.91,18,17.965,17.981,17.955,17.911,17.852,17.751,17.664,17.646,17.671,17.69,17.679,17.675,17.673,17.632,17.551,17.483,17.443,17.429,17.435,17.452,17.46,17.442,17.392,17.354,17.32,17.315,17.37,17.462,17.522,17.493,17.43,17.498,17.791,18.011,18.044,18.095,18.143,18.137,18.12,18.127,18.159,18.194,18.214,18.215,18.186,18.12,17.999,17.809,17.561,17.286,17.097,17.061,17.074,17.089,17.118,17.177,17.24,17.283,17.319,17.362,17.4,17.426,17.461,17.536,17.536,17.452,17.365
17.92,17.88,17.875,17.86,17.836,17.812,17.821,17.9,17.98,17.952,17.977,17.967,17.93,17.861,17.747,17.654,17.635,17.666,17.691,17.687,17.676,17.654,17.59,17.513,17.466,17.437,17.438,17.462,17.485,17.498,17.444,17.415,17.399,17.338,17.284,17.296,17.366,17.433,17.447,17.501,17.743,18.056,18.114,18.143,18.2,18.244,18.271,18.287,18.288,18.285,18.284,18.282,18.27,18.245,18.203,18.124,17.982,17.758,17.45,17.168,17.064,17.071,17.094,17.114,17.161,17.225,17.274,17.311,17.35,17.388,17.42,17.456,17.507,17.497,17.415,17.361
17.913,17.87,17.864,17.847,17.818,17.79,17.799,17.876,17.958,17.949,17.972,17.98,17.951,17.881,17.768,17.67,17.644,17.681,17.707,17.692,17.662,17.619,17.548,17.488,17.455,17.438,17.452,17.486,17.553,17.555,17.495,17.476,17.439,17.351,17.264,17.256,17.312,17.394,17.488,17.675,17.979,18.101,18.075,18.099,18.135,18.163,18.189,18.209,18.219,18.22,18.216,18.21,18.202,18.191,18.175,18.147,18.08,17.931,17.652,17.3,17.09,17.062,17.094,17.113,17.144,17.199,17.253,17.294,17.33,17.363,17.393,17.429,17.461,17.445,17.39,17.372
17.909,17.862,17.856,17.838,17.804,17.77,17.771,17.836,17.923,17.954,17.973,17.995,17.99,17.94,17.836,17.724,17.675,17.7,17.724,17.696,17.645,17.589,17.523,17.474,17.45,17.443,17.468,17.545,17.646,17.608,17.532,17.51,17.496,17.415,17.313,17.285,17.342,17.453,17.623,17.877,18.059,18.047,18.06,18.105,18.138,18.156,18.168,18.176,18.184,18.192,18.201,18.207,18.207,18.196,18.174,18.143,18.108,18.04,17.851,17.494,17.167,17.059,17.082,17.11,17.126,17.162,17.211,17.254,17.29,17.32,17.349,17.386,17.41,17.402,17.377,17.38
17.884,17.853,17.85,17.833,17.795,17.753,17.739,17.783,17.86,17.935,17.982,18.023,18.047,18.029,17.947,17.824,17.732,17.717,17.735,17.712,17.651,17.587,17.523,17.474,17.451,17.452,17.504,17.652,17.742,17.693,17.581,17.539,17.564,17.534,17.437,17.399,17.462,17.598,17.803,17.988,18.017,18.019,18.075,18.13,18.155,18.16,18.154,18.145,18.142,18.148,18.167,18.195,18.221,18.233,18.219,18.176,18.125,18.082,17.99,17.719,17.319,17.088,17.065,17.1,17.117,17.131,17.157,17.189,17.219,17.25,17.292,17.345,17.373,17.377,17.375,17.384
17.896,17.851,17.849,17.833,17.794,17.744,17.712,17.729,17.775,17.83,17.895,17.956,18.014,18.058,18.046,17.959,17.84,17.763,17.749,17.743,17.697,17.629,17.561,17.505,17.477,17.492,17.586,17.733,17.799,17.75,17.631,17.54,17.558,17.645,17.651,17.587,17.637,17.779,17.92,17.958,17.949,18.003,18.085,18.147,18.158,18.141,18.112,18.083,18.06,18.052,18.067,18.11,18.174,18.234,18.263,18.234,18.155,18.086,18.043,17.907,17.544,17.186,17.065,17.079,17.11,17.121,17.124,17.134,17.144,17.158,17.197,17.265,17.317,17.341,17.359,17.368
17.921,17.86,17.856,17.841,17.802,17.747,17.7,17.692,17.717,17.745,17.782,17.833,17.899,17.981,18.051,18.064,17.989,17.879,17.801,17.776,17.757,17.709,17.644,17.583,17.554,17.578,17.672,17.779,17.822,17.785,17.704,17.602,17.514,17.561,17.725,17.814,17.82,17.877,17.902,17.871,17.904,17.97,18.061,18.146,18.164,18.136,18.097,18.059,18.024,17.991,17.969,17.993,18.072,18.173,18.26,18.291,18.217,18.1,18.041,18.001,17.793,17.384,17.126,17.062,17.087,17.12,17.125,17.123,17.121,17.118,17.12,17.144,17.186,17.222,17.247,17.257
17.979,17.882,17.872,17.858,17.822,17.765,17.708,17.685,17.709,17.707,17.712,17.728,17.766,17.839,17.94,18.036,18.079,18.03,17.934,17.846,17.799,17.774,17.735,17.685,17.646,17.655,17.716,17.791,17.826,17.822,17.812,17.776,17.677,17.545,17.52,17.683,17.84,17.869,17.819,17.815,17.864,17.917,17.994,18.094,18.178,18.182,18.15,18.127,18.103,18.043,17.96,17.924,17.981,18.092,18.206,18.299,18.288,18.149,18.04,18.013,17.967,17.673,17.299,17.105,17.055,17.092,17.125,17.136,17.136,17.135,17.133,17.135,17.147,17.166,17.186,17.198
18.019,17.906,17.894,17.883,17.853,17.799,17.736,17.695,17.725,17.726,17.724,17.709,17.686,17.691,17.761,17.877,17.994,18.066,18.063,18.002,17.909,17.829,17.786,17.757,17.725,17.704,17.726,17.772,17.811,17.843,17.876,17.9,17.881,17.781,17.624,17.518,17.572,17.675,17.719,17.773,17.823,17.857,17.911,17.986,18.08,18.182,18.222,18.218,18.207,18.131,18.001,17.898,17.913,18.028,18.156,18.275,18.316,18.215,18.066,18,18.01,17.955,17.611,17.281,17.092,17.05,17.078,17.122,17.147,17.158,17.166,17.175,17.184,17.194,17.2,17.19
17.967,17.92,17.916,17.912,17.89,17.844,17.783,17.726,17.734,17.828,17.869,17.845,17.762,17.659,17.626,17.679,17.783,17.895,18.001,18.07,18.078,18.013,17.892,17.785,17.758,17.751,17.742,17.75,17.772,17.811,17.856,17.894,17.914,17.909,17.85,17.713,17.577,17.531,17.566,17.65,17.734,17.787,17.827,17.878,17.941,18.018,18.107,18.173,18.181,18.116,17.994,17.871,17.853,17.971,18.116,18.248,18.314,18.258,18.11,18.013,17.982,18.062,17.99,17.628,17.312,17.12,17.034,17.042,17.084,17.122,17.141,17.149,17.152,17.147,17.128,17.091
17.926,17.919,17.929,17.938,17.929,17.897,17.85,17.813,17.874,18.038,18.09,18.064,17.985,17.817,17.652,17.583,17.609,17.662,17.75,17.887,18.033,18.138,18.154,18.029,17.805,17.715,17.713,17.723,17.732,17.75,17.781,17.813,17.833,17.846,17.854,17.839,17.765,17.649,17.56,17.543,17.589,17.657,17.716,17.765,17.812,17.861,17.911,17.955,17.977,17.958,17.888,17.809,17.8,17.919,18.074,18.214,18.292,18.268,18.144,18.051,17.972,18.013,18.185,18.047,17.762,17.475,17.206,17.057,17.003,17.016,17.051,17.067,17.068,17.064,17.056,17.035
17.925,17.914,17.936,17.962,17.968,17.956,17.933,17.937,18.043,18.198,18.199,18.159,18.131,18.028,17.814,17.638,17.583,17.564,17.564,17.628,17.775,17.967,18.14,18.235,18.154,17.927,17.767,17.691,17.666,17.665,17.677,17.694,17.711,17.726,17.743,17.764,17.781,17.76,17.684,17.596,17.547,17.551,17.586,17.631,17.676,17.717,17.752,17.779,17.791,17.785,17.76,17.732,17.753,17.876,18.028,18.166,18.252,18.25,18.159,18.08,18.002,17.948,18.123,18.189,18.214,18.101,17.756,17.441,17.186,17.012,16.967,16.983,17.011,17.022,17.004,16.967
17.933,17.907,17.942,17.983,18.007,18.015,18.021,18.06,18.174,18.256,18.205,18.14,18.097,18.037,17.912,17.745,17.655,17.616,17.565,17.534,17.583,17.73,17.927,18.115,18.238,18.194,18.036,17.893,17.778,17.701,17.66,17.641,17.637,17.639,17.647,17.664,17.689,17.72,17.728,17.691,17.627,17.574,17.549,17.55,17.568,17.594,17.621,17.645,17.662,17.67,17.67,17.674,17.717,17.833,17.975,18.102,18.187,18.206,18.154,18.084,18.027,17.958,18.058,18.207,18.188,18.386,18.373,18.15,17.879,17.547,17.212,16.954,16.839,16.785,16.767,16.733
17.934,17.9,17.947,18.001,18.042,18.067,18.093,18.147,18.227,18.238,18.166,18.092,18.015,17.946,17.89,17.824,17.769,17.731,17.664,17.575,17.532,17.577,17.725,17.926,18.114,18.239,18.169,18.065,17.966,17.874,17.799,17.743,17.702,17.667,17.642,17.635,17.645,17.666,17.694,17.709,17.695,17.659,17.62,17.589,17.57,17.563,17.566,17.574,17.587,17.601,17.618,17.642,17.689,17.779,17.903,18.018,18.097,18.138,18.125,18.07,18.027,17.975,18.026,18.268,18.228,18.248,18.205,18.238,18.263,18.317,18.091,17.584,17.297,17.157,17.153,17.2
17.933,17.892,17.95,18.017,18.068,18.105,18.138,18.181,18.217,18.197,18.139,18.083,18.023,17.974,17.95,17.948,17.937,17.895,17.802,17.677,17.579,17.53,17.58,17.743,17.953,18.173,18.244,18.124,18.069,18.024,17.986,17.94,17.878,17.806,17.746,17.714,17.702,17.693,17.686,17.689,17.694,17.69,17.678,17.662,17.644,17.626,17.61,17.599,17.592,17.593,17.602,17.622,17.659,17.722,17.813,17.91,17.993,18.057,18.076,18.038,18.006,17.98,18.01,18.272,18.326,18.253,18.19,18.194,18.056,17.781,17.402,17.289,17.275,17.354,17.363,17.487
17.932,17.886,17.954,18.029,18.088,18.129,18.158,18.181,18.19,18.174,18.143,18.123,18.119,18.12,18.123,18.123,18.103,18.048,17.942,17.791,17.676,17.587,17.567,17.642,17.806,18.03,18.239,18.14,18.101,18.077,18.06,18.032,17.982,17.915,17.853,17.805,17.763,17.727,17.7,17.689,17.691,17.695,17.696,17.697,17.701,17.703,17.699,17.69,17.677,17.664,17.656,17.656,17.667,17.698,17.753,17.826,17.903,17.976,18.018,17.997,17.974,17.97,17.998,18.248,18.394,18.302,18.22,18.173,17.894,16.59,16.285,16.529,16.779,17.007,17.109,17.461
17.942,17.891,17.964,18.042,18.104,18.147,18.171,18.178,18.172,18.164,18.162,18.175,18.2,18.226,18.239,18.227,18.19,18.128,18.035,17.89,17.758,17.665,17.629,17.661,17.731,17.896,18.123,18.136,18.067,18.018,17.969,17.937,17.913,17.88,17.84,17.802,17.771,17.748,17.73,17.724,17.73,17.743,17.756,17.764,17.77,17.777,17.784,17.788,17.786,17.779,17.768,17.755,17.744,17.741,17.756,17.791,17.845,17.913,17.963,17.955,17.944,17.956,17.989,18.233,18.398,18.317,18.178,18.148,17.326,14.996,15.724,16.335,16.788,17.095,17.338,16.904
17.963,17.911,17.981,18.057,18.119,18.163,18.188,18.189,18.17,18.152,18.155,18.188,18.242,18.283,18.294,18.271,18.223,18.159,18.084,17.973,17.812,17.726,17.686,17.703,17.736,17.81,18.011,18.145,18.033,17.959,17.879,17.834,17.812,17.805,17.797,17.788,17.777,17.769,17.763,17.76,17.755,17.747,17.737,17.729,17.723,17.722,17.726,17.734,17.745,17.757,17.769,17.778,17.783,17.782,17.783,17.791,17.819,17.872,17.918,17.92,17.922,17.946,17.984,18.209,18.354,18.288,18.198,17.975,16.786,14.702,15.508,16.304,16.84,17.208,16.859,15.857
17.986,17.947,18.006,18.075,18.133,18.177,18.207,18.217,18.2,18.166,18.148,18.169,18.262,18.339,18.34,18.298,18.238,18.177,18.108,18.012,17.86,17.771,17.731,17.728,17.777,17.787,17.926,18.153,18.054,17.964,17.888,17.832,17.79,17.785,17.793,17.79,17.775,17.751,17.719,17.681,17.643,17.607,17.577,17.554,17.542,17.54,17.545,17.553,17.561,17.572,17.596,17.635,17.682,17.724,17.754,17.776,17.805,17.848,17.884,17.892,17.907,17.942,17.986,18.173,18.27,18.259,18.005,16.959,15.675,14.887,15.294,16.091,16.479,16.479,15.838,14.782
17.99,17.985,18.031,18.09,18.143,18.187,18.221,18.243,18.249,18.235,18.21,18.183,18.274,18.362,18.354,18.296,18.234,18.185,18.121,18.021,17.893,17.802,17.765,17.753,17.821,17.795,17.855,18.109,18.099,18.009,17.966,17.904,17.833,17.795,17.785,17.766,17.737,17.708,17.671,17.628,17.58,17.529,17.477,17.43,17.397,17.38,17.374,17.375,17.379,17.39,17.416,17.467,17.541,17.621,17.685,17.726,17.765,17.809,17.849,17.865,17.893,17.942,18.001,18.155,18.254,18.269,18.209,17.545,16.693,15.036,15.344,15.896,15.914,15.545,14.787,14.074
17.99,18.009,18.045,18.096,18.144,18.187,18.224,18.253,18.268,18.262,18.243,18.259,18.323,18.353,18.323,18.268,18.223,18.191,18.127,18.019,17.906,17.823,17.785,17.798,17.858,17.799,17.844,18.082,18.128,18.052,18.046,17.99,17.89,17.805,17.776,17.767,17.758,17.736,17.67,17.635,17.601,17.547,17.476,17.408,17.37,17.355,17.351,17.355,17.369,17.388,17.417,17.46,17.52,17.587,17.658,17.729,17.767,17.79,17.825,17.833,17.885,17.953,18.023,18.175,18.251,18.212,18.341,17.844,15.841,14.698,15.562,15.904,15.773,15.238,14.604,14.246
17.985,18.013,18.045,18.091,18.136,18.178,18.217,18.248,18.258,18.244,18.241,18.291,18.336,18.32,18.272,18.229,18.211,18.19,18.119,18.003,17.898,17.832,17.809,17.851,17.865,17.814,17.885,18.088,18.166,18.084,18.094,18.067,17.961,17.843,17.8,17.814,17.787,17.735,17.734,17.758,17.73,17.646,17.532,17.437,17.407,17.406,17.412,17.423,17.441,17.455,17.505,17.542,17.58,17.612,17.635,17.66,17.716,17.817,17.814,17.779,17.889,17.98,18.064,18.22,18.295,18.309,18.356,17.128,13.674,14.597,15.336,15.422,15.171,14.732,14.297,13.991
17.974,18.003,18.033,18.077,18.122,18.164,18.204,18.235,18.25,18.25,18.258,18.285,18.301,18.281,18.241,18.209,18.202,18.18,18.098,17.976,17.873,17.834,17.847,17.867,17.859,17.888,17.956,18.083,18.161,18.113,18.109,18.114,18.036,17.909,17.843,17.846,17.807,17.811,17.882,17.909,17.851,17.721,17.56,17.452,17.429,17.429,17.41,17.354,17.256,17.276,17.444,17.549,17.633,17.683,17.732,17.785,17.883,17.894,17.61,17.778,18.016,18.078,18.16,18.315,18.333,18.424,18.19,16.663,13.317,13.834,14.237,14.263,14,13.645,13.321,13.101
17.952,17.984,18.017,18.06,18.105,18.148,18.188,18.222,18.252,18.282,18.308,18.317,18.305,18.273,18.23,18.2,18.186,18.157,18.065,17.937,17.848,17.847,17.856,17.86,17.939,18.004,18.039,18.091,18.126,18.133,18.115,18.129,18.084,17.962,17.875,17.864,17.841,17.895,17.977,17.976,17.919,17.746,17.531,17.375,17.296,17.236,17.101,16.845,16.675,16.918,17.198,17.399,17.662,17.67,17.642,17.646,17.533,17.432,17.413,18.019,18.23,18.226,18.29,18.351,18.414,18.655,18.08,16.714,13.232,13.058,13.189,13.173,13.049,12.82,12.646,12.588
17.929,17.965,17.999,18.044,18.089,18.132,18.172,18.211,18.25,18.291,18.321,18.322,18.3,18.261,18.214,18.177,18.152,18.116,18.012,17.885,17.851,17.856,17.84,17.947,18.066,18.089,18.091,18.094,18.112,18.143,18.123,18.131,18.104,17.993,17.895,17.876,17.869,17.943,17.998,17.938,17.91,17.7,17.353,16.975,16.688,16.603,16.522,16.291,16.344,16.839,17.142,17.28,17.416,17.477,17.474,17.431,17.299,17.081,17.421,18.124,18.302,18.331,18.327,18.355,18.498,18.949,17.678,15.903,13.055,12.994,12.712,12.483,0,0,0,0
17.916,17.951,17.983,18.027,18.071,18.115,18.157,18.198,18.239,18.272,18.289,18.29,18.273,18.235,18.185,18.136,18.103,18.057,17.936,17.844,17.864,17.826,17.91,18.081,18.125,18.108,18.09,18.072,18.105,18.154,18.132,18.13,18.105,18.003,17.905,17.889,17.902,17.98,17.961,17.839,17.802,17.516,16.903,16.166,15.83,15.983,16.189,16.115,16.272,16.999,17.488,17.649,17.686,17.663,17.627,17.566,17.377,16.995,17.683,18.132,18.161,18.14,18.332,18.4,17.489,16.758,15.836,15.55,0,0,0,0,0,0,0,0
17.91,17.941,17.967,18.008,18.053,18.096,18.139,18.181,18.218,18.242,18.256,18.263,18.248,18.208,18.152,18.09,18.046,17.979,17.853,17.842,17.83,17.843,18.037,18.136,18.11,18.068,18.043,18.037,18.088,18.149,18.135,18.124,18.095,17.995,17.906,17.904,17.946,18.001,17.825,17.736,17.578,17.043,16.299,15.642,15.75,15.927,16.092,16.108,16.277,17.179,17.642,17.716,17.753,17.702,17.57,17.468,17.38,17.626,17.982,17.673,17.542,17.925,17.883,16.936,15.749,15.482,0,0,0,0,0,0,0,0,0,0
17.908,17.931,17.95,17.988,18.032,18.075,18.118,18.159,18.192,18.212,18.228,18.232,18.211,18.165,18.1,18.027,17.974,17.885,17.8,17.82,17.798,17.939,18.108,18.123,18.045,17.993,17.981,18.001,18.06,18.126,18.132,18.111,18.068,17.96,17.9,17.942,18.015,17.989,17.675,17.613,17.234,16.38,15.672,15.769,16.061,16.139,16.306,16.251,16.487,17.202,17.362,17.398,17.545,17.593,17.587,17.617,17.734,17.933,17.829,17.134,16.6,16.945,16.672,15.455,15.149,0,0,0,0,0,0,0,0,0,0,0
17.91,17.924,17.933,17.968,18.01,18.052,18.095,18.134,18.164,18.186,18.202,18.191,18.145,18.078,17.999,17.941,17.886,17.785,17.773,17.774,17.842,18.015,18.121,18.069,17.981,17.947,17.938,17.964,18.022,18.081,18.098,18.064,17.993,17.916,17.925,18.004,18.029,17.802,17.53,17.426,16.828,15.887,15.629,16.063,16.019,16.024,16.295,16.433,16.685,16.901,16.777,16.884,17.196,17.398,17.476,17.516,17.571,17.67,17.76,17.491,16.62,15.769,15.266,14.683,0,0,0,0,0,0,0,0,0,0,0,0
17.9,17.911,17.916,17.948,17.988,18.029,18.069,18.107,18.138,18.166,18.167,18.107,18.024,17.949,17.889,17.853,17.772,17.703,17.714,17.783,17.903,18.045,18.106,18.023,17.974,17.94,17.917,17.929,17.965,17.998,18.001,17.968,17.93,17.934,17.995,18.046,17.969,17.633,17.398,17.191,16.393,15.612,15.88,16.195,16.053,15.826,16.053,16.52,16.543,16.239,15.705,15.668,16.018,16.417,16.624,16.692,16.793,16.983,17.234,17.28,16.967,16.382,15.546,14.148,0,0,0,0,0,0,0,0,0,0,0,0
