18.04,18.057,17.982,17.903,17.835,17.798,17.764,17.732,17.698,17.657,17.59,17.489,17.358,17.218,17.105,17.011,16.928,16.854,16.812,16.777,16.748,16.722,16.696,16.669,16.644,16.626,16.621,16.616,16.574,16.513,16.47,16.435,16.402,16.364,16.326,16.285,16.23,16.127,15.992,15.847,15.72,15.679,15.678,15.676,15.695,15.737,15.74,15.748,15.712,15.643,15.561,15.484,15.423,15.383,15.362,15.353,15.35,15.352,15.339,15.298,15.209,15.047,14.841,14.633,14.447,14.244,14.058,13.909,13.801,13.724,13.694,13.667,13.642,13.625,13.614,13.607
18.024,17.999,17.944,17.89,17.839,17.798,17.758,17.718,17.675,17.622,17.55,17.456,17.341,17.221,17.111,17.015,16.932,16.863,16.812,16.771,16.738,16.71,16.684,16.659,16.635,16.613,16.598,16.58,16.543,16.495,16.448,16.405,16.363,16.32,16.275,16.22,16.147,16.049,15.935,15.818,15.724,15.681,15.676,15.684,15.705,15.721,15.718,15.704,15.666,15.608,15.542,15.478,15.425,15.385,15.36,15.344,15.333,15.319,15.289,15.232,15.135,14.989,14.808,14.614,14.419,14.225,14.048,13.905,13.803,13.735,13.696,13.667,13.643,13.625,13.612,13.603
18.041,17.999,17.945,17.889,17.839,17.794,17.751,17.707,17.658,17.6,17.526,17.434,17.328,17.217,17.111,17.015,16.932,16.863,16.808,16.763,16.728,16.699,16.673,16.647,16.621,16.597,16.576,16.552,16.517,16.471,16.419,16.367,16.315,16.263,16.206,16.139,16.058,15.965,15.869,15.781,15.716,15.683,15.678,15.686,15.701,15.707,15.699,15.677,15.637,15.583,15.524,15.467,15.419,15.38,15.353,15.332,15.315,15.292,15.255,15.193,15.097,14.964,14.799,14.614,14.419,14.225,14.048,13.905,13.803,13.736,13.692,13.663,13.64,13.623,13.61,13.601
18.069,18.018,17.961,17.9,17.843,17.792,17.746,17.7,17.649,17.588,17.513,17.422,17.32,17.211,17.106,17.01,16.927,16.856,16.798,16.752,16.716,16.687,16.662,16.636,16.609,16.583,16.559,16.534,16.502,16.46,16.41,16.356,16.3,16.243,16.181,16.112,16.033,15.951,15.872,15.805,15.756,15.728,15.719,15.721,15.727,15.726,15.711,15.682,15.637,15.581,15.521,15.464,15.413,15.372,15.34,15.315,15.293,15.269,15.233,15.177,15.092,14.974,14.824,14.649,14.457,14.259,14.075,13.923,13.812,13.738,13.691,13.66,13.638,13.622,13.61,13.6
18.096,18.042,17.983,17.919,17.854,17.795,17.744,17.697,17.646,17.584,17.508,17.417,17.313,17.205,17.098,17,16.914,16.842,16.783,16.735,16.699,16.672,16.648,16.623,16.597,16.571,16.546,16.521,16.493,16.459,16.418,16.371,16.32,16.267,16.209,16.146,16.077,16.008,15.942,15.887,15.845,15.817,15.803,15.798,15.793,15.78,15.753,15.709,15.652,15.585,15.516,15.45,15.391,15.342,15.304,15.275,15.254,15.234,15.209,15.169,15.104,15.008,14.878,14.717,14.529,14.326,14.129,13.959,13.831,13.746,13.692,13.659,13.638,13.622,13.609,13.598
18.128,18.072,18.011,17.942,17.871,17.803,17.745,17.696,17.646,17.585,17.509,17.416,17.309,17.196,17.085,16.983,16.894,16.82,16.759,16.712,16.677,16.652,16.631,16.608,16.584,16.559,16.533,16.508,16.482,16.455,16.424,16.39,16.351,16.308,16.26,16.207,16.151,16.093,16.038,15.989,15.95,15.924,15.909,15.897,15.88,15.848,15.798,15.731,15.65,15.562,15.475,15.393,15.322,15.263,15.218,15.188,15.172,15.165,15.16,15.149,15.118,15.056,14.957,14.818,14.641,14.434,14.218,14.02,13.866,13.761,13.698,13.661,13.638,13.621,13.607,13.594
18.166,18.107,18.043,17.969,17.891,17.815,17.748,17.694,17.647,17.589,17.514,17.418,17.307,17.187,17.068,16.96,16.867,16.789,16.727,16.681,16.65,16.628,16.61,16.589,16.567,16.543,16.518,16.493,16.469,16.445,16.421,16.395,16.367,16.334,16.297,16.255,16.21,16.162,16.117,16.077,16.045,16.024,16.008,15.988,15.955,15.898,15.817,15.714,15.599,15.481,15.368,15.266,15.178,15.107,15.057,15.028,15.021,15.034,15.059,15.088,15.107,15.099,15.052,14.954,14.801,14.598,14.36,14.121,13.923,13.788,13.708,13.663,13.637,13.618,13.602,13.587
18.203,18.141,18.077,18.002,17.915,17.828,17.749,17.688,17.644,17.595,17.523,17.426,17.307,17.177,17.048,16.931,16.832,16.751,16.689,16.646,16.621,16.603,16.586,16.567,16.546,16.523,16.5,16.477,16.455,16.433,16.412,16.391,16.368,16.343,16.314,16.281,16.245,16.209,16.174,16.144,16.119,16.101,16.083,16.055,16.002,15.914,15.79,15.642,15.483,15.325,15.18,15.053,14.949,14.869,14.816,14.792,14.796,14.829,14.886,14.959,15.036,15.098,15.129,15.105,15.007,14.827,14.573,14.282,14.018,13.832,13.723,13.665,13.634,13.613,13.595,13.577
18.231,18.172,18.113,18.038,17.947,17.844,17.744,17.663,17.621,17.594,17.534,17.437,17.31,17.166,17.023,16.897,16.791,16.708,16.648,16.613,16.595,16.579,16.562,16.543,16.522,16.501,16.48,16.46,16.44,16.422,16.404,16.387,16.368,16.348,16.324,16.298,16.27,16.242,16.214,16.189,16.17,16.156,16.14,16.105,16.031,15.901,15.723,15.515,15.3,15.095,14.918,14.78,14.679,14.611,14.57,14.554,14.564,14.607,14.684,14.791,14.916,15.04,15.144,15.209,15.208,15.104,14.874,14.536,14.176,13.904,13.748,13.669,13.628,13.604,13.584,13.564
18.249,18.199,18.148,18.08,17.987,17.871,17.741,17.616,17.545,17.551,17.536,17.45,17.315,17.154,16.995,16.858,16.747,16.663,16.611,16.589,16.573,16.554,16.535,16.515,16.494,16.474,16.453,16.434,16.417,16.402,16.389,16.377,16.365,16.352,16.336,16.318,16.296,16.272,16.246,16.222,16.205,16.197,16.191,16.164,16.079,15.905,15.645,15.347,15.065,14.834,14.674,14.579,14.527,14.495,14.468,14.446,14.442,14.474,14.556,14.692,14.866,15.05,15.204,15.305,15.354,15.34,15.207,14.906,14.47,14.051,13.789,13.675,13.622,13.594,13.574,13.551
18.268,18.227,18.185,18.126,18.039,17.916,17.76,17.582,17.443,17.435,17.491,17.445,17.31,17.138,16.965,16.816,16.701,16.623,16.586,16.571,16.551,16.526,16.502,16.478,16.457,16.438,16.422,16.408,16.396,16.386,16.378,16.37,16.361,16.35,16.339,16.326,16.312,16.297,16.279,16.257,16.237,16.226,16.229,16.226,16.154,15.937,15.574,15.169,14.849,14.664,14.593,14.585,14.586,14.565,14.52,14.464,14.426,14.438,14.525,14.695,14.931,15.192,15.417,15.561,15.608,15.583,15.499,15.295,14.899,14.375,13.922,13.688,13.617,13.588,13.571,13.544
18.289,18.255,18.222,18.174,18.098,17.981,17.813,17.594,17.375,17.306,17.39,17.398,17.279,17.108,16.931,16.777,16.662,16.595,16.571,16.554,16.524,16.495,16.473,16.461,16.457,16.454,16.451,16.445,16.439,16.434,16.43,16.425,16.418,16.409,16.396,16.38,16.359,16.335,16.31,16.289,16.268,16.251,16.249,16.262,16.22,15.955,15.485,15.022,14.722,14.634,14.667,14.71,14.712,14.668,14.588,14.5,14.437,14.438,14.535,14.739,15.027,15.344,15.625,15.817,15.909,15.897,15.807,15.647,15.346,14.843,14.246,13.793,13.609,13.576,13.57,13.547
18.307,18.279,18.254,18.219,18.16,18.058,17.897,17.661,17.373,17.208,17.267,17.313,17.22,17.061,16.893,16.742,16.633,16.579,16.561,16.536,16.503,16.488,16.491,16.503,16.508,16.501,16.485,16.467,16.45,16.432,16.418,16.408,16.404,16.405,16.41,16.418,16.426,16.42,16.391,16.348,16.311,16.281,16.264,16.271,16.264,15.977,15.391,14.914,14.679,14.69,14.779,14.809,14.787,14.717,14.621,14.522,14.445,14.432,14.527,14.753,15.084,15.451,15.774,15.985,16.088,16.117,16.067,15.947,15.732,15.33,14.718,14.079,13.672,13.548,13.548,13.544
18.321,18.299,18.281,18.258,18.216,18.137,17.998,17.772,17.445,17.166,17.151,17.209,17.144,17.003,16.85,16.713,16.615,16.572,16.554,16.526,16.512,16.528,16.546,16.535,16.494,16.442,16.39,16.338,16.285,16.233,16.184,16.14,16.104,16.084,16.093,16.141,16.231,16.341,16.422,16.427,16.381,16.334,16.295,16.278,16.286,16.041,15.341,14.841,14.688,14.765,14.851,14.854,14.816,14.732,14.637,14.54,14.454,14.413,14.483,14.717,15.102,15.541,15.911,16.124,16.21,16.238,16.222,16.149,16.013,15.736,15.218,14.519,13.901,13.574,13.501,13.507
18.329,18.311,18.3,18.287,18.261,18.206,18.1,17.904,17.58,17.197,17.067,17.108,17.067,16.946,16.808,16.688,16.605,16.572,16.556,16.541,16.557,16.573,16.527,16.426,16.31,16.199,16.094,15.992,15.893,15.8,15.714,15.639,15.584,15.557,15.574,15.65,15.801,16.021,16.257,16.416,16.436,16.394,16.345,16.303,16.294,16.14,15.386,14.807,14.714,14.83,14.907,14.925,14.871,14.766,14.662,14.563,14.466,14.394,14.435,14.682,15.134,15.653,16.054,16.246,16.302,16.331,16.314,16.265,16.181,16.016,15.645,15.013,14.296,13.759,13.506,13.449
18.329,18.317,18.311,18.306,18.292,18.259,18.187,18.037,17.751,17.308,17.035,17.024,17.001,16.899,16.774,16.667,16.598,16.574,16.573,16.583,16.585,16.493,16.309,16.11,15.938,15.8,15.694,15.615,15.558,15.513,15.476,15.444,15.415,15.384,15.361,15.379,15.482,15.701,16.01,16.303,16.448,16.427,16.39,16.343,16.307,16.236,15.531,14.826,14.739,14.885,14.98,15.028,14.954,14.845,14.722,14.607,14.485,14.384,14.401,14.656,15.159,15.736,16.157,16.325,16.334,16.346,16.333,16.311,16.263,16.177,15.951,15.464,14.778,14.121,13.67,13.453
18.325,18.318,18.314,18.314,18.309,18.293,18.251,18.152,17.927,17.49,17.074,16.97,16.949,16.867,16.753,16.651,16.591,16.584,16.61,16.612,16.495,16.242,15.969,15.761,15.635,15.586,15.599,15.648,15.706,15.747,15.757,15.744,15.701,15.613,15.499,15.402,15.36,15.439,15.698,16.073,16.38,16.46,16.409,16.379,16.327,16.3,15.727,14.907,14.756,14.931,15.054,15.104,15.026,14.937,14.821,14.688,14.532,14.391,14.365,14.582,15.078,15.693,16.164,16.349,16.323,16.291,16.279,16.287,16.284,16.248,16.135,15.816,15.257,14.598,14.017,13.62
18.332,18.317,18.31,18.312,18.313,18.308,18.289,18.235,18.082,17.713,17.199,16.958,16.912,16.844,16.742,16.643,16.591,16.607,16.645,16.56,16.28,15.94,15.703,15.624,15.688,15.852,16.056,16.235,16.357,16.41,16.394,16.314,16.168,15.969,15.77,15.621,15.472,15.341,15.373,15.669,16.111,16.411,16.412,16.389,16.345,16.334,15.91,15.031,14.775,14.968,15.118,15.151,15.087,15.02,14.926,14.798,14.625,14.441,14.337,14.447,14.859,15.481,16.049,16.332,16.325,16.234,16.206,16.222,16.26,16.265,16.222,16.049,15.658,15.09,14.478,13.959
18.332,18.309,18.298,18.298,18.301,18.304,18.301,18.281,18.199,17.931,17.403,17.009,16.893,16.83,16.739,16.647,16.605,16.639,16.639,16.416,16.031,15.727,15.657,15.807,16.073,16.325,16.488,16.558,16.567,16.554,16.532,16.485,16.389,16.228,16.02,15.844,15.73,15.543,15.309,15.292,15.652,16.167,16.416,16.363,16.362,16.349,16.042,15.164,14.802,14.995,15.168,15.177,15.124,15.068,15,14.903,14.756,14.559,14.373,14.33,14.571,15.118,15.774,16.235,16.349,16.247,16.179,16.184,16.231,16.266,16.256,16.176,15.934,15.497,14.936,14.384
18.319,18.287,18.271,18.269,18.274,18.282,18.291,18.293,18.268,18.108,17.645,17.142,16.902,16.825,16.743,16.663,16.631,16.661,16.574,16.23,15.837,15.68,15.837,16.156,16.416,16.523,16.523,16.489,16.464,16.465,16.484,16.505,16.509,16.468,16.341,16.11,15.904,15.808,15.586,15.252,15.234,15.729,16.284,16.345,16.353,16.345,16.12,15.286,14.836,15.013,15.203,15.189,15.134,15.08,15.033,14.973,14.883,14.729,14.515,14.333,14.345,14.684,15.311,15.955,16.312,16.326,16.222,16.203,16.236,16.276,16.281,16.238,16.088,15.767,15.296,14.793
18.283,18.244,18.226,18.222,18.228,18.241,18.259,18.279,18.291,18.227,17.873,17.346,16.967,16.833,16.756,16.69,16.663,16.656,16.463,16.056,15.743,15.784,16.115,16.42,16.516,16.479,16.419,16.376,16.355,16.357,16.381,16.42,16.46,16.488,16.487,16.394,16.105,15.901,15.836,15.543,15.127,15.276,15.948,16.451,16.304,16.337,16.165,15.393,14.876,15.02,15.226,15.192,15.134,15.091,15.049,15.004,14.962,14.884,14.725,14.498,14.314,14.352,14.744,15.408,16.037,16.337,16.324,16.252,16.265,16.295,16.305,16.271,16.159,15.915,15.547,15.153
18.206,18.173,18.158,18.156,18.165,18.183,18.21,18.243,18.278,18.289,18.055,17.577,17.103,16.867,16.777,16.72,16.687,16.617,16.335,15.928,15.747,15.968,16.346,16.511,16.466,16.383,16.325,16.282,16.257,16.245,16.256,16.302,16.355,16.386,16.404,16.409,16.259,15.95,15.88,15.785,15.312,15.037,15.492,16.203,16.369,16.326,16.203,15.493,14.923,15.017,15.237,15.197,15.166,15.159,15.094,15.033,14.995,14.967,14.903,14.751,14.515,14.31,14.327,14.717,15.395,16.032,16.338,16.34,16.282,16.292,16.299,16.27,16.183,16.01,15.759,15.497
18.102,18.082,18.072,18.075,18.089,18.114,18.148,18.19,18.24,18.303,18.182,17.795,17.292,16.943,16.806,16.745,16.692,16.552,16.215,15.856,15.819,16.153,16.467,16.487,16.386,16.33,16.308,16.296,16.267,16.197,16.155,16.186,16.265,16.317,16.325,16.342,16.251,15.968,15.86,15.852,15.52,15.031,15.156,15.878,16.501,16.338,16.262,15.594,14.977,15.006,15.235,15.205,15.216,15.251,15.188,15.112,15.043,15.001,14.981,14.94,14.81,14.574,14.323,14.266,14.59,15.251,15.929,16.315,16.387,16.335,16.305,16.28,16.223,16.119,15.973,15.817
17.988,17.979,17.975,17.984,18.006,18.039,18.081,18.13,18.185,18.277,18.262,17.976,17.5,17.064,16.848,16.762,16.675,16.476,16.119,15.834,15.92,16.293,16.496,16.424,16.329,16.317,16.333,16.366,16.348,16.253,16.128,16.08,16.152,16.237,16.254,16.287,16.217,15.964,15.837,15.858,15.645,15.135,14.968,15.443,16.173,16.388,16.32,15.694,15.038,14.994,15.218,15.213,15.26,15.325,15.289,15.231,15.15,15.067,15.013,14.998,14.981,14.893,14.67,14.37,14.193,14.372,14.951,15.652,16.157,16.383,16.413,16.38,16.336,16.27,16.179,16.074
17.892,17.875,17.872,17.887,17.918,17.961,18.013,18.07,18.13,18.222,18.296,18.116,17.7,17.219,16.913,16.774,16.644,16.402,16.051,15.843,16.019,16.38,16.48,16.366,16.31,16.327,16.354,16.415,16.419,16.349,16.178,16.029,16.052,16.154,16.179,16.224,16.193,15.957,15.817,15.85,15.726,15.278,14.927,15.129,15.814,16.472,16.325,15.767,15.103,14.988,15.188,15.213,15.284,15.358,15.344,15.321,15.27,15.188,15.093,15.031,15.005,15.011,14.97,14.79,14.476,14.184,14.165,14.562,15.179,15.721,16.076,16.243,16.283,16.265,16.205,16.113
17.795,17.763,17.761,17.782,17.824,17.879,17.944,18.011,18.079,18.159,18.287,18.214,17.879,17.393,17.006,16.792,16.612,16.342,16.009,15.867,16.105,16.425,16.46,16.35,16.344,16.372,16.39,16.438,16.461,16.419,16.234,16.009,15.968,16.068,16.106,16.157,16.166,15.949,15.804,15.838,15.781,15.403,14.976,14.943,15.399,16.11,16.268,15.82,15.174,14.995,15.152,15.204,15.287,15.359,15.349,15.33,15.322,15.291,15.204,15.118,15.044,15.007,15.019,15.019,14.903,14.619,14.258,14.05,14.189,14.623,15.079,15.442,15.67,15.765,15.771,15.713
17.686,17.638,17.638,17.668,17.722,17.793,17.874,17.957,18.035,18.105,18.247,18.272,18.028,17.574,17.129,16.833,16.594,16.303,15.99,15.898,16.171,16.445,16.461,16.395,16.426,16.448,16.446,16.46,16.48,16.45,16.248,15.975,15.889,15.973,16.023,16.082,16.136,15.946,15.797,15.82,15.801,15.493,15.054,14.854,15.08,15.668,16.219,15.841,15.24,15.016,15.119,15.187,15.274,15.344,15.34,15.311,15.299,15.32,15.271,15.201,15.133,15.053,15.002,15.012,15.041,14.971,14.708,14.338,14.083,14.047,14.164,14.43,14.703,14.888,14.982,14.999
17.573,17.501,17.501,17.54,17.61,17.702,17.806,17.911,18.002,18.067,18.199,18.293,18.144,17.75,17.282,16.911,16.605,16.288,15.989,15.926,16.211,16.46,16.49,16.471,16.51,16.508,16.478,16.463,16.483,16.445,16.209,15.914,15.803,15.861,15.927,15.996,16.099,15.946,15.793,15.801,15.791,15.531,15.097,14.827,14.932,15.384,15.975,15.827,15.299,15.049,15.096,15.165,15.25,15.32,15.33,15.308,15.29,15.307,15.288,15.234,15.192,15.136,15.049,14.984,14.988,15.037,15.051,14.787,14.353,14.105,14.104,14.034,14.037,14.134,14.236,14.305
17.455,17.348,17.348,17.397,17.485,17.604,17.743,17.882,17.994,18.052,18.158,18.293,18.225,17.908,17.453,17.031,16.659,16.305,16.003,15.944,16.22,16.473,16.537,16.538,16.544,16.505,16.451,16.435,16.467,16.403,16.138,15.851,15.723,15.739,15.815,15.9,16.049,15.954,15.792,15.785,15.764,15.522,15.09,14.77,14.777,15.065,15.5,15.802,15.336,15.083,15.083,15.145,15.219,15.285,15.312,15.307,15.299,15.305,15.283,15.237,15.21,15.185,15.114,15.022,14.966,14.963,15.004,15.088,14.898,14.326,14.137,14.141,14.05,13.943,13.876,13.857
17.319,17.18,17.179,17.238,17.346,17.499,17.686,17.879,18.026,18.073,18.134,18.284,18.274,18.035,17.625,17.186,16.762,16.361,16.034,15.952,16.198,16.471,16.586,16.586,16.539,16.467,16.409,16.412,16.437,16.338,16.074,15.823,15.683,15.645,15.705,15.799,15.982,15.964,15.798,15.773,15.725,15.47,15.034,14.684,14.672,14.938,15.272,15.644,15.372,15.115,15.073,15.123,15.186,15.243,15.278,15.289,15.29,15.283,15.255,15.224,15.213,15.2,15.142,15.048,14.967,14.953,14.985,15.008,15.09,14.976,14.376,14.186,14.136,14.076,13.974,13.835
17.175,16.996,16.995,17.062,17.19,17.382,17.635,17.907,18.107,18.138,18.138,18.281,18.301,18.122,17.774,17.356,16.912,16.464,16.091,15.958,16.15,16.441,16.618,16.635,16.554,16.461,16.413,16.42,16.417,16.294,16.058,15.847,15.707,15.618,15.629,15.709,15.904,15.967,15.811,15.765,15.672,15.377,14.93,14.58,14.578,14.804,15.03,15.277,15.413,15.181,15.082,15.097,15.147,15.196,15.231,15.249,15.251,15.24,15.22,15.212,15.211,15.186,15.114,15.024,14.963,14.945,14.977,15.033,15.059,15.112,14.926,14.488,14.201,14.105,14.085,14.018
16.986,16.8,16.799,16.869,17.01,17.239,17.562,17.935,18.221,18.267,18.186,18.294,18.328,18.174,17.884,17.513,17.088,16.615,16.186,15.976,16.087,16.371,16.61,16.683,16.616,16.523,16.474,16.459,16.421,16.292,16.088,15.91,15.78,15.661,15.608,15.644,15.831,15.958,15.824,15.754,15.601,15.248,14.786,14.472,14.502,14.722,14.932,15.071,15.277,15.237,15.139,15.104,15.12,15.152,15.18,15.198,15.204,15.203,15.207,15.209,15.184,15.119,15.034,14.967,14.942,14.955,14.995,15.055,15.105,15.132,15.125,14.897,14.486,14.151,14.055,14.075
16.764,16.598,16.597,16.66,16.797,17.037,17.404,17.865,18.27,18.402,18.269,18.307,18.364,18.217,17.957,17.639,17.265,16.805,16.333,16.031,16.03,16.262,16.536,16.687,16.686,16.623,16.568,16.517,16.445,16.32,16.149,15.995,15.876,15.746,15.638,15.612,15.771,15.94,15.831,15.734,15.515,15.104,14.633,14.352,14.389,14.6,14.834,14.973,15.055,15.17,15.163,15.139,15.133,15.146,15.166,15.183,15.197,15.206,15.198,15.156,15.083,15.008,14.962,14.949,14.967,15.008,15.06,15.117,15.172,15.196,15.201,15.116,14.828,14.407,14.105,14.032
16.532,16.4,16.399,16.443,16.552,16.761,17.11,17.601,18.122,18.434,18.401,18.325,18.391,18.272,18.017,17.733,17.42,17.014,16.534,16.147,16.013,16.139,16.391,16.601,16.689,16.688,16.644,16.57,16.469,16.347,16.208,16.078,15.969,15.843,15.698,15.608,15.723,15.919,15.831,15.706,15.429,14.974,14.501,14.212,14.2,14.382,14.665,14.897,14.977,15.028,15.084,15.105,15.116,15.128,15.14,15.146,15.14,15.113,15.069,15.018,14.975,14.956,14.963,14.991,15.036,15.095,15.156,15.214,15.266,15.29,15.28,15.233,15.055,14.717,14.393,14.187
16.222,16.224,16.224,16.241,16.304,16.447,16.715,17.155,17.736,18.264,18.484,18.417,18.405,18.331,18.093,17.816,17.547,17.216,16.778,16.343,16.078,16.056,16.216,16.424,16.576,16.647,16.645,16.581,16.477,16.358,16.238,16.126,16.033,15.927,15.774,15.627,15.681,15.893,15.829,15.681,15.368,14.887,14.418,14.091,14.012,14.132,14.412,14.718,14.909,14.968,14.999,15.023,15.042,15.056,15.064,15.061,15.042,15.01,14.972,14.935,14.92,14.942,14.995,15.07,15.158,15.249,15.327,15.385,15.426,15.434,15.402,15.34,15.208,14.953,14.674,14.503
16.094,16.103,16.089,16.081,16.101,16.174,16.338,16.649,17.151,17.774,18.284,18.472,18.43,18.368,18.175,17.913,17.662,17.394,17.032,16.608,16.252,16.075,16.091,16.223,16.376,16.49,16.54,16.519,16.443,16.343,16.237,16.133,16.053,15.98,15.852,15.671,15.647,15.859,15.827,15.671,15.353,14.855,14.405,14.06,13.953,14.046,14.212,14.405,14.62,14.797,14.921,14.974,14.991,14.992,14.977,14.952,14.921,14.88,14.851,14.868,14.935,15.028,15.132,15.252,15.374,15.494,15.579,15.604,15.597,15.568,15.507,15.426,15.308,15.107,14.872,14.721
16.048,16.033,16.007,15.983,15.976,16,16.081,16.255,16.577,17.083,17.692,18.185,18.386,18.352,18.229,18.013,17.781,17.553,17.27,16.902,16.519,16.229,16.092,16.095,16.179,16.282,16.356,16.379,16.352,16.29,16.207,16.114,16.043,16,15.918,15.736,15.634,15.816,15.826,15.682,15.394,14.877,14.447,14.122,14.004,14.131,14.296,14.3,14.319,14.394,14.529,14.674,14.747,14.771,14.785,14.785,14.762,14.761,14.83,14.958,15.1,15.223,15.318,15.425,15.518,15.52,15.504,15.509,15.516,15.504,15.46,15.398,15.324,15.179,14.995,14.87
16.03,16.007,15.976,15.946,15.926,15.924,15.955,16.042,16.214,16.509,16.964,17.525,18.009,18.233,18.209,18.078,17.892,17.697,17.477,17.185,16.833,16.494,16.242,16.109,16.082,16.119,16.172,16.209,16.218,16.198,16.148,16.078,16.02,16,15.961,15.805,15.645,15.774,15.822,15.7,15.486,14.965,14.504,14.198,14.042,14.217,14.448,14.487,14.471,14.445,14.38,14.377,14.472,14.592,14.692,14.673,14.647,14.745,14.91,15.045,15.125,15.191,15.265,15.287,15.229,15.162,15.163,15.213,15.259,15.283,15.288,15.281,15.264,15.184,15.074,14.994
16.035,16.012,15.981,15.95,15.925,15.909,15.912,15.951,16.049,16.212,16.456,16.831,17.327,17.79,18.039,18.048,17.952,17.809,17.642,17.425,17.138,16.811,16.505,16.271,16.131,16.074,16.069,16.083,16.095,16.097,16.076,16.034,15.996,15.995,15.99,15.865,15.672,15.742,15.813,15.709,15.578,15.115,14.575,14.235,14.073,14.187,14.435,14.519,14.526,14.561,14.556,14.46,14.462,14.61,14.669,14.554,14.546,14.704,14.831,14.88,14.922,14.975,15.006,14.963,14.893,14.895,14.96,15.02,15.056,15.086,15.122,15.168,15.204,15.185,15.099,14.878
16.065,16.04,16.007,15.973,15.941,15.916,15.903,15.912,15.966,16.081,16.232,16.419,16.713,17.128,17.545,17.8,17.855,17.818,17.733,17.598,17.394,17.123,16.821,16.54,16.317,16.17,16.089,16.055,16.041,16.033,16.021,16,15.984,16,16.014,15.912,15.702,15.723,15.802,15.709,15.614,15.231,14.646,14.244,14.077,14.108,14.305,14.382,14.371,14.457,14.576,14.602,14.49,14.588,14.654,14.512,14.472,14.601,14.682,14.662,14.7,14.755,14.752,14.7,14.681,14.715,14.713,14.631,14.534,14.499,14.54,14.646,14.775,14.819,14.671,14.307
16.116,16.084,16.044,16.002,15.96,15.925,15.903,15.893,15.91,15.987,16.122,16.256,16.397,16.624,16.96,17.313,17.551,17.648,17.675,17.648,17.553,17.374,17.127,16.851,16.591,16.38,16.229,16.134,16.078,16.04,16.013,15.999,15.998,16.022,16.041,15.948,15.728,15.712,15.79,15.702,15.596,15.245,14.696,14.261,14.049,14.026,14.11,14.167,14.145,14.274,14.457,14.603,14.572,14.53,14.66,14.562,14.425,14.485,14.632,14.601,14.571,14.599,14.582,14.536,14.503,14.404,14.142,13.851,13.724,13.744,13.832,13.954,14.075,14.132,14.064,13.963
16.18,16.138,16.088,16.033,15.976,15.929,15.901,15.886,15.876,15.903,16.013,16.163,16.278,16.379,16.55,16.826,17.131,17.348,17.467,17.536,17.555,17.5,17.353,17.135,16.886,16.648,16.448,16.297,16.192,16.117,16.065,16.042,16.044,16.065,16.074,15.975,15.747,15.704,15.777,15.694,15.557,15.224,14.8,14.392,14.057,13.967,13.957,13.935,13.943,14.157,14.364,14.517,14.625,14.537,14.616,14.65,14.445,14.335,14.491,14.617,14.552,14.507,14.473,14.391,14.169,13.774,13.421,13.314,13.395,13.52,13.663,13.796,13.887,13.937,13.956,13.969
16.249,16.196,16.136,16.067,15.994,15.93,15.892,15.881,15.868,15.851,15.901,16.046,16.206,16.307,16.375,16.5,16.723,16.981,17.173,17.306,17.404,17.46,17.443,17.327,17.136,16.912,16.694,16.506,16.359,16.248,16.168,16.129,16.119,16.123,16.108,15.993,15.757,15.695,15.764,15.688,15.504,15.137,14.785,14.516,14.29,14.024,13.891,13.801,13.895,14.164,14.368,14.482,14.596,14.575,14.559,14.677,14.568,14.291,14.272,14.529,14.572,14.462,14.352,14.128,13.684,13.246,13.102,13.176,13.238,13.317,13.459,13.618,13.749,13.828,13.869,13.897
16.32,16.258,16.188,16.108,16.019,15.933,15.875,15.865,15.873,15.846,15.827,15.914,16.089,16.252,16.341,16.39,16.485,16.661,16.865,17.029,17.169,17.287,17.376,17.384,17.287,17.117,16.915,16.717,16.547,16.41,16.306,16.242,16.208,16.182,16.136,15.996,15.754,15.69,15.758,15.679,15.483,15.026,14.603,14.345,14.32,14.198,13.986,13.857,14.034,14.29,14.416,14.481,14.571,14.586,14.531,14.639,14.681,14.447,14.178,14.303,14.542,14.41,14.191,13.843,13.364,13.09,13.119,13.123,13.051,13.068,13.145,13.251,13.37,13.466,13.516,13.53
16.396,16.324,16.243,16.155,16.056,15.949,15.861,15.831,15.861,15.868,15.814,15.817,15.949,16.142,16.297,16.376,16.423,16.506,16.639,16.789,16.93,17.069,17.201,17.309,17.318,17.228,17.073,16.894,16.721,16.57,16.442,16.348,16.283,16.227,16.143,15.971,15.731,15.683,15.738,15.693,15.464,15.057,14.571,14.167,14.098,14.132,14.004,14.03,14.259,14.416,14.435,14.47,14.556,14.579,14.516,14.565,14.694,14.64,14.344,14.11,14.436,14.326,14.023,13.632,13.23,13.07,13.018,12.892,12.892,12.95,13.011,13.052,13.073,13.102,13.122,13.104
16.475,16.388,16.299,16.207,16.104,15.986,15.868,15.795,15.817,15.876,15.844,15.78,15.832,16,16.195,16.337,16.41,16.465,16.541,16.64,16.753,16.879,17.014,17.154,17.253,17.242,17.147,17.003,16.843,16.684,16.535,16.415,16.322,16.233,16.114,15.912,15.689,15.689,15.757,15.651,15.466,15.094,14.458,14.041,13.979,14.005,14.03,14.21,14.419,14.463,14.406,14.449,14.544,14.554,14.494,14.488,14.608,14.706,14.572,14.099,14.284,14.222,13.88,13.502,13.167,12.941,12.665,12.539,12.601,12.68,12.813,12.982,13.087,13.054,12.984,12.936
16.546,16.445,16.349,16.257,16.157,16.04,15.907,15.788,15.76,15.844,15.878,15.795,15.766,15.869,16.054,16.237,16.36,16.429,16.491,16.562,16.647,16.749,16.867,17.003,17.143,17.186,17.14,17.03,16.883,16.722,16.563,16.421,16.308,16.197,16.033,15.797,15.645,15.703,15.734,15.62,15.527,14.817,14.088,13.912,13.953,14.025,14.18,14.383,14.5,14.457,14.377,14.42,14.524,14.513,14.464,14.456,14.503,14.666,14.692,14.172,14.147,14.12,13.772,13.417,13.094,12.759,12.555,12.58,12.513,12.606,12.637,12.705,12.885,13.042,13.08,13.041
16.598,16.484,16.384,16.296,16.205,16.099,15.969,15.822,15.726,15.781,15.886,15.837,15.752,15.778,15.914,16.1,16.261,16.36,16.426,16.493,16.571,16.661,16.768,16.895,17.034,17.097,17.07,16.978,16.839,16.68,16.519,16.369,16.247,16.087,15.859,15.662,15.657,15.761,15.773,15.609,14.884,14.051,13.888,13.959,14.083,14.251,14.427,14.533,14.515,14.447,14.383,14.373,14.481,14.46,14.41,14.43,14.464,14.603,14.717,14.224,14.05,14.029,13.696,13.352,13.02,12.751,13.089,13.206,12.687,12.53,12.577,12.561,12.598,12.687,12.868,12.986
16.611,16.497,16.398,16.316,16.237,16.146,16.032,15.884,15.734,15.716,15.855,15.88,15.775,15.735,15.803,15.957,16.136,16.273,16.36,16.432,16.509,16.596,16.698,16.821,16.938,16.983,16.951,16.862,16.731,16.58,16.419,16.261,16.094,15.878,15.706,15.705,15.828,15.846,15.588,14.835,14.117,13.894,13.903,14.077,14.328,14.532,14.616,14.567,14.475,14.445,14.429,14.354,14.386,14.378,14.335,14.371,14.452,14.572,14.706,14.239,13.986,13.951,13.646,13.309,12.976,12.774,13.245,13.427,13.233,12.745,12.594,12.608,12.601,12.526,12.493,12.604
16.575,16.475,16.386,16.314,16.247,16.172,16.077,15.944,15.772,15.677,15.797,15.901,15.82,15.734,15.734,15.825,15.989,16.16,16.284,16.372,16.453,16.544,16.649,16.754,16.828,16.843,16.799,16.711,16.584,16.426,16.25,16.067,15.88,15.744,15.745,15.811,15.759,15.496,14.999,14.331,13.947,13.771,13.939,14.266,14.54,14.64,14.581,14.487,14.439,14.439,14.462,14.425,14.323,14.258,14.258,14.345,14.466,14.582,14.697,14.23,13.941,13.88,13.615,13.291,12.962,12.785,13.013,13.165,13.379,13.105,12.748,12.572,12.572,12.676,12.635,12.437
16.493,16.422,16.351,16.293,16.237,16.176,16.098,15.984,15.813,15.665,15.737,15.894,15.867,15.763,15.714,15.732,15.83,16,16.172,16.306,16.412,16.504,16.589,16.658,16.692,16.679,16.62,16.518,16.373,16.198,16.02,15.863,15.76,15.741,15.75,15.668,15.455,15.156,14.779,14.234,13.684,13.75,14.153,14.433,14.55,14.521,14.458,14.424,14.414,14.422,14.441,14.45,14.408,14.338,14.337,14.439,14.548,14.632,14.701,14.194,13.906,13.813,13.591,13.293,12.972,12.846,12.95,13.057,13.207,13.237,12.954,12.704,12.554,12.563,12.661,12.69
16.395,16.351,16.303,16.257,16.212,16.162,16.097,15.999,15.839,15.663,15.69,15.864,15.906,15.807,15.73,15.705,15.715,15.804,15.958,16.12,16.259,16.368,16.444,16.487,16.491,16.452,16.37,16.247,16.096,15.948,15.831,15.756,15.727,15.714,15.663,15.563,15.459,15.32,14.94,14.319,13.847,13.893,14.288,14.413,14.428,14.398,14.377,14.37,14.377,14.392,14.408,14.42,14.428,14.464,14.503,14.593,14.66,14.711,14.681,14.114,13.868,13.748,13.559,13.3,13.008,12.885,12.972,13.065,13.118,13.189,13.002,12.764,12.638,12.66,12.712,12.792
16.314,16.283,16.247,16.212,16.175,16.134,16.079,15.994,15.845,15.661,15.656,15.827,15.933,15.867,15.758,15.723,15.701,15.694,15.758,15.873,15.997,16.107,16.181,16.212,16.2,16.146,16.059,15.954,15.86,15.795,15.756,15.739,15.735,15.728,15.715,15.709,15.678,15.549,15.278,14.785,14.095,13.891,14.252,14.347,14.329,14.313,14.313,14.328,14.356,14.384,14.411,14.437,14.497,14.579,14.611,14.704,14.766,14.759,14.548,13.996,13.821,13.684,13.508,13.298,13.029,12.932,13.039,13.035,12.974,12.961,12.862,12.733,12.726,12.785,12.826,12.819
16.233,16.214,16.188,16.161,16.132,16.097,16.051,15.976,15.842,15.66,15.631,15.784,15.944,15.956,15.81,15.727,15.729,15.703,15.685,15.717,15.78,15.849,15.902,15.923,15.907,15.864,15.814,15.778,15.763,15.76,15.764,15.772,15.778,15.768,15.723,15.619,15.492,15.427,15.542,15.245,14.341,13.952,14.236,14.293,14.248,14.257,14.271,14.311,14.364,14.415,14.463,14.512,14.562,14.605,14.682,14.769,14.782,14.65,14.301,13.878,13.766,13.622,13.445,13.262,13.002,13.045,13.063,12.929,12.865,12.828,12.806,12.828,12.855,12.891,12.75,12.529
16.154,16.145,16.129,16.108,16.084,16.055,16.016,15.952,15.837,15.67,15.613,15.727,15.918,16.051,15.942,15.745,15.712,15.732,15.704,15.682,15.688,15.708,15.727,15.733,15.726,15.719,15.727,15.748,15.77,15.79,15.803,15.808,15.795,15.747,15.658,15.537,15.453,15.287,15.396,15.45,14.663,14.061,14.198,14.235,14.191,14.205,14.232,14.296,14.361,14.417,14.453,14.47,14.496,14.56,14.64,14.676,14.603,14.378,14.035,13.78,13.686,13.531,13.352,13.178,13.092,13.093,12.982,13.004,13.066,13.073,13.056,13.04,12.995,12.848,12.496,12.262
16.084,16.082,16.071,16.055,16.036,16.012,15.978,15.926,15.836,15.697,15.61,15.659,15.828,16.057,16.129,15.896,15.699,15.708,15.728,15.705,15.68,15.667,15.663,15.668,15.685,15.716,15.754,15.79,15.816,15.832,15.838,15.832,15.815,15.762,15.665,15.474,15.356,15.276,15.22,15.444,14.91,14.104,14.153,14.185,14.126,14.142,14.178,14.221,14.25,14.273,14.287,14.302,14.335,14.384,14.42,14.396,14.283,14.078,13.855,13.715,13.608,13.45,13.297,13.172,13.13,13.052,13.201,13.367,13.425,13.407,13.328,13.198,13.025,12.733,12.3,12.199
16.027,16.026,16.017,16.005,15.988,15.967,15.939,15.898,15.835,15.738,15.638,15.61,15.689,15.912,16.168,16.182,15.869,15.691,15.692,15.713,15.695,15.678,15.686,15.705,15.734,15.773,15.811,15.84,15.857,15.866,15.868,15.857,15.831,15.736,15.556,15.338,15.215,15.206,15.198,15.389,14.983,14.12,14.114,14.123,14.053,14.063,14.065,14.051,14.026,14.007,14,14.012,14.041,14.075,14.088,14.059,13.987,13.889,13.793,13.702,13.582,13.427,13.279,13.163,13.133,13.396,13.58,13.568,13.486,13.489,13.428,13.238,12.815,12.402,12,11.873
15.982,15.977,15.969,15.956,15.941,15.922,15.897,15.864,15.82,15.764,15.691,15.623,15.588,15.689,15.968,16.245,16.246,15.89,15.678,15.699,15.739,15.762,15.765,15.779,15.804,15.832,15.858,15.877,15.887,15.882,15.871,15.854,15.778,15.561,15.27,15.12,15.142,15.225,15.246,15.41,15.016,14.161,14.069,14.058,13.97,13.956,13.919,13.866,13.812,13.775,13.753,13.747,13.758,13.787,13.815,13.826,13.817,13.79,13.736,13.638,13.496,13.339,13.22,13.223,13.503,13.639,13.617,13.438,13.29,13.388,13.203,12.727,12.446,12.067,11.808,11.748
15.943,15.934,15.923,15.91,15.895,15.876,15.852,15.823,15.786,15.746,15.716,15.676,15.591,15.522,15.655,15.908,16.09,16.079,15.927,15.761,15.682,15.745,15.786,15.797,15.817,15.842,15.857,15.852,15.828,15.796,15.784,15.797,15.65,15.261,15.041,15.079,15.214,15.254,15.197,15.525,15.164,14.264,14.023,14.001,13.872,13.827,13.772,13.712,13.674,13.673,13.674,13.656,13.628,13.615,13.626,13.639,13.639,13.615,13.546,13.432,13.311,13.246,13.299,13.541,13.652,13.557,13.466,13.25,13.123,13.202,12.795,12.464,12.247,12.065,11.984,11.885
15.906,15.893,15.88,15.866,15.849,15.829,15.804,15.774,15.736,15.69,15.665,15.672,15.65,15.479,15.355,15.44,15.544,15.576,15.619,15.736,15.765,15.739,15.725,15.754,15.769,15.768,15.755,15.751,15.716,15.719,15.691,15.771,15.518,15.055,15.042,15.104,15.097,14.835,14.605,15.098,15.229,14.254,13.982,13.905,13.729,13.638,13.53,13.463,13.486,13.572,13.644,13.671,13.648,13.604,13.568,13.526,13.491,13.449,13.378,13.311,13.312,13.41,13.599,13.603,13.458,13.327,13.302,13.081,12.96,13.021,12.75,12.652,0,0,0,0
15.868,15.853,15.838,15.821,15.803,15.78,15.753,15.719,15.675,15.618,15.572,15.575,15.635,15.556,15.193,15.11,15.369,15.373,15.429,15.463,15.613,15.73,15.727,15.729,15.738,15.741,15.734,15.729,15.723,15.723,15.803,15.763,15.199,14.991,15.044,14.77,14.204,14.064,13.895,14.14,14.863,14.115,13.956,13.798,13.552,13.383,13.227,13.194,13.325,13.505,13.616,13.661,13.649,13.616,13.641,13.65,13.579,13.497,13.432,13.438,13.469,13.499,13.451,13.171,13.165,13.155,13.194,12.967,0,0,0,0,0,0,0,0
15.827,15.812,15.796,15.778,15.757,15.732,15.701,15.661,15.609,15.54,15.469,15.444,15.521,15.569,15.118,14.855,15.205,15.429,15.502,15.54,15.468,15.539,15.65,15.715,15.732,15.724,15.713,15.725,15.809,15.823,15.652,15.379,14.92,15.001,14.69,14.029,13.683,13.544,13.63,13.785,14.351,14.013,13.957,13.707,13.413,13.18,13.015,13.069,13.374,13.687,13.844,13.898,13.865,13.718,13.629,13.58,13.568,13.546,13.546,13.494,13.357,13.141,13.127,13.147,13.135,13.11,0,0,0,0,0,0,0,0,0,0
15.786,15.771,15.754,15.735,15.712,15.684,15.65,15.605,15.546,15.466,15.373,15.325,15.382,15.38,14.916,14.741,15.012,15.239,15.353,15.558,15.589,15.528,15.554,15.628,15.687,15.712,15.708,15.704,15.796,15.885,15.653,15.156,14.953,14.774,14.032,13.547,13.655,13.595,13.609,13.806,14.059,13.972,13.913,13.661,13.35,13.077,12.924,13.095,13.532,13.793,13.865,13.979,14.033,14.038,14.045,14.065,13.746,13.36,13.577,13.491,13.295,13.22,13.216,13.246,13.158,0,0,0,0,0,0,0,0,0,0,0
15.745,15.731,15.714,15.693,15.669,15.639,15.601,15.552,15.49,15.406,15.3,15.239,15.245,15.092,14.66,14.617,14.659,14.743,14.964,15.32,15.552,15.55,15.596,15.651,15.682,15.694,15.697,15.679,15.729,15.858,15.743,15.229,14.803,14.109,13.58,13.65,13.577,13.592,13.685,13.826,13.936,13.916,13.799,13.583,13.298,13.035,13.006,13.409,13.77,13.723,13.665,13.943,14.086,14.083,14.064,14.08,14.024,13.775,13.652,13.531,13.424,13.406,13.431,13.288,0,0,0,0,0,0,0,0,0,0,0,0
15.708,15.694,15.676,15.654,15.629,15.596,15.555,15.503,15.438,15.354,15.248,15.183,15.153,14.972,14.606,14.543,14.433,14.362,14.466,14.834,15.324,15.346,15.344,15.376,15.423,15.485,15.587,15.644,15.679,15.804,15.791,15.247,14.422,13.686,13.642,13.687,13.659,13.702,13.76,13.83,13.846,13.76,13.589,13.405,13.214,13.131,13.352,13.79,13.856,13.459,13.365,13.76,14.187,14.256,14.186,14.103,13.983,13.861,13.727,13.606,13.476,13.42,13.405,13.245,0,0,0,0,0,0,0,0,0,0,0,0
