19.676,19.692,19.69,19.677,19.653,19.623,19.593,19.565,19.539,19.485,19.425,19.39,19.354,19.394,19.454,19.531,19.628,19.73,19.84,19.922,19.971,19.991,19.994,19.993,19.984,19.966,19.94,19.911,19.877,19.835,19.784,19.723,19.655,19.596,19.535,19.475,19.419,19.37,19.328,19.287,19.25,19.214,19.176,19.139,19.1,19.06,19.022,18.983,18.944,18.904,18.87,18.84,18.812,18.782,18.747,18.708,18.674,18.645,18.632,18.615,18.6,18.585,18.563,18.551,18.538,18.526,18.511,18.496,18.488,18.487,18.499,18.499,18.505,18.516,18.521,18.508
19.66,19.694,19.694,19.681,19.659,19.633,19.604,19.575,19.547,19.518,19.492,19.476,19.472,19.487,19.518,19.568,19.635,19.712,19.795,19.868,19.923,19.958,19.975,19.979,19.973,19.957,19.934,19.905,19.87,19.829,19.779,19.722,19.659,19.598,19.538,19.479,19.424,19.375,19.331,19.291,19.253,19.216,19.179,19.142,19.104,19.065,19.027,18.988,18.951,18.915,18.88,18.846,18.813,18.778,18.743,18.708,18.678,18.652,18.633,18.616,18.599,18.583,18.565,18.548,18.533,18.52,18.511,18.506,18.503,18.504,18.506,18.507,18.51,18.513,18.512,18.503
19.68,19.7,19.7,19.689,19.669,19.642,19.612,19.58,19.548,19.518,19.493,19.476,19.472,19.483,19.508,19.548,19.604,19.672,19.749,19.823,19.887,19.933,19.96,19.97,19.967,19.952,19.929,19.9,19.865,19.823,19.775,19.719,19.66,19.599,19.538,19.48,19.426,19.377,19.332,19.291,19.253,19.217,19.181,19.144,19.106,19.067,19.028,18.99,18.952,18.915,18.877,18.839,18.801,18.764,18.728,18.697,18.672,18.653,18.637,18.622,18.605,18.585,18.562,18.539,18.52,18.505,18.498,18.496,18.499,18.504,18.507,18.508,18.507,18.507,18.505,18.497
19.692,19.703,19.703,19.695,19.678,19.653,19.621,19.586,19.55,19.516,19.486,19.464,19.454,19.459,19.478,19.51,19.558,19.62,19.695,19.775,19.85,19.909,19.947,19.964,19.964,19.95,19.927,19.898,19.862,19.82,19.772,19.719,19.66,19.599,19.539,19.481,19.426,19.377,19.332,19.291,19.253,19.217,19.18,19.143,19.105,19.066,19.028,18.989,18.949,18.909,18.868,18.825,18.782,18.743,18.71,18.686,18.671,18.662,18.654,18.643,18.623,18.595,18.562,18.528,18.499,18.479,18.472,18.475,18.486,18.498,18.506,18.508,18.506,18.502,18.499,18.493
19.692,19.698,19.7,19.697,19.685,19.663,19.632,19.594,19.555,19.516,19.48,19.451,19.436,19.435,19.447,19.47,19.508,19.561,19.632,19.716,19.804,19.88,19.934,19.96,19.964,19.953,19.93,19.9,19.864,19.823,19.775,19.722,19.665,19.605,19.544,19.485,19.43,19.379,19.334,19.292,19.253,19.216,19.18,19.143,19.105,19.066,19.027,18.988,18.946,18.902,18.855,18.806,18.759,18.721,18.695,18.685,18.687,18.695,18.698,18.689,18.664,18.622,18.57,18.517,18.471,18.44,18.429,18.436,18.457,18.484,18.505,18.515,18.512,18.503,18.495,18.489
19.684,19.688,19.691,19.691,19.686,19.67,19.641,19.603,19.561,19.519,19.477,19.441,19.421,19.416,19.421,19.435,19.462,19.504,19.564,19.645,19.742,19.84,19.916,19.957,19.968,19.958,19.936,19.907,19.871,19.83,19.784,19.732,19.676,19.617,19.556,19.496,19.439,19.387,19.339,19.297,19.257,19.219,19.182,19.145,19.108,19.07,19.031,18.99,18.945,18.896,18.841,18.785,18.736,18.703,18.693,18.707,18.735,18.764,18.781,18.773,18.736,18.672,18.591,18.508,18.436,18.387,18.365,18.371,18.402,18.449,18.494,18.524,18.529,18.517,18.5,18.488
19.671,19.674,19.678,19.679,19.677,19.668,19.646,19.61,19.567,19.522,19.477,19.431,19.409,19.402,19.401,19.408,19.426,19.455,19.5,19.566,19.66,19.78,19.888,19.952,19.973,19.966,19.945,19.915,19.88,19.84,19.796,19.747,19.694,19.636,19.576,19.515,19.456,19.401,19.351,19.306,19.265,19.226,19.189,19.152,19.115,19.077,19.038,18.996,18.947,18.89,18.826,18.763,18.714,18.696,18.713,18.76,18.819,18.87,18.898,18.889,18.837,18.743,18.624,18.501,18.395,18.32,18.281,18.279,18.311,18.372,18.449,18.517,18.551,18.546,18.519,18.496
19.654,19.658,19.662,19.664,19.663,19.656,19.641,19.611,19.569,19.523,19.475,19.42,19.399,19.392,19.387,19.388,19.4,19.419,19.453,19.495,19.562,19.687,19.838,19.938,19.976,19.973,19.953,19.923,19.889,19.851,19.81,19.764,19.715,19.661,19.602,19.542,19.481,19.423,19.37,19.322,19.279,19.239,19.201,19.164,19.128,19.091,19.052,19.007,18.953,18.885,18.809,18.738,18.697,18.703,18.756,18.833,18.91,18.97,19.004,19.002,18.946,18.83,18.671,18.5,18.352,18.246,18.189,18.174,18.196,18.254,18.348,18.46,18.548,18.58,18.555,18.516
19.637,19.641,19.645,19.647,19.645,19.64,19.627,19.603,19.565,19.519,19.469,19.408,19.392,19.384,19.375,19.374,19.38,19.394,19.423,19.454,19.473,19.556,19.742,19.9,19.971,19.978,19.958,19.929,19.895,19.859,19.821,19.78,19.735,19.686,19.633,19.575,19.514,19.453,19.396,19.345,19.299,19.258,19.219,19.183,19.147,19.112,19.073,19.025,18.964,18.882,18.789,18.712,18.686,18.724,18.802,18.878,18.929,18.966,19.004,19.034,19.019,18.922,18.745,18.53,18.332,18.187,18.106,18.082,18.097,18.139,18.216,18.34,18.485,18.588,18.598,18.55
19.621,19.626,19.629,19.63,19.628,19.622,19.609,19.588,19.555,19.511,19.456,19.396,19.385,19.378,19.365,19.363,19.367,19.376,19.402,19.438,19.439,19.437,19.588,19.803,19.942,19.976,19.962,19.932,19.898,19.862,19.826,19.787,19.747,19.704,19.658,19.606,19.548,19.487,19.427,19.373,19.325,19.282,19.243,19.206,19.171,19.135,19.096,19.049,18.981,18.883,18.769,18.686,18.679,18.74,18.805,18.824,18.805,18.798,18.836,18.919,18.995,18.986,18.847,18.616,18.373,18.183,18.07,18.027,18.037,18.074,18.123,18.215,18.372,18.542,18.623,18.589
19.607,19.611,19.613,19.613,19.61,19.603,19.591,19.571,19.54,19.5,19.438,19.384,19.381,19.373,19.357,19.355,19.359,19.366,19.387,19.423,19.436,19.412,19.471,19.651,19.845,19.947,19.96,19.94,19.907,19.871,19.834,19.795,19.755,19.716,19.674,19.63,19.58,19.523,19.462,19.404,19.353,19.308,19.268,19.23,19.193,19.154,19.114,19.069,19.003,18.898,18.767,18.672,18.661,18.711,18.745,18.717,18.66,18.63,18.657,18.749,18.882,18.97,18.912,18.703,18.439,18.221,18.089,18.033,18.03,18.061,18.101,18.15,18.267,18.458,18.609,18.621
19.593,19.596,19.598,19.597,19.593,19.585,19.572,19.552,19.522,19.486,19.419,19.374,19.376,19.368,19.35,19.347,19.354,19.36,19.381,19.41,19.42,19.416,19.422,19.545,19.725,19.871,19.929,19.935,19.917,19.888,19.856,19.82,19.782,19.743,19.703,19.661,19.617,19.566,19.508,19.445,19.387,19.336,19.292,19.252,19.212,19.17,19.126,19.084,19.029,18.934,18.802,18.691,18.65,18.662,18.67,18.649,18.62,18.62,18.66,18.734,18.841,18.934,18.906,18.716,18.451,18.23,18.108,18.069,18.074,18.099,18.129,18.153,18.211,18.365,18.558,18.633
19.58,19.581,19.582,19.58,19.575,19.566,19.552,19.532,19.502,19.469,19.402,19.366,19.372,19.363,19.342,19.34,19.351,19.358,19.378,19.402,19.403,19.402,19.406,19.485,19.634,19.782,19.87,19.9,19.899,19.879,19.857,19.832,19.803,19.77,19.742,19.713,19.673,19.627,19.572,19.508,19.44,19.377,19.324,19.278,19.236,19.191,19.145,19.103,19.061,18.991,18.88,18.763,18.685,18.651,18.634,18.623,18.638,18.695,18.777,18.855,18.922,18.951,18.866,18.649,18.388,18.193,18.107,18.104,18.136,18.172,18.2,18.206,18.214,18.3,18.48,18.616
19.562,19.565,19.565,19.562,19.556,19.546,19.531,19.51,19.48,19.449,19.385,19.36,19.368,19.356,19.333,19.332,19.347,19.359,19.376,19.394,19.387,19.386,19.421,19.461,19.576,19.708,19.8,19.841,19.854,19.853,19.835,19.813,19.793,19.77,19.75,19.73,19.708,19.689,19.644,19.586,19.517,19.442,19.373,19.315,19.267,19.221,19.175,19.131,19.096,19.052,18.978,18.881,18.791,18.727,18.692,18.699,18.764,18.863,18.951,19,19.003,18.93,18.748,18.493,18.262,18.13,18.11,18.158,18.22,18.265,18.294,18.295,18.268,18.284,18.415,18.576
19.542,19.546,19.546,19.542,19.535,19.524,19.509,19.487,19.457,19.427,19.37,19.354,19.363,19.346,19.323,19.324,19.341,19.359,19.376,19.385,19.372,19.376,19.433,19.464,19.553,19.663,19.733,19.768,19.78,19.782,19.778,19.771,19.75,19.737,19.725,19.716,19.705,19.69,19.667,19.639,19.588,19.514,19.434,19.362,19.303,19.254,19.209,19.166,19.132,19.102,19.061,18.998,18.922,18.859,18.84,18.891,18.987,19.071,19.102,19.065,18.95,18.753,18.502,18.27,18.127,18.098,18.158,18.255,18.339,18.385,18.402,18.397,18.352,18.315,18.386,18.537
19.52,19.525,19.525,19.521,19.513,19.501,19.485,19.462,19.434,19.404,19.355,19.346,19.355,19.336,19.312,19.316,19.334,19.357,19.374,19.375,19.355,19.377,19.447,19.482,19.555,19.645,19.684,19.696,19.699,19.695,19.689,19.683,19.678,19.675,19.669,19.665,19.661,19.656,19.644,19.628,19.606,19.558,19.48,19.4,19.333,19.281,19.238,19.197,19.162,19.137,19.113,19.076,19.022,18.984,19.006,19.082,19.154,19.168,19.094,18.925,18.685,18.424,18.208,18.087,18.079,18.162,18.288,18.407,18.489,18.521,18.519,18.499,18.441,18.366,18.388,18.516
19.496,19.502,19.502,19.498,19.489,19.477,19.461,19.438,19.41,19.381,19.339,19.337,19.346,19.324,19.302,19.308,19.324,19.35,19.367,19.358,19.341,19.394,19.472,19.507,19.571,19.645,19.659,19.646,19.633,19.623,19.612,19.601,19.594,19.591,19.591,19.593,19.596,19.6,19.598,19.594,19.583,19.559,19.494,19.416,19.347,19.296,19.255,19.216,19.18,19.154,19.137,19.112,19.079,19.078,19.13,19.19,19.192,19.084,18.854,18.56,18.284,18.097,18.028,18.073,18.196,18.35,18.489,18.588,18.643,18.653,18.63,18.594,18.523,18.419,18.4,18.506
19.472,19.478,19.478,19.473,19.464,19.454,19.436,19.413,19.385,19.357,19.321,19.327,19.336,19.312,19.292,19.3,19.312,19.337,19.353,19.335,19.338,19.43,19.509,19.534,19.592,19.652,19.651,19.624,19.599,19.581,19.564,19.548,19.534,19.526,19.524,19.525,19.529,19.534,19.541,19.546,19.549,19.531,19.48,19.409,19.346,19.299,19.261,19.222,19.184,19.157,19.141,19.12,19.113,19.151,19.204,19.193,19.032,18.727,18.379,18.107,17.976,17.992,18.114,18.287,18.459,18.596,18.688,18.739,18.762,18.759,18.727,18.679,18.6,18.476,18.418,18.497
19.445,19.453,19.453,19.448,19.439,19.428,19.41,19.388,19.361,19.332,19.301,19.316,19.326,19.3,19.283,19.293,19.3,19.319,19.333,19.312,19.35,19.478,19.553,19.559,19.61,19.657,19.646,19.617,19.586,19.56,19.538,19.516,19.497,19.483,19.476,19.476,19.48,19.485,19.492,19.499,19.506,19.494,19.449,19.386,19.332,19.295,19.261,19.221,19.181,19.153,19.129,19.122,19.161,19.211,19.167,18.926,18.54,18.159,17.925,17.886,18.01,18.218,18.431,18.599,18.709,18.77,18.8,18.814,18.822,18.822,18.8,18.753,18.673,18.539,18.443,18.488
19.424,19.429,19.428,19.423,19.415,19.402,19.385,19.362,19.337,19.306,19.281,19.304,19.316,19.289,19.274,19.285,19.288,19.299,19.309,19.293,19.368,19.523,19.587,19.578,19.62,19.654,19.637,19.609,19.574,19.546,19.523,19.501,19.479,19.458,19.444,19.44,19.444,19.451,19.459,19.466,19.471,19.455,19.408,19.353,19.314,19.288,19.254,19.208,19.161,19.126,19.13,19.188,19.212,19.086,18.76,18.321,17.942,17.775,17.847,18.081,18.355,18.575,18.712,18.779,18.807,18.815,18.819,18.824,18.832,18.84,18.835,18.802,18.731,18.6,18.477,18.484
19.4,19.405,19.405,19.4,19.39,19.377,19.36,19.338,19.312,19.281,19.261,19.293,19.308,19.278,19.266,19.278,19.277,19.28,19.285,19.282,19.389,19.557,19.606,19.594,19.622,19.643,19.621,19.592,19.556,19.531,19.511,19.493,19.474,19.45,19.426,19.416,19.421,19.431,19.439,19.445,19.44,19.41,19.363,19.325,19.3,19.268,19.214,19.157,19.132,19.159,19.2,19.138,18.939,18.568,18.112,17.761,17.664,17.838,18.163,18.474,18.676,18.772,18.804,18.812,18.815,18.819,18.822,18.824,18.829,18.84,18.845,18.826,18.77,18.651,18.515,18.487
19.377,19.382,19.382,19.377,19.367,19.354,19.336,19.314,19.287,19.258,19.244,19.281,19.3,19.268,19.258,19.27,19.267,19.263,19.264,19.28,19.411,19.58,19.614,19.605,19.618,19.623,19.591,19.557,19.515,19.486,19.464,19.454,19.451,19.44,19.415,19.402,19.409,19.42,19.429,19.427,19.407,19.368,19.33,19.299,19.256,19.197,19.151,19.148,19.174,19.161,19.036,18.766,18.404,17.941,17.612,17.559,17.805,18.206,18.549,18.736,18.8,18.812,18.818,18.831,18.848,18.861,18.865,18.86,18.853,18.853,18.855,18.84,18.792,18.688,18.549,18.493
19.356,19.36,19.361,19.356,19.346,19.333,19.315,19.292,19.266,19.24,19.231,19.27,19.292,19.259,19.248,19.261,19.259,19.25,19.248,19.28,19.427,19.594,19.613,19.602,19.604,19.591,19.548,19.5,19.44,19.397,19.37,19.374,19.396,19.416,19.404,19.395,19.402,19.415,19.422,19.409,19.376,19.333,19.285,19.228,19.171,19.144,19.154,19.156,19.089,18.911,18.598,18.244,17.797,17.473,17.426,17.703,18.178,18.586,18.778,18.815,18.809,18.818,18.845,18.876,18.902,18.916,18.916,18.905,18.889,18.879,18.873,18.853,18.806,18.71,18.569,18.496
19.337,19.343,19.344,19.339,19.329,19.314,19.296,19.274,19.248,19.228,19.224,19.259,19.285,19.251,19.238,19.251,19.251,19.24,19.233,19.268,19.416,19.591,19.607,19.586,19.582,19.559,19.511,19.453,19.386,19.33,19.292,19.286,19.328,19.387,19.393,19.388,19.398,19.412,19.416,19.391,19.34,19.272,19.201,19.152,19.142,19.141,19.099,18.978,18.768,18.521,18.162,17.762,17.35,17.268,17.51,18.063,18.589,18.817,18.821,18.79,18.801,18.841,18.883,18.912,18.927,18.934,18.932,18.923,18.909,18.899,18.889,18.864,18.814,18.718,18.569,18.492
19.324,19.329,19.331,19.326,19.315,19.3,19.281,19.259,19.236,19.22,19.221,19.25,19.276,19.244,19.226,19.239,19.241,19.231,19.217,19.232,19.359,19.55,19.595,19.556,19.548,19.53,19.493,19.438,19.376,19.315,19.271,19.244,19.27,19.354,19.385,19.383,19.397,19.404,19.4,19.352,19.27,19.191,19.147,19.132,19.098,19.006,18.851,18.656,18.434,18.137,17.767,17.417,17.145,17.274,17.833,18.532,18.855,18.826,18.764,18.773,18.821,18.87,18.903,18.915,18.917,18.917,18.914,18.909,18.903,18.903,18.898,18.87,18.814,18.709,18.545,18.484
19.316,19.321,19.322,19.316,19.306,19.29,19.27,19.249,19.229,19.216,19.22,19.243,19.267,19.239,19.215,19.224,19.229,19.222,19.204,19.19,19.262,19.439,19.536,19.476,19.442,19.447,19.449,19.405,19.349,19.291,19.251,19.227,19.24,19.337,19.381,19.382,19.397,19.391,19.354,19.279,19.196,19.143,19.098,19.018,18.89,18.741,18.601,18.453,18.218,17.861,17.528,17.225,17.076,17.512,18.342,18.857,18.85,18.754,18.749,18.784,18.832,18.877,18.899,18.893,18.879,18.876,18.878,18.881,18.884,18.895,18.897,18.868,18.803,18.672,18.501,18.486
19.312,19.316,19.317,19.311,19.3,19.284,19.265,19.245,19.229,19.215,19.217,19.24,19.257,19.233,19.204,19.207,19.212,19.209,19.197,19.17,19.172,19.262,19.371,19.343,19.279,19.288,19.323,19.305,19.266,19.235,19.22,19.214,19.235,19.341,19.381,19.382,19.384,19.347,19.277,19.205,19.126,19.041,18.93,18.81,18.718,18.661,18.571,18.374,18.072,17.711,17.392,17.121,17.233,17.989,18.739,18.888,18.782,18.75,18.746,18.772,18.822,18.869,18.884,18.863,18.836,18.828,18.834,18.845,18.859,18.882,18.891,18.86,18.769,18.602,18.464,18.509
19.312,19.316,19.316,19.31,19.299,19.283,19.264,19.246,19.232,19.211,19.211,19.241,19.248,19.228,19.197,19.19,19.19,19.189,19.183,19.166,19.147,19.152,19.196,19.22,19.193,19.189,19.208,19.212,19.206,19.205,19.209,19.213,19.259,19.354,19.38,19.37,19.334,19.268,19.203,19.1,18.987,18.878,18.804,18.787,18.781,18.708,18.564,18.332,18.001,17.607,17.278,17.182,17.665,18.427,18.847,18.832,18.781,18.747,18.727,18.749,18.796,18.845,18.87,18.853,18.819,18.803,18.807,18.824,18.852,18.883,18.888,18.827,18.686,18.515,18.464,18.558
19.314,19.318,19.319,19.312,19.301,19.285,19.267,19.25,19.232,19.201,19.201,19.243,19.241,19.223,19.194,19.176,19.169,19.164,19.158,19.149,19.143,19.143,19.149,19.162,19.171,19.176,19.184,19.193,19.204,19.214,19.221,19.227,19.292,19.365,19.363,19.322,19.259,19.191,19.077,18.957,18.872,18.851,18.873,18.861,18.802,18.723,18.569,18.292,17.894,17.483,17.273,17.473,18.08,18.627,18.817,18.802,18.792,18.752,18.715,18.716,18.748,18.797,18.842,18.857,18.842,18.827,18.829,18.847,18.871,18.881,18.84,18.725,18.568,18.469,18.517,18.622
19.32,19.324,19.324,19.318,19.306,19.291,19.274,19.256,19.228,19.184,19.183,19.245,19.239,19.216,19.195,19.171,19.153,19.142,19.134,19.128,19.128,19.137,19.15,19.164,19.178,19.192,19.203,19.216,19.229,19.242,19.244,19.261,19.325,19.359,19.318,19.25,19.18,19.062,18.948,18.888,18.897,18.921,18.891,18.851,18.828,18.754,18.564,18.224,17.777,17.423,17.411,17.808,18.283,18.619,18.702,18.754,18.805,18.777,18.72,18.692,18.696,18.723,18.767,18.81,18.833,18.838,18.842,18.846,18.838,18.798,18.71,18.591,18.501,18.507,18.603,18.709
19.328,19.332,19.332,19.325,19.314,19.299,19.282,19.262,19.22,19.158,19.164,19.244,19.241,19.208,19.195,19.173,19.149,19.133,19.123,19.121,19.128,19.143,19.164,19.184,19.201,19.216,19.231,19.245,19.26,19.269,19.268,19.297,19.34,19.313,19.249,19.174,19.058,18.949,18.906,18.932,18.955,18.914,18.87,18.861,18.851,18.788,18.592,18.21,17.734,17.447,17.579,17.957,18.278,18.411,18.483,18.628,18.763,18.812,18.756,18.7,18.674,18.665,18.679,18.711,18.739,18.759,18.763,18.751,18.718,18.66,18.587,18.533,18.536,18.607,18.699,18.75
19.338,19.341,19.341,19.335,19.324,19.309,19.292,19.268,19.21,19.13,19.143,19.245,19.246,19.201,19.192,19.178,19.154,19.136,19.127,19.127,19.139,19.159,19.18,19.199,19.217,19.234,19.251,19.268,19.283,19.289,19.297,19.322,19.312,19.249,19.176,19.063,18.958,18.921,18.961,18.995,18.957,18.899,18.867,18.853,18.859,18.836,18.685,18.315,17.802,17.49,17.612,17.897,18.037,18.055,18.131,18.359,18.649,18.786,18.801,18.743,18.702,18.669,18.658,18.651,18.65,18.653,18.651,18.637,18.613,18.586,18.572,18.589,18.643,18.713,18.746,18.804
19.35,19.352,19.352,19.346,19.336,19.322,19.304,19.276,19.205,19.104,19.123,19.244,19.258,19.197,19.183,19.181,19.163,19.146,19.137,19.138,19.149,19.166,19.182,19.199,19.219,19.241,19.263,19.284,19.299,19.306,19.321,19.317,19.252,19.191,19.074,18.971,18.934,18.984,19.044,19.029,18.97,18.919,18.87,18.844,18.849,18.864,18.805,18.528,17.999,17.553,17.526,17.688,17.745,17.732,17.797,17.997,18.331,18.665,18.793,18.773,18.756,18.711,18.702,18.684,18.668,18.655,18.647,18.64,18.638,18.645,18.666,18.703,18.745,18.756,18.798,18.806
19.361,19.362,19.363,19.358,19.348,19.335,19.317,19.286,19.204,19.086,19.106,19.238,19.27,19.197,19.172,19.178,19.167,19.153,19.144,19.144,19.151,19.163,19.178,19.198,19.222,19.247,19.272,19.294,19.31,19.323,19.321,19.267,19.202,19.092,18.987,18.946,18.999,19.087,19.11,19.07,19.022,18.963,18.901,18.856,18.838,18.852,18.868,18.759,18.359,17.777,17.498,17.563,17.641,17.642,17.657,17.714,17.938,18.325,18.66,18.767,18.764,18.757,18.758,18.739,18.732,18.725,18.719,18.719,18.726,18.74,18.753,18.746,18.767,18.778,18.755,18.66
19.37,19.372,19.373,19.369,19.36,19.348,19.332,19.299,19.212,19.076,19.066,19.215,19.283,19.203,19.163,19.172,19.164,19.153,19.146,19.145,19.15,19.161,19.178,19.2,19.225,19.25,19.275,19.298,19.313,19.319,19.292,19.218,19.111,19.004,18.956,19.002,19.112,19.179,19.17,19.141,19.101,19.032,18.958,18.897,18.856,18.839,18.854,18.876,18.748,18.286,17.719,17.623,17.785,17.885,17.864,17.721,17.654,17.838,18.19,18.501,18.68,18.759,18.784,18.749,18.745,18.747,18.751,18.751,18.747,18.744,18.737,18.741,18.743,18.687,18.557,18.259
19.376,19.38,19.38,19.377,19.371,19.361,19.346,19.316,19.234,19.094,19.029,19.175,19.29,19.219,19.159,19.167,19.159,19.15,19.145,19.146,19.154,19.166,19.183,19.204,19.225,19.248,19.271,19.291,19.299,19.286,19.228,19.128,19.023,18.964,18.996,19.112,19.22,19.252,19.245,19.236,19.196,19.123,19.037,18.958,18.904,18.869,18.844,18.854,18.892,18.788,18.37,17.822,17.85,18.111,18.243,18.104,17.755,17.522,17.609,17.903,18.195,18.497,18.716,18.797,18.805,18.784,18.773,18.757,18.75,18.742,18.728,18.707,18.675,18.5,18.159,17.671
19.378,19.383,19.383,19.38,19.375,19.37,19.358,19.334,19.264,19.125,19.023,19.124,19.284,19.244,19.16,19.165,19.16,19.151,19.15,19.153,19.162,19.173,19.186,19.201,19.217,19.235,19.254,19.268,19.26,19.219,19.137,19.04,18.973,18.986,19.091,19.227,19.303,19.316,19.316,19.307,19.289,19.23,19.139,19.037,18.96,18.921,18.892,18.852,18.848,18.898,18.822,18.487,17.989,17.992,18.287,18.459,18.333,17.894,17.494,17.458,17.586,17.808,18.086,18.326,18.476,18.608,18.71,18.784,18.799,18.79,18.733,18.679,18.535,18.268,17.81,17.232
19.383,19.386,19.386,19.384,19.379,19.372,19.364,19.347,19.291,19.159,19.021,19.064,19.257,19.274,19.168,19.162,19.164,19.155,19.155,19.156,19.158,19.162,19.171,19.182,19.194,19.208,19.221,19.222,19.195,19.134,19.051,18.983,18.976,19.058,19.198,19.311,19.341,19.338,19.329,19.327,19.322,19.318,19.257,19.145,19.028,18.959,18.944,18.924,18.863,18.838,18.901,18.868,18.576,18.142,18.066,18.29,18.54,18.626,18.404,17.863,17.606,17.465,17.437,17.443,17.538,17.756,18.009,18.28,18.534,18.719,18.722,18.604,18.384,18.067,17.595,17.031
19.383,19.387,19.387,19.385,19.381,19.375,19.366,19.352,19.315,19.201,19.038,19.019,19.197,19.3,19.186,19.152,19.159,19.146,19.14,19.132,19.129,19.131,19.138,19.148,19.157,19.164,19.165,19.153,19.114,19.052,18.992,18.973,19.026,19.15,19.286,19.351,19.339,19.315,19.303,19.305,19.325,19.34,19.346,19.271,19.133,19.005,18.956,18.975,18.957,18.877,18.817,18.899,18.886,18.621,18.325,18.163,18.237,18.416,18.628,18.689,18.593,18.148,17.883,17.554,17.233,17.139,17.242,17.544,17.939,18.278,18.408,18.329,18.1,17.79,17.39,16.935
19.382,19.384,19.384,19.383,19.38,19.375,19.367,19.355,19.33,19.245,19.078,18.974,19.116,19.304,19.223,19.142,19.144,19.122,19.11,19.102,19.1,19.1,19.102,19.105,19.105,19.104,19.096,19.076,19.04,18.997,18.975,19.003,19.095,19.231,19.338,19.347,19.315,19.275,19.249,19.251,19.283,19.33,19.372,19.362,19.258,19.092,18.968,18.958,19.013,18.987,18.875,18.819,18.852,18.9,18.708,18.542,18.4,18.318,18.379,18.573,18.662,18.569,18.58,18.603,18.297,17.695,17.261,17.105,17.316,17.569,17.743,17.793,17.629,17.394,17.132,16.873
19.377,19.379,19.379,19.377,19.375,19.371,19.365,19.355,19.335,19.274,19.133,18.968,19.025,19.261,19.279,19.148,19.134,19.108,19.091,19.082,19.077,19.072,19.068,19.066,19.061,19.052,19.038,19.019,18.997,18.982,18.995,19.059,19.183,19.304,19.358,19.338,19.287,19.225,19.194,19.202,19.23,19.27,19.332,19.382,19.345,19.196,19.019,18.932,18.984,19.057,18.998,18.887,18.814,18.795,18.887,18.927,18.921,18.823,18.603,18.442,18.577,18.633,18.597,18.555,18.498,18.529,18.492,17.5,17.281,17.273,17.16,17.269,17.208,17.067,16.96,16.908
19.368,19.369,19.369,19.369,19.367,19.364,19.358,19.349,19.332,19.289,19.184,18.991,18.931,19.168,19.325,19.184,19.138,19.118,19.094,19.083,19.074,19.07,19.064,19.057,19.046,19.033,19.018,19.005,18.999,19.009,19.054,19.141,19.25,19.331,19.353,19.325,19.273,19.201,19.179,19.197,19.227,19.252,19.298,19.363,19.373,19.26,19.075,18.937,18.928,19.042,19.095,19.001,18.896,18.798,18.755,18.834,18.965,19.093,19.127,18.875,18.615,18.625,18.686,18.598,18.466,18.45,18.375,18.217,18.156,18.099,17.243,16.832,16.973,16.96,16.949,16.979
19.357,19.356,19.356,19.356,19.355,19.353,19.348,19.339,19.323,19.29,19.217,19.036,18.871,19.033,19.311,19.259,19.152,19.146,19.119,19.113,19.105,19.1,19.093,19.084,19.072,19.058,19.045,19.036,19.038,19.06,19.116,19.206,19.28,19.328,19.351,19.324,19.281,19.223,19.199,19.211,19.238,19.261,19.299,19.355,19.367,19.267,19.085,18.939,18.9,18.991,19.125,19.116,18.999,18.884,18.8,18.818,18.922,18.998,19.116,19.168,18.938,18.69,18.683,18.673,18.601,18.521,18.439,18.475,18.406,18.14,17.902,17.472,17.094,16.925,16.919,16.965
19.339,19.338,19.34,19.341,19.341,19.34,19.335,19.325,19.309,19.283,19.235,19.073,18.845,18.858,19.204,19.347,19.184,19.172,19.155,19.152,19.148,19.144,19.14,19.136,19.129,19.12,19.111,19.109,19.112,19.118,19.161,19.238,19.283,19.321,19.336,19.323,19.3,19.27,19.243,19.244,19.258,19.279,19.32,19.362,19.344,19.221,19.038,18.905,18.884,18.965,19.117,19.194,19.118,18.974,18.851,18.855,18.958,19.011,19.031,19.151,19.106,18.827,18.689,18.705,18.663,18.494,18.364,18.348,18.506,18.348,18.06,17.854,17.589,17.351,17.21,17.166
19.313,19.314,19.32,19.323,19.325,19.324,19.32,19.31,19.293,19.275,19.248,19.097,18.839,18.714,19.034,19.354,19.292,19.193,19.199,19.184,19.187,19.186,19.184,19.181,19.175,19.167,19.159,19.154,19.155,19.162,19.183,19.252,19.281,19.305,19.319,19.32,19.31,19.295,19.283,19.274,19.285,19.314,19.351,19.354,19.275,19.113,18.938,18.847,18.875,18.976,19.124,19.243,19.22,19.072,18.91,18.871,18.883,18.928,18.979,19.081,19.146,18.939,18.726,18.716,18.691,18.529,18.407,18.338,18.395,18.326,18.084,17.877,17.764,17.662,17.574,17.521
19.279,19.286,19.297,19.302,19.306,19.307,19.303,19.293,19.277,19.266,19.26,19.116,18.836,18.662,18.816,19.202,19.399,19.235,19.218,19.229,19.235,19.235,19.242,19.245,19.25,19.246,19.243,19.235,19.222,19.209,19.203,19.209,19.236,19.259,19.272,19.278,19.276,19.269,19.268,19.29,19.323,19.351,19.343,19.263,19.113,18.938,18.814,18.805,18.901,19.03,19.166,19.29,19.301,19.163,18.974,18.858,18.735,18.766,18.931,19.052,19.154,18.977,18.743,18.723,18.689,18.508,18.43,18.363,18.325,18.307,18.213,18.003,17.795,17.691,17.639,17.605
19.242,19.254,19.27,19.279,19.284,19.287,19.285,19.277,19.262,19.258,19.27,19.135,18.832,18.679,18.677,18.955,19.324,19.409,19.273,19.233,19.244,19.269,19.294,19.311,19.336,19.334,19.342,19.355,19.36,19.352,19.335,19.315,19.301,19.297,19.307,19.317,19.324,19.343,19.361,19.381,19.365,19.297,19.177,19.012,18.854,18.748,18.74,18.839,18.993,19.131,19.242,19.346,19.366,19.245,19.008,18.804,18.574,18.616,18.974,19.072,19.144,18.971,18.737,18.733,18.651,18.494,18.464,18.377,18.293,18.203,18.106,17.995,17.856,17.708,17.599,17.543
19.207,19.221,19.241,19.252,19.259,19.265,19.266,19.26,19.249,19.249,19.276,19.153,18.824,18.651,18.683,18.782,19.084,19.378,19.41,19.357,19.314,19.292,19.304,19.323,19.345,19.37,19.401,19.429,19.465,19.494,19.51,19.508,19.515,19.507,19.486,19.458,19.42,19.373,19.296,19.214,19.088,18.933,18.782,18.664,18.625,18.671,18.806,18.987,19.157,19.266,19.334,19.406,19.42,19.306,19.038,18.754,18.478,18.519,19.027,19.069,19.107,18.904,18.717,18.728,18.578,18.55,18.58,18.514,18.434,18.309,18.167,18.068,18.006,17.898,17.802,17.731
19.185,19.188,19.209,19.223,19.232,19.24,19.244,19.243,19.237,19.242,19.278,19.164,18.815,18.616,18.629,18.692,18.847,19.076,19.325,19.394,19.429,19.429,19.425,19.424,19.435,19.463,19.504,19.518,19.46,19.363,19.26,19.16,19.1,19.059,19.033,19.002,18.954,18.887,18.797,18.692,18.588,18.506,18.477,18.52,18.642,18.817,19.024,19.216,19.343,19.388,19.409,19.455,19.46,19.354,19.075,18.731,18.439,18.498,18.903,19.026,19.042,18.829,18.706,18.694,18.592,18.724,18.751,18.729,18.688,18.618,18.53,18.435,18.36,18.304,18.253,18.193
19.155,19.151,19.174,19.191,19.203,19.213,19.221,19.225,19.227,19.239,19.279,19.166,18.799,18.581,18.559,18.568,18.686,18.831,18.977,19.184,19.302,19.369,19.388,19.395,19.387,19.347,19.275,19.109,18.944,18.9,18.895,18.86,18.819,18.785,18.735,18.66,18.568,18.468,18.368,18.301,18.288,18.337,18.463,18.645,18.876,19.101,19.29,19.421,19.463,19.443,19.446,19.485,19.481,19.388,19.137,18.778,18.475,18.403,18.696,18.927,18.974,18.774,18.696,18.674,18.663,18.821,18.786,18.782,18.767,18.732,18.609,18.428,18.258,18.172,18.181,18.189
19.11,19.109,19.136,19.157,19.172,19.185,19.197,19.206,19.217,19.24,19.278,19.159,18.775,18.546,18.5,18.417,18.476,18.581,18.715,18.838,18.958,19.065,19.121,19.118,19.097,18.99,18.877,18.859,18.856,18.915,18.833,18.638,18.456,18.311,18.203,18.107,18.028,17.991,18.026,18.128,18.303,18.5,18.738,18.977,19.191,19.373,19.488,19.513,19.467,19.44,19.465,19.491,19.471,19.402,19.215,18.88,18.614,18.433,18.536,18.861,18.919,18.741,18.69,18.673,18.725,18.803,18.744,18.731,18.735,18.824,18.815,18.588,18.287,18.232,18.297,18.245
19.058,19.064,19.097,19.122,19.14,19.157,19.173,19.189,19.209,19.241,19.276,19.155,18.747,18.501,18.467,18.347,18.37,18.447,18.568,18.635,18.687,18.757,18.836,18.84,18.795,18.787,18.842,18.967,18.652,18.402,18.266,18.138,17.93,17.745,17.646,17.573,17.651,17.852,18.086,18.33,18.625,18.915,19.127,19.274,19.357,19.413,19.457,19.473,19.453,19.457,19.469,19.458,19.425,19.389,19.275,19.031,18.806,18.575,18.476,18.816,18.864,18.726,18.691,18.679,18.755,18.771,18.702,18.663,18.631,18.755,18.853,18.677,18.256,18.342,18.605,18.54
19.002,19.019,19.058,19.088,19.109,19.129,19.15,19.171,19.198,19.236,19.27,19.164,18.738,18.449,18.416,18.356,18.413,18.467,18.604,18.758,18.752,18.719,18.713,18.694,18.717,18.867,18.603,18.412,18.213,17.954,17.724,17.523,17.344,17.236,17.247,17.416,17.778,18.044,18.172,18.385,18.697,19.122,19.335,19.388,19.397,19.423,19.458,19.47,19.47,19.482,19.462,19.416,19.374,19.358,19.316,19.169,18.991,18.785,18.572,18.751,18.81,18.725,18.696,18.667,18.743,18.735,18.727,18.674,18.624,18.724,18.85,18.457,18.033,18.431,18.872,18.747
18.948,18.975,19.02,19.054,19.079,19.103,19.127,19.152,19.183,19.223,19.26,19.187,18.768,18.427,18.38,18.356,18.427,18.496,18.616,18.77,18.938,18.853,18.706,18.808,18.843,18.619,18.107,17.794,17.75,17.592,17.412,17.307,17.231,17.156,17.191,17.489,17.823,17.71,17.597,17.818,18.289,19.043,19.384,19.416,19.424,19.469,19.48,19.47,19.466,19.477,19.462,19.417,19.37,19.35,19.332,19.252,19.132,18.962,18.722,18.74,18.799,18.722,18.705,18.668,18.704,18.742,18.722,18.661,18.643,18.788,18.827,18.168,17.862,18.361,18.711,18.836
18.894,18.933,18.985,19.023,19.051,19.077,19.103,19.131,19.163,19.202,19.244,19.213,18.848,18.469,18.362,18.324,18.386,18.491,18.629,18.714,19.022,18.944,18.826,18.801,18.52,18.024,17.707,17.641,17.475,17.423,17.508,17.545,17.412,17.247,17.179,17.218,17.193,17.095,17.15,17.349,17.998,18.9,19.405,19.417,19.424,19.424,19.446,19.468,19.518,19.492,19.437,19.395,19.358,19.338,19.329,19.304,19.235,19.078,18.838,18.783,18.838,18.748,18.705,18.661,18.683,18.71,18.672,18.62,18.688,18.846,18.696,17.832,17.577,17.647,17.76,17.898
18.844,18.894,18.952,18.993,19.023,19.05,19.077,19.105,19.137,19.174,19.224,19.226,18.943,18.603,18.435,18.326,18.358,18.49,18.672,18.717,18.979,19.067,18.812,18.51,18.017,17.68,17.608,17.56,17.656,17.78,17.797,17.702,17.555,17.346,17.153,17.046,17.025,17.16,17.355,17.359,17.932,18.718,19.336,19.402,19.498,19.506,19.423,19.263,19.1,19.002,18.98,18.997,19.05,19.14,19.236,19.271,19.214,19.095,18.963,18.918,18.955,18.854,18.738,18.683,18.677,18.665,18.628,18.651,18.804,18.82,18.383,17.532,17.195,16.921,16.72,16.597
18.809,18.864,18.924,18.966,18.996,19.023,19.05,19.076,19.106,19.142,19.201,19.232,19.012,18.733,18.5,18.361,18.421,18.57,18.756,18.796,19.053,19.01,18.557,18.124,17.767,17.712,17.702,17.787,17.92,17.956,17.89,17.771,17.655,17.539,17.381,17.219,17.204,17.445,17.715,17.712,18.034,18.591,19.049,19.045,19.056,19.065,19.021,19.004,19.008,19.004,18.97,18.897,18.899,18.985,19.091,19.145,19.139,19.111,19.081,19.077,19.112,19.022,18.843,18.733,18.683,18.667,18.65,18.763,18.867,18.456,17.747,17.312,17.142,16.809,16.435,15.947
18.786,18.841,18.9,18.941,18.97,18.995,19.02,19.044,19.071,19.106,19.177,19.233,19.061,18.765,18.449,18.399,18.564,18.752,18.86,18.928,19.031,18.704,18.252,17.932,17.889,17.898,17.997,18.157,18.251,18.213,18.057,17.834,17.653,17.534,17.379,17.213,17.263,17.609,17.952,18.136,18.308,18.424,18.607,18.639,18.753,18.906,19.081,19.233,19.243,19.139,19.079,19.054,19.059,19.062,19.061,19.055,19.038,19.049,19.065,19.119,19.205,19.155,18.978,18.831,18.744,18.715,18.705,18.879,18.557,17.365,17.119,17.166,17.118,16.826,16.157,15.201
18.77,18.823,18.879,18.918,18.944,18.967,18.989,19.01,19.033,19.067,19.147,19.227,19.112,18.765,18.392,18.518,18.791,18.928,18.904,18.889,18.776,18.434,18.118,18.109,18.177,18.272,18.429,18.544,18.569,18.503,18.283,17.935,17.655,17.51,17.374,17.211,17.249,17.591,17.966,18.254,18.442,18.522,18.498,18.628,18.864,19.05,19.123,19.114,19.079,19.045,18.975,18.818,18.636,18.625,18.813,18.966,19.008,18.997,19.033,19.106,19.221,19.198,19.052,18.893,18.795,18.778,18.689,18.647,17.2,16.58,16.907,16.631,16.323,15.914,15.192,14.593
18.757,18.806,18.859,18.894,18.919,18.939,18.957,18.975,18.992,19.024,19.103,19.207,19.162,18.755,18.39,18.684,18.988,19.015,18.842,18.724,18.537,18.272,18.229,18.418,18.509,18.617,18.651,18.626,18.607,18.567,18.39,18.009,17.65,17.498,17.457,17.28,17.126,17.293,17.55,17.682,17.684,17.666,17.754,18.04,18.42,18.787,18.988,18.99,18.796,18.476,18.038,17.646,17.665,18.09,18.34,18.482,18.782,18.95,18.988,19.048,19.136,19.148,19.058,18.937,18.75,18.897,18.139,16.79,15.982,15.936,15.851,15.643,0,0,0,0
18.743,18.789,18.837,18.87,18.893,18.911,18.926,18.94,18.95,18.974,19.04,19.164,19.205,18.756,18.417,18.778,19.072,18.949,18.713,18.556,18.379,18.268,18.432,18.59,18.622,18.581,18.465,18.407,18.429,18.473,18.365,17.951,17.515,17.322,17.402,17.397,17.121,17.002,17.048,17.07,17.069,17.062,17.132,17.328,17.621,18.007,18.341,18.42,18.107,17.534,17.054,16.994,17.505,18.345,18.807,18.641,18.691,18.877,18.918,18.975,19.025,19.021,18.931,18.747,18.349,18.037,17.156,16.613,0,0,0,0,0,0,0,0
18.728,18.77,18.814,18.844,18.866,18.883,18.896,18.907,18.911,18.924,18.971,19.104,19.207,18.771,18.443,18.767,19.003,18.8,18.547,18.413,18.311,18.343,18.532,18.58,18.531,18.416,18.294,18.266,18.3,18.403,18.365,17.86,17.298,17.009,17.121,17.404,17.38,17.116,16.999,16.948,16.879,16.912,16.99,17.025,16.969,16.945,17.093,17.268,17.336,17.213,16.857,16.749,17.16,18.132,18.901,18.942,18.88,18.877,18.854,18.877,18.91,18.918,18.871,18.687,17.792,17.54,0,0,0,0,0,0,0,0,0,0
18.709,18.748,18.789,18.817,18.838,18.855,18.867,18.876,18.879,18.88,18.911,19.036,19.166,18.821,18.45,18.688,18.891,18.638,18.396,18.307,18.295,18.413,18.544,18.509,18.433,18.329,18.228,18.201,18.236,18.365,18.435,17.893,17.158,16.756,16.758,17.059,17.428,17.4,17.194,17.232,17.272,17.361,17.46,17.419,17.274,17.051,16.808,16.608,16.533,16.743,16.856,16.319,16.32,17.279,18.343,18.689,18.708,18.795,18.823,18.851,18.823,18.815,18.668,18.149,17.416,0,0,0,0,0,0,0,0,0,0,0
18.686,18.724,18.762,18.789,18.81,18.826,18.839,18.847,18.852,18.843,18.869,18.967,19.123,18.928,18.452,18.578,18.761,18.49,18.279,18.221,18.292,18.457,18.537,18.451,18.363,18.275,18.164,18.127,18.169,18.324,18.484,18.079,17.241,16.779,16.663,16.644,16.974,17.526,17.392,17.299,17.514,17.684,17.753,17.75,17.731,17.65,17.488,17.241,16.598,16.228,16.355,16.169,15.678,16.231,17.302,17.903,18.043,18.263,18.446,18.608,18.707,18.624,18.289,17.868,0,0,0,0,0,0,0,0,0,0,0,0
18.66,18.697,18.734,18.761,18.781,18.798,18.811,18.82,18.827,18.816,18.837,18.908,19.106,19.074,18.467,18.475,18.651,18.372,18.162,18.143,18.259,18.464,18.548,18.444,18.324,18.223,18.117,18.081,18.109,18.279,18.49,18.309,17.551,17.106,16.974,16.636,16.398,17.078,17.601,17.457,17.524,17.74,17.815,17.8,17.742,17.61,17.393,17.188,17.213,16.401,15.882,16.038,15.473,15.24,15.895,16.767,17.053,17.304,17.542,17.935,18.329,18.313,17.816,17.554,0,0,0,0,0,0,0,0,0,0,0,0
