18.222,18.202,18.206,18.231,18.261,18.297,18.348,18.409,18.46,18.5,18.537,18.574,18.605,18.633,18.663,18.71,18.754,18.794,18.812,18.824,18.83,18.831,18.83,18.827,18.824,18.821,18.818,18.812,18.803,18.79,18.774,18.754,18.731,18.706,18.679,18.651,18.621,18.591,18.56,18.529,18.499,18.469,18.438,18.407,18.375,18.339,18.3,18.258,18.214,18.17,18.127,18.086,18.047,18.008,17.968,17.927,17.884,17.838,17.791,17.741,17.687,17.632,17.577,17.512,17.435,17.362,17.317,17.274,17.232,17.192,17.155,17.123,17.094,17.064,17.035,17.004
18.241,18.255,18.262,18.278,18.302,18.334,18.375,18.423,18.468,18.505,18.535,18.564,18.597,18.637,18.681,18.725,18.763,18.792,18.813,18.826,18.833,18.835,18.834,18.831,18.828,18.825,18.821,18.815,18.806,18.793,18.776,18.756,18.733,18.708,18.681,18.652,18.623,18.592,18.562,18.532,18.501,18.471,18.44,18.409,18.375,18.339,18.3,18.259,18.216,18.174,18.132,18.091,18.051,18.011,17.97,17.929,17.886,17.84,17.792,17.741,17.688,17.633,17.578,17.522,17.463,17.405,17.351,17.299,17.251,17.206,17.166,17.131,17.1,17.072,17.046,17.019
18.242,18.25,18.26,18.275,18.297,18.328,18.37,18.417,18.461,18.494,18.517,18.543,18.579,18.626,18.676,18.724,18.763,18.793,18.814,18.829,18.836,18.839,18.838,18.835,18.831,18.828,18.824,18.818,18.809,18.796,18.779,18.759,18.736,18.711,18.684,18.655,18.625,18.595,18.565,18.535,18.505,18.475,18.443,18.411,18.376,18.339,18.3,18.259,18.217,18.175,18.133,18.092,18.052,18.012,17.971,17.929,17.886,17.84,17.792,17.742,17.689,17.634,17.579,17.522,17.463,17.404,17.346,17.29,17.238,17.19,17.15,17.115,17.087,17.062,17.04,17.017
18.231,18.236,18.244,18.256,18.275,18.305,18.349,18.4,18.446,18.472,18.486,18.507,18.548,18.605,18.668,18.723,18.766,18.797,18.819,18.833,18.841,18.843,18.842,18.838,18.834,18.83,18.826,18.821,18.812,18.799,18.782,18.761,18.738,18.712,18.684,18.655,18.624,18.593,18.563,18.533,18.503,18.472,18.44,18.406,18.37,18.332,18.292,18.251,18.209,18.166,18.125,18.083,18.043,18.002,17.961,17.919,17.875,17.829,17.781,17.731,17.677,17.622,17.563,17.501,17.437,17.371,17.306,17.244,17.189,17.142,17.103,17.073,17.05,17.031,17.016,17
18.225,18.22,18.226,18.234,18.248,18.276,18.321,18.378,18.427,18.446,18.445,18.459,18.508,18.584,18.663,18.726,18.772,18.805,18.826,18.839,18.845,18.846,18.842,18.837,18.833,18.829,18.826,18.821,18.812,18.799,18.782,18.761,18.737,18.71,18.68,18.649,18.618,18.586,18.555,18.525,18.494,18.462,18.428,18.392,18.354,18.313,18.272,18.23,18.187,18.144,18.102,18.061,18.02,17.979,17.937,17.895,17.85,17.804,17.756,17.705,17.65,17.591,17.526,17.455,17.38,17.305,17.233,17.169,17.115,17.071,17.037,17.013,16.996,16.986,16.979,16.972
18.209,18.203,18.208,18.212,18.221,18.243,18.287,18.35,18.406,18.418,18.395,18.4,18.468,18.571,18.666,18.734,18.78,18.812,18.836,18.849,18.853,18.849,18.841,18.833,18.827,18.824,18.822,18.818,18.81,18.797,18.78,18.758,18.732,18.703,18.671,18.638,18.605,18.573,18.542,18.512,18.48,18.447,18.41,18.37,18.328,18.284,18.239,18.195,18.151,18.107,18.065,18.024,17.983,17.942,17.899,17.856,17.811,17.765,17.716,17.664,17.606,17.54,17.464,17.38,17.294,17.211,17.137,17.077,17.029,16.992,16.964,16.944,16.931,16.927,16.93,16.935
18.194,18.189,18.191,18.192,18.196,18.211,18.249,18.316,18.383,18.391,18.34,18.339,18.434,18.568,18.675,18.74,18.782,18.815,18.843,18.862,18.867,18.857,18.841,18.826,18.819,18.817,18.817,18.814,18.806,18.793,18.773,18.749,18.72,18.688,18.654,18.618,18.584,18.552,18.522,18.493,18.462,18.425,18.384,18.337,18.289,18.239,18.19,18.143,18.096,18.051,18.008,17.968,17.927,17.886,17.844,17.8,17.755,17.708,17.659,17.605,17.541,17.463,17.373,17.276,17.183,17.101,17.035,16.987,16.953,16.926,16.902,16.88,16.863,16.857,16.865,16.884
18.181,18.177,18.177,18.175,18.173,18.181,18.211,18.276,18.354,18.368,18.29,18.282,18.408,18.57,18.682,18.739,18.779,18.818,18.852,18.875,18.886,18.874,18.844,18.818,18.807,18.808,18.812,18.81,18.801,18.784,18.761,18.733,18.699,18.662,18.623,18.584,18.549,18.519,18.493,18.468,18.435,18.392,18.341,18.285,18.228,18.172,18.118,18.067,18.018,17.972,17.929,17.889,17.85,17.811,17.77,17.726,17.681,17.635,17.585,17.527,17.452,17.36,17.257,17.153,17.062,16.992,16.95,16.934,16.932,16.928,16.91,16.877,16.836,16.804,16.798,16.82
18.168,18.165,18.166,18.161,18.154,18.154,18.178,18.237,18.319,18.345,18.254,18.235,18.378,18.56,18.676,18.729,18.776,18.831,18.873,18.895,18.907,18.894,18.85,18.808,18.795,18.801,18.808,18.805,18.792,18.768,18.737,18.7,18.659,18.613,18.568,18.526,18.493,18.471,18.455,18.433,18.39,18.328,18.259,18.193,18.13,18.069,18.014,17.962,17.914,17.868,17.827,17.79,17.754,17.718,17.679,17.638,17.595,17.55,17.5,17.434,17.347,17.242,17.126,17.017,16.942,16.918,16.944,17.002,17.063,17.097,17.089,17.037,16.948,16.848,16.776,16.763
18.156,18.155,18.157,18.151,18.14,18.133,18.148,18.203,18.284,18.321,18.235,18.195,18.332,18.527,18.654,18.715,18.772,18.842,18.898,18.922,18.93,18.907,18.844,18.789,18.783,18.799,18.805,18.792,18.764,18.724,18.678,18.629,18.577,18.523,18.474,18.437,18.417,18.413,18.41,18.379,18.301,18.204,18.125,18.06,17.996,17.935,17.88,17.832,17.79,17.753,17.719,17.687,17.653,17.618,17.581,17.544,17.507,17.466,17.413,17.338,17.232,17.099,16.968,16.886,16.891,16.98,17.117,17.264,17.374,17.421,17.415,17.355,17.232,17.054,16.871,16.758
18.145,18.147,18.152,18.147,18.134,18.121,18.125,18.169,18.25,18.297,18.229,18.162,18.267,18.468,18.617,18.691,18.752,18.824,18.888,18.923,18.922,18.875,18.805,18.772,18.783,18.79,18.773,18.737,18.687,18.628,18.568,18.508,18.451,18.403,18.37,18.353,18.353,18.366,18.364,18.298,18.169,18.057,17.986,17.926,17.863,17.802,17.754,17.717,17.689,17.664,17.638,17.606,17.569,17.532,17.499,17.469,17.436,17.39,17.319,17.208,17.062,16.921,16.847,16.882,17.021,17.235,17.465,17.597,17.615,17.607,17.613,17.6,17.521,17.344,17.087,16.845
18.136,18.142,18.15,18.147,18.135,18.118,18.112,18.14,18.212,18.275,18.23,18.139,18.192,18.384,18.557,18.651,18.711,18.771,18.825,18.852,18.843,18.807,18.77,18.76,18.756,18.731,18.689,18.634,18.571,18.506,18.445,18.392,18.352,18.325,18.309,18.304,18.309,18.324,18.314,18.213,18.053,17.929,17.853,17.79,17.729,17.682,17.653,17.635,17.622,17.606,17.58,17.545,17.506,17.47,17.436,17.395,17.337,17.254,17.141,17.007,16.89,16.841,16.888,17.034,17.268,17.52,17.638,17.599,17.52,17.524,17.579,17.64,17.659,17.573,17.349,17.028
18.13,18.14,18.15,18.15,18.141,18.125,18.111,18.118,18.171,18.245,18.238,18.136,18.12,18.275,18.469,18.589,18.656,18.706,18.745,18.766,18.764,18.747,18.728,18.71,18.68,18.633,18.575,18.511,18.448,18.392,18.349,18.317,18.296,18.286,18.282,18.282,18.284,18.295,18.278,18.148,17.946,17.797,17.717,17.657,17.612,17.589,17.582,17.58,17.572,17.551,17.516,17.472,17.425,17.374,17.312,17.231,17.134,17.029,16.931,16.86,16.841,16.888,17.011,17.223,17.483,17.649,17.64,17.526,17.466,17.486,17.534,17.623,17.699,17.704,17.58,17.281
18.129,18.139,18.151,18.154,18.149,18.138,18.121,18.109,18.132,18.204,18.244,18.16,18.072,18.154,18.345,18.494,18.58,18.633,18.669,18.688,18.69,18.678,18.655,18.618,18.564,18.497,18.426,18.365,18.321,18.292,18.276,18.27,18.273,18.282,18.292,18.301,18.306,18.31,18.271,18.088,17.834,17.674,17.6,17.554,17.532,17.532,17.539,17.537,17.516,17.473,17.416,17.353,17.285,17.207,17.122,17.041,16.968,16.909,16.865,16.848,16.872,16.954,17.115,17.347,17.571,17.683,17.645,17.526,17.463,17.43,17.453,17.546,17.663,17.737,17.726,17.538
18.128,18.139,18.152,18.156,18.156,18.151,18.139,18.116,18.106,18.153,18.231,18.202,18.071,18.05,18.194,18.359,18.466,18.531,18.568,18.586,18.586,18.564,18.522,18.461,18.39,18.323,18.27,18.234,18.215,18.211,18.223,18.245,18.271,18.298,18.32,18.335,18.344,18.344,18.271,18.024,17.736,17.581,17.519,17.49,17.488,17.499,17.502,17.482,17.433,17.362,17.288,17.221,17.162,17.113,17.078,17.056,17.038,17.02,16.998,16.972,16.96,16.997,17.117,17.31,17.507,17.641,17.661,17.585,17.521,17.447,17.418,17.477,17.593,17.686,17.746,17.709
18.128,18.139,18.15,18.156,18.158,18.159,18.155,18.133,18.096,18.104,18.19,18.234,18.119,17.999,18.047,18.192,18.312,18.386,18.424,18.434,18.421,18.387,18.337,18.282,18.23,18.187,18.156,18.136,18.134,18.159,18.202,18.249,18.291,18.324,18.345,18.354,18.361,18.359,18.249,17.95,17.656,17.516,17.468,17.455,17.464,17.471,17.454,17.407,17.34,17.274,17.225,17.197,17.184,17.184,17.195,17.214,17.238,17.26,17.269,17.253,17.208,17.147,17.109,17.152,17.289,17.446,17.543,17.55,17.537,17.485,17.414,17.427,17.537,17.634,17.702,17.757
18.129,18.138,18.147,18.151,18.155,18.161,18.165,18.149,18.1,18.068,18.128,18.229,18.187,18.023,17.953,18.029,18.14,18.219,18.261,18.271,18.257,18.229,18.195,18.16,18.127,18.096,18.07,18.068,18.106,18.169,18.233,18.287,18.331,18.361,18.369,18.367,18.373,18.354,18.183,17.855,17.589,17.475,17.439,17.436,17.446,17.441,17.404,17.35,17.302,17.273,17.261,17.257,17.256,17.264,17.291,17.336,17.388,17.432,17.462,17.474,17.462,17.422,17.351,17.255,17.184,17.2,17.28,17.355,17.412,17.425,17.39,17.388,17.48,17.589,17.656,17.732
18.128,18.134,18.14,18.144,18.148,18.156,18.165,18.155,18.107,18.048,18.064,18.179,18.229,18.099,17.946,17.918,17.984,18.058,18.109,18.134,18.138,18.126,18.107,18.082,18.051,18.02,18.013,18.053,18.124,18.183,18.227,18.274,18.325,18.36,18.374,18.377,18.37,18.29,18.057,17.748,17.539,17.454,17.427,17.427,17.437,17.424,17.379,17.338,17.322,17.32,17.311,17.292,17.28,17.293,17.336,17.396,17.456,17.505,17.535,17.543,17.537,17.525,17.51,17.481,17.419,17.329,17.25,17.221,17.244,17.289,17.325,17.362,17.44,17.545,17.623,17.688
18.123,18.127,18.13,18.132,18.137,18.145,18.155,18.149,18.11,18.041,18.012,18.1,18.216,18.18,18.013,17.896,17.884,17.926,17.974,18.009,18.029,18.034,18.028,18.01,17.985,17.971,17.994,18.049,18.101,18.129,18.159,18.213,18.277,18.323,18.342,18.335,18.281,18.136,17.893,17.655,17.514,17.45,17.425,17.425,17.437,17.428,17.382,17.351,17.357,17.356,17.326,17.292,17.293,17.341,17.413,17.49,17.559,17.598,17.598,17.567,17.526,17.49,17.469,17.467,17.476,17.474,17.423,17.33,17.26,17.255,17.293,17.345,17.42,17.516,17.602,17.661
18.113,18.115,18.117,18.118,18.122,18.129,18.136,18.133,18.108,18.041,17.981,18.017,18.145,18.219,18.114,17.953,17.865,17.85,17.87,17.898,17.924,17.942,17.95,17.95,17.946,17.949,17.972,18.009,18.039,18.051,18.071,18.12,18.178,18.219,18.227,18.191,18.094,17.931,17.737,17.58,17.484,17.428,17.407,17.414,17.433,17.439,17.405,17.378,17.386,17.369,17.318,17.297,17.352,17.439,17.521,17.608,17.654,17.64,17.58,17.5,17.429,17.382,17.36,17.357,17.368,17.393,17.429,17.436,17.376,17.305,17.302,17.353,17.423,17.507,17.593,17.649
18.099,18.099,18.1,18.1,18.103,18.107,18.111,18.112,18.106,18.049,17.973,17.956,18.042,18.186,18.2,18.061,17.921,17.848,17.83,17.839,17.86,17.885,17.908,17.924,17.929,17.926,17.93,17.953,17.973,17.97,17.966,17.986,18.017,18.035,18.02,17.96,17.854,17.717,17.583,17.48,17.41,17.368,17.357,17.374,17.408,17.438,17.435,17.416,17.407,17.362,17.307,17.341,17.455,17.539,17.646,17.708,17.688,17.599,17.481,17.38,17.319,17.297,17.299,17.31,17.325,17.337,17.347,17.368,17.385,17.359,17.312,17.322,17.405,17.506,17.589,17.636
18.079,18.079,18.079,18.079,18.08,18.08,18.079,18.088,18.103,18.062,17.985,17.93,17.947,18.086,18.218,18.17,18.025,17.903,17.84,17.825,17.835,17.857,17.883,17.902,17.906,17.897,17.889,17.897,17.908,17.901,17.876,17.855,17.845,17.829,17.793,17.73,17.645,17.554,17.476,17.422,17.391,17.375,17.364,17.36,17.368,17.408,17.451,17.451,17.411,17.34,17.321,17.438,17.556,17.681,17.768,17.749,17.641,17.488,17.36,17.295,17.283,17.294,17.31,17.326,17.338,17.35,17.36,17.361,17.364,17.362,17.329,17.306,17.349,17.445,17.548,17.603
18.055,18.055,18.056,18.055,18.052,18.047,18.042,18.061,18.097,18.077,18.009,17.932,17.89,17.973,18.151,18.22,18.131,17.99,17.88,17.828,17.814,17.822,17.842,17.865,17.881,17.878,17.861,17.85,17.851,17.847,17.82,17.779,17.739,17.699,17.652,17.597,17.538,17.484,17.448,17.438,17.45,17.466,17.467,17.445,17.392,17.387,17.453,17.467,17.389,17.322,17.389,17.563,17.706,17.826,17.815,17.713,17.532,17.37,17.293,17.282,17.294,17.308,17.321,17.337,17.354,17.37,17.382,17.387,17.38,17.369,17.346,17.315,17.315,17.374,17.467,17.537
18.029,18.03,18.03,18.028,18.022,18.011,18.002,18.028,18.079,18.082,18.031,17.947,17.869,17.891,18.045,18.185,18.185,18.084,17.95,17.856,17.812,17.798,17.804,17.825,17.849,17.862,17.85,17.825,17.809,17.801,17.78,17.741,17.693,17.644,17.593,17.542,17.497,17.467,17.46,17.477,17.502,17.521,17.527,17.506,17.434,17.402,17.465,17.442,17.349,17.358,17.535,17.717,17.874,17.884,17.801,17.633,17.423,17.311,17.282,17.286,17.288,17.289,17.298,17.318,17.344,17.369,17.393,17.412,17.414,17.399,17.375,17.341,17.315,17.33,17.394,17.462
18.002,18.002,18.004,18.001,17.992,17.975,17.96,17.985,18.04,18.064,18.038,17.963,17.868,17.845,17.953,18.099,18.159,18.136,18.035,17.92,17.846,17.803,17.786,17.789,17.809,17.835,17.843,17.822,17.79,17.768,17.747,17.71,17.663,17.613,17.563,17.52,17.491,17.482,17.49,17.503,17.509,17.507,17.505,17.487,17.448,17.436,17.444,17.379,17.349,17.492,17.718,17.906,17.961,17.892,17.771,17.545,17.358,17.293,17.271,17.264,17.25,17.246,17.267,17.303,17.34,17.366,17.387,17.415,17.436,17.434,17.411,17.377,17.337,17.321,17.348,17.4
17.974,17.975,17.978,17.976,17.965,17.944,17.922,17.934,17.981,18.017,18.021,17.976,17.884,17.824,17.884,18.011,18.081,18.11,18.087,17.994,17.906,17.842,17.797,17.774,17.775,17.797,17.823,17.822,17.788,17.751,17.722,17.685,17.64,17.596,17.555,17.519,17.496,17.485,17.482,17.475,17.459,17.45,17.458,17.46,17.44,17.415,17.378,17.36,17.473,17.705,17.92,18.034,17.991,17.898,17.735,17.477,17.332,17.275,17.24,17.227,17.207,17.221,17.275,17.336,17.383,17.411,17.413,17.418,17.442,17.455,17.444,17.413,17.369,17.334,17.332,17.358
17.945,17.948,17.954,17.954,17.944,17.922,17.894,17.884,17.91,17.949,17.984,17.983,17.915,17.828,17.833,17.934,18.004,18.034,18.068,18.037,17.968,17.899,17.834,17.78,17.755,17.765,17.794,17.812,17.788,17.741,17.705,17.67,17.636,17.601,17.556,17.508,17.474,17.457,17.446,17.422,17.404,17.408,17.417,17.409,17.385,17.361,17.374,17.483,17.697,17.936,18.096,18.089,18.014,17.907,17.703,17.45,17.317,17.247,17.204,17.193,17.182,17.232,17.32,17.389,17.428,17.453,17.46,17.443,17.446,17.463,17.463,17.441,17.402,17.359,17.335,17.337
17.918,17.925,17.935,17.939,17.933,17.914,17.883,17.852,17.845,17.873,17.931,17.976,17.949,17.857,17.811,17.87,17.943,17.964,17.996,18.016,17.988,17.937,17.868,17.793,17.745,17.742,17.769,17.795,17.784,17.734,17.691,17.668,17.65,17.614,17.555,17.494,17.451,17.429,17.403,17.367,17.353,17.357,17.358,17.353,17.356,17.4,17.517,17.713,17.955,18.143,18.182,18.122,18.047,17.916,17.697,17.455,17.303,17.218,17.174,17.167,17.176,17.253,17.352,17.407,17.429,17.448,17.466,17.458,17.445,17.458,17.468,17.458,17.427,17.386,17.349,17.331
17.897,17.907,17.921,17.93,17.929,17.919,17.893,17.85,17.808,17.806,17.864,17.946,17.969,17.899,17.822,17.829,17.894,17.922,17.933,17.956,17.952,17.925,17.869,17.791,17.733,17.724,17.752,17.781,17.775,17.725,17.682,17.677,17.676,17.642,17.571,17.489,17.425,17.389,17.353,17.318,17.311,17.321,17.34,17.376,17.445,17.564,17.748,17.982,18.185,18.257,18.213,18.158,18.081,17.939,17.727,17.483,17.299,17.195,17.147,17.145,17.173,17.257,17.36,17.405,17.412,17.424,17.447,17.453,17.436,17.443,17.46,17.462,17.443,17.408,17.365,17.333
17.882,17.898,17.915,17.928,17.933,17.932,17.919,17.879,17.814,17.769,17.798,17.895,17.966,17.931,17.848,17.816,17.852,17.89,17.896,17.903,17.893,17.868,17.825,17.76,17.711,17.709,17.74,17.771,17.764,17.715,17.678,17.692,17.71,17.681,17.597,17.482,17.391,17.351,17.32,17.302,17.319,17.36,17.415,17.493,17.614,17.793,18.015,18.219,18.308,18.28,18.233,18.187,18.11,17.983,17.788,17.536,17.314,17.18,17.122,17.122,17.163,17.248,17.355,17.399,17.393,17.395,17.42,17.434,17.421,17.42,17.44,17.454,17.449,17.425,17.382,17.338
17.882,17.9,17.918,17.933,17.942,17.949,17.949,17.924,17.858,17.778,17.755,17.833,17.94,17.948,17.868,17.813,17.819,17.852,17.862,17.859,17.836,17.797,17.759,17.715,17.69,17.7,17.734,17.763,17.752,17.704,17.679,17.709,17.742,17.717,17.616,17.468,17.36,17.33,17.332,17.35,17.388,17.444,17.53,17.659,17.834,18.044,18.237,18.33,18.311,18.265,18.234,18.192,18.134,18.039,17.867,17.617,17.356,17.178,17.099,17.096,17.143,17.228,17.337,17.392,17.382,17.371,17.393,17.409,17.403,17.394,17.416,17.438,17.447,17.435,17.396,17.345
17.898,17.914,17.931,17.944,17.954,17.964,17.973,17.966,17.918,17.824,17.746,17.773,17.895,17.954,17.883,17.803,17.782,17.805,17.821,17.814,17.781,17.732,17.702,17.682,17.681,17.701,17.734,17.757,17.739,17.695,17.683,17.724,17.763,17.736,17.616,17.443,17.34,17.354,17.392,17.413,17.47,17.568,17.699,17.864,18.054,18.229,18.32,18.301,18.249,18.22,18.192,18.169,18.145,18.087,17.953,17.722,17.435,17.2,17.083,17.068,17.116,17.2,17.308,17.382,17.382,17.357,17.361,17.379,17.378,17.369,17.389,17.42,17.44,17.441,17.407,17.352
17.929,17.938,17.953,17.962,17.968,17.976,17.987,17.995,17.977,17.896,17.769,17.726,17.831,17.953,17.91,17.798,17.74,17.749,17.773,17.769,17.735,17.691,17.672,17.672,17.685,17.708,17.735,17.751,17.73,17.691,17.689,17.733,17.771,17.737,17.596,17.41,17.344,17.414,17.468,17.518,17.614,17.736,17.875,18.031,18.188,18.281,18.263,18.198,18.159,18.131,18.113,18.115,18.122,18.107,18.027,17.84,17.555,17.263,17.086,17.044,17.085,17.165,17.268,17.364,17.389,17.358,17.334,17.34,17.344,17.342,17.363,17.401,17.431,17.443,17.418,17.363
17.965,17.968,17.978,17.983,17.984,17.987,17.993,18.008,18.025,17.988,17.829,17.706,17.761,17.931,17.952,17.825,17.717,17.696,17.721,17.727,17.704,17.676,17.664,17.671,17.688,17.714,17.74,17.749,17.729,17.697,17.698,17.738,17.77,17.724,17.563,17.39,17.392,17.513,17.595,17.676,17.775,17.872,17.981,18.113,18.218,18.214,18.138,18.084,18.051,18.022,18.016,18.031,18.059,18.085,18.069,17.954,17.706,17.383,17.126,17.03,17.053,17.125,17.22,17.327,17.395,17.383,17.335,17.31,17.311,17.318,17.343,17.385,17.422,17.443,17.429,17.379
17.996,17.994,18.001,18.001,17.999,17.997,17.998,18.013,18.056,18.077,17.925,17.72,17.706,17.881,17.982,17.886,17.735,17.666,17.677,17.692,17.684,17.668,17.661,17.668,17.69,17.723,17.75,17.756,17.739,17.715,17.713,17.743,17.765,17.704,17.537,17.416,17.507,17.657,17.742,17.818,17.885,17.94,18.02,18.128,18.163,18.092,18.022,17.987,17.95,17.928,17.923,17.934,17.968,18.022,18.065,18.035,17.866,17.558,17.23,17.043,17.024,17.083,17.165,17.268,17.374,17.419,17.385,17.327,17.302,17.311,17.339,17.38,17.419,17.447,17.443,17.402
18.016,18.013,18.016,18.014,18.011,18.009,18.012,18.029,18.083,18.141,18.026,17.764,17.683,17.821,17.971,17.945,17.786,17.669,17.653,17.669,17.669,17.66,17.66,17.674,17.704,17.742,17.77,17.778,17.766,17.744,17.736,17.752,17.758,17.686,17.54,17.505,17.664,17.793,17.848,17.905,17.938,17.956,18.019,18.098,18.071,17.991,17.955,17.928,17.898,17.876,17.859,17.856,17.881,17.94,18.017,18.063,18,17.766,17.413,17.114,17.008,17.04,17.111,17.195,17.308,17.418,17.456,17.416,17.361,17.346,17.365,17.395,17.431,17.46,17.463,17.43
18.025,18.023,18.024,18.021,18.021,18.026,18.038,18.066,18.122,18.184,18.101,17.819,17.691,17.776,17.924,17.965,17.842,17.695,17.645,17.656,17.66,17.659,17.673,17.697,17.72,17.737,17.754,17.778,17.795,17.786,17.766,17.763,17.755,17.68,17.575,17.623,17.798,17.87,17.903,17.951,17.952,17.939,17.999,18.048,17.992,17.949,17.943,17.928,17.907,17.878,17.842,17.822,17.833,17.879,17.955,18.039,18.072,17.961,17.662,17.281,17.037,17.002,17.06,17.125,17.209,17.335,17.456,17.504,17.478,17.436,17.426,17.44,17.465,17.488,17.489,17.46
18.026,18.025,18.023,18.023,18.03,18.047,18.075,18.117,18.176,18.219,18.14,17.865,17.717,17.754,17.866,17.943,17.879,17.73,17.647,17.648,17.659,17.669,17.69,17.707,17.707,17.694,17.688,17.707,17.756,17.804,17.802,17.777,17.756,17.69,17.626,17.724,17.871,17.887,17.925,17.962,17.932,17.91,17.977,18,17.963,17.973,17.993,17.994,17.976,17.928,17.869,17.836,17.839,17.868,17.921,17.997,18.076,18.085,17.917,17.551,17.161,16.986,17.009,17.072,17.121,17.202,17.335,17.465,17.534,17.537,17.518,17.515,17.523,17.531,17.524,17.49
18.023,18.019,18.018,18.023,18.041,18.071,18.115,18.17,18.23,18.246,18.151,17.9,17.753,17.757,17.815,17.901,17.89,17.77,17.664,17.645,17.663,17.677,17.691,17.694,17.684,17.677,17.675,17.669,17.676,17.74,17.813,17.801,17.761,17.711,17.672,17.787,17.896,17.877,17.926,17.939,17.898,17.89,17.961,17.983,17.996,18.051,18.092,18.115,18.1,18.025,17.933,17.884,17.887,17.908,17.937,17.982,18.048,18.117,18.098,17.861,17.424,17.05,16.956,17.018,17.067,17.096,17.17,17.295,17.424,17.512,17.551,17.561,17.562,17.554,17.525,17.467
18.013,18.009,18.01,18.023,18.051,18.095,18.151,18.217,18.272,18.258,18.147,17.931,17.799,17.782,17.789,17.855,17.886,17.814,17.703,17.651,17.66,17.671,17.675,17.677,17.688,17.715,17.73,17.708,17.659,17.646,17.754,17.816,17.782,17.735,17.706,17.814,17.905,17.875,17.923,17.907,17.867,17.886,17.957,17.997,18.055,18.134,18.207,18.277,18.272,18.17,18.033,17.95,17.948,17.965,17.982,18.005,18.04,18.099,18.16,18.105,17.78,17.274,16.953,16.939,17.009,17.031,17.046,17.108,17.209,17.313,17.391,17.439,17.452,17.436,17.39,17.315
17.999,17.998,18.003,18.023,18.062,18.115,18.18,18.25,18.295,18.255,18.138,17.969,17.858,17.829,17.804,17.826,17.874,17.858,17.77,17.683,17.653,17.655,17.656,17.667,17.701,17.752,17.783,17.772,17.715,17.637,17.643,17.782,17.81,17.765,17.732,17.811,17.911,17.887,17.935,17.895,17.854,17.895,17.962,18.022,18.118,18.239,18.358,18.392,18.368,18.287,18.145,18.018,18.002,18.014,18.022,18.039,18.06,18.089,18.144,18.198,18.091,17.658,17.113,16.88,16.914,16.955,16.947,16.959,17.017,17.098,17.163,17.202,17.22,17.216,17.192,17.165
17.987,17.989,17.998,18.024,18.07,18.131,18.2,18.269,18.303,18.249,18.138,18.023,17.934,17.898,17.864,17.842,17.872,17.902,17.868,17.782,17.699,17.658,17.644,17.644,17.666,17.713,17.764,17.798,17.794,17.72,17.62,17.699,17.8,17.801,17.76,17.785,17.906,17.905,17.96,17.917,17.865,17.909,17.966,18.039,18.161,18.308,18.361,18.37,18.398,18.366,18.238,18.075,18.041,18.051,18.05,18.058,18.075,18.096,18.124,18.179,18.228,18.049,17.501,16.975,16.829,16.847,16.821,16.781,16.799,16.885,16.99,17.06,17.092,17.108,17.12,17.135
17.977,17.984,17.997,18.026,18.076,18.141,18.211,18.277,18.306,18.256,18.164,18.097,18.033,17.988,17.956,17.919,17.911,17.95,17.98,17.957,17.888,17.805,17.741,17.702,17.69,17.704,17.727,17.766,17.818,17.819,17.719,17.617,17.738,17.819,17.805,17.757,17.873,17.909,17.981,17.969,17.905,17.932,17.966,18.019,18.146,18.337,18.355,18.352,18.409,18.427,18.317,18.113,18.063,18.079,18.074,18.07,18.075,18.093,18.115,18.142,18.204,18.252,17.984,17.349,16.899,16.791,16.721,16.596,16.501,16.514,16.639,16.797,16.907,16.962,16.984,16.969
17.973,17.983,18.001,18.031,18.082,18.147,18.217,18.279,18.311,18.281,18.215,18.181,18.143,18.095,18.066,18.026,17.992,18.005,18.054,18.096,18.105,18.084,18.051,18.024,18.007,17.998,17.983,17.96,17.901,17.869,17.852,17.732,17.654,17.761,17.835,17.778,17.829,17.882,17.968,18.024,17.976,17.972,17.99,18.005,18.059,18.252,18.318,18.345,18.39,18.41,18.322,18.126,18.073,18.093,18.092,18.079,18.071,18.075,18.092,18.117,18.148,18.228,18.277,17.923,17.282,16.934,16.795,16.615,16.395,16.235,16.221,16.345,16.494,16.563,16.543,16.482
17.978,17.988,18.012,18.04,18.087,18.151,18.219,18.279,18.317,18.309,18.265,18.242,18.221,18.188,18.164,18.138,18.083,18.045,18.052,18.089,18.128,18.157,18.181,18.207,18.232,18.249,18.255,18.245,18.195,18.076,17.931,17.882,17.736,17.698,17.782,17.803,17.805,17.845,17.917,18.018,18.048,18.04,18.044,18.046,18.038,18.106,18.203,18.273,18.306,18.295,18.207,18.101,18.085,18.101,18.096,18.076,18.057,18.053,18.064,18.085,18.114,18.153,18.262,18.318,17.944,17.417,17.149,16.963,16.709,16.415,16.129,15.924,15.814,15.739,15.655,15.559
17.989,17.998,18.03,18.055,18.094,18.154,18.22,18.277,18.317,18.325,18.293,18.263,18.241,18.217,18.194,18.178,18.161,18.122,18.076,18.055,18.054,18.061,18.085,18.138,18.205,18.261,18.298,18.315,18.307,18.264,18.172,17.994,17.882,17.765,17.74,17.779,17.786,17.808,17.856,17.944,18.036,18.084,18.106,18.119,18.117,18.113,18.118,18.132,18.143,18.126,18.096,18.096,18.109,18.105,18.084,18.055,18.029,18.022,18.039,18.064,18.086,18.112,18.168,18.297,18.405,18.151,17.81,17.582,17.315,17.056,16.833,16.608,16.412,16.267,16.181,16.155
17.995,18.014,18.054,18.076,18.105,18.157,18.221,18.275,18.313,18.327,18.303,18.261,18.221,18.179,18.146,18.129,18.128,18.128,18.119,18.1,18.072,18.044,18.051,18.121,18.217,18.292,18.347,18.373,18.368,18.334,18.277,18.208,18.065,17.905,17.794,17.77,17.773,17.776,17.8,17.855,17.938,18.021,18.084,18.126,18.152,18.169,18.178,18.18,18.174,18.163,18.151,18.134,18.11,18.083,18.052,18.018,17.992,17.994,18.024,18.058,18.08,18.093,18.123,18.192,18.326,18.503,18.514,18.367,18.004,17.5,17.231,17.059,16.867,16.788,16.765,16.724
18.027,18.036,18.078,18.1,18.119,18.16,18.22,18.272,18.308,18.326,18.311,18.262,18.202,18.147,18.116,18.099,18.081,18.063,18.059,18.072,18.085,18.084,18.113,18.201,18.29,18.344,18.386,18.423,18.432,18.413,18.341,18.271,18.216,18.082,17.927,17.831,17.8,17.785,17.781,17.801,17.848,17.911,17.977,18.032,18.073,18.101,18.119,18.125,18.12,18.105,18.087,18.07,18.054,18.035,18.003,17.969,17.956,17.977,18.016,18.048,18.067,18.085,18.103,18.155,18.246,18.358,18.52,18.677,18.4,17.457,17.166,17.27,16.757,16.338,16.311,16.346
18.078,18.057,18.099,18.125,18.136,18.164,18.216,18.269,18.306,18.325,18.319,18.276,18.216,18.173,18.157,18.148,18.12,18.077,18.036,18.024,18.05,18.094,18.167,18.262,18.324,18.34,18.357,18.405,18.441,18.439,18.405,18.309,18.252,18.204,18.077,17.94,17.865,17.838,17.823,17.822,17.838,17.87,17.913,17.956,17.995,18.024,18.041,18.047,18.047,18.046,18.045,18.041,18.025,17.989,17.942,17.909,17.914,17.953,17.999,18.025,18.037,18.058,18.094,18.131,18.232,18.334,18.389,18.229,17.3,15.865,16.297,16.762,16.267,15.751,15.828,16.023
18.062,18.062,18.114,18.147,18.154,18.168,18.211,18.265,18.307,18.327,18.325,18.296,18.252,18.222,18.216,18.209,18.176,18.121,18.065,18.039,18.063,18.12,18.198,18.264,18.291,18.28,18.266,18.319,18.397,18.415,18.394,18.334,18.255,18.236,18.18,18.054,17.946,17.901,17.892,17.896,17.907,17.927,17.953,17.982,18.007,18.023,18.036,18.049,18.06,18.059,18.04,18.003,17.949,17.886,17.824,17.791,17.817,17.897,17.968,17.992,17.999,18.023,18.075,18.125,18.214,18.363,18.331,17.805,16.543,15.123,15.763,15.921,15.027,15.295,15.857,16.231
18.052,18.068,18.125,18.164,18.17,18.172,18.202,18.257,18.309,18.336,18.331,18.309,18.283,18.264,18.259,18.251,18.213,18.144,18.073,18.042,18.078,18.147,18.21,18.24,18.241,18.222,18.194,18.238,18.347,18.387,18.362,18.313,18.249,18.225,18.22,18.142,18.028,17.956,17.94,17.952,17.971,17.989,18.006,18.018,18.032,18.053,18.07,18.07,18.037,17.968,17.884,17.815,17.757,17.674,17.577,17.548,17.644,17.811,17.921,17.941,17.95,17.988,18.057,18.129,18.198,18.327,17.948,17.359,16.003,15.216,15.262,15.038,14.697,15.584,16.52,16.856
18.048,18.073,18.132,18.173,18.18,18.174,18.189,18.24,18.302,18.344,18.342,18.315,18.296,18.286,18.28,18.264,18.215,18.129,18.04,18.013,18.073,18.15,18.189,18.192,18.19,18.19,18.17,18.195,18.32,18.371,18.34,18.29,18.232,18.208,18.22,18.188,18.095,18.008,17.97,17.968,17.98,17.996,18.018,18.054,18.089,18.089,18.03,17.919,17.787,17.664,17.572,17.508,17.421,17.282,17.203,17.282,17.501,17.74,17.858,17.864,17.884,17.956,18.05,18.139,18.226,18.229,17.376,16.132,15.076,15.411,15.025,14.348,14.704,16.105,17.181,17.436
18.052,18.078,18.133,18.171,18.178,18.169,18.173,18.214,18.277,18.33,18.34,18.312,18.289,18.281,18.27,18.238,18.171,18.068,17.972,17.987,18.083,18.141,18.143,18.14,18.166,18.199,18.194,18.189,18.309,18.363,18.326,18.27,18.213,18.188,18.207,18.202,18.137,18.055,18.002,17.99,18.008,18.053,18.109,18.126,18.055,17.897,17.702,17.499,17.329,17.218,17.152,17.096,17.016,16.953,17.036,17.264,17.532,17.724,17.78,17.773,17.81,17.922,18.054,18.157,18.291,18.239,17.367,15.617,15.175,15.75,15.196,14.283,14.666,16.127,17.217,17.531
18.055,18.079,18.127,18.159,18.164,18.153,18.151,18.183,18.24,18.291,18.308,18.287,18.26,18.245,18.223,18.17,18.088,17.976,17.909,18.002,18.102,18.103,18.082,18.115,18.189,18.243,18.241,18.208,18.302,18.351,18.3,18.234,18.183,18.165,18.191,18.203,18.163,18.103,18.069,18.079,18.125,18.154,18.105,17.942,17.687,17.413,17.171,16.969,16.908,16.957,17.028,17.022,16.94,16.932,17.122,17.415,17.638,17.729,17.771,17.8,17.827,17.93,18.071,18.183,18.316,18.376,18.197,16.694,16.227,16.312,15.365,14.109,14.366,15.7,16.776,17.063
18.057,18.071,18.111,18.136,18.137,18.126,18.123,18.15,18.198,18.239,18.25,18.23,18.202,18.181,18.149,18.076,17.988,17.876,17.896,18.05,18.084,18.027,18.041,18.141,18.249,18.298,18.285,18.241,18.291,18.319,18.248,18.175,18.143,18.151,18.185,18.208,18.196,18.173,18.17,18.18,18.143,17.994,17.782,17.445,17.156,16.97,16.761,16.698,16.891,17.1,17.248,17.254,17.125,17.091,17.281,17.534,17.654,17.754,17.861,17.877,17.879,17.969,18.099,18.215,18.294,18.353,18.601,17.879,17.486,17.191,15.992,14.01,13.904,14.853,15.728,15.945
18.032,18.054,18.087,18.103,18.098,18.088,18.09,18.117,18.157,18.182,18.175,18.146,18.119,18.101,18.065,17.979,17.885,17.805,17.953,18.079,18.005,17.953,18.053,18.207,18.313,18.341,18.312,18.276,18.276,18.268,18.184,18.123,18.12,18.148,18.176,18.194,18.197,18.192,18.148,18.006,17.844,17.583,17.179,17.041,16.94,16.663,16.331,16.663,17.218,17.523,17.639,17.589,17.426,17.291,17.365,17.49,17.661,17.892,18.005,17.974,17.932,18.015,18.144,18.246,18.246,18.319,18.546,18.407,18.035,17.028,15.076,13.712,13.565,13.867,14.46,14.717
18.02,18.034,18.058,18.063,18.055,18.049,18.059,18.087,18.114,18.118,18.088,18.05,18.035,18.023,17.971,17.887,17.786,17.805,18.044,18.036,17.892,17.921,18.108,18.274,18.354,18.361,18.323,18.305,18.279,18.223,18.142,18.104,18.122,18.142,18.16,18.164,18.113,18.006,17.885,17.725,17.406,17.125,17.049,16.941,16.555,16.103,16.123,16.882,17.659,17.939,17.992,17.901,17.652,17.282,17.265,17.468,17.821,17.998,18.019,17.996,17.982,18.071,18.183,18.272,18.292,18.499,18.481,18.383,17.5,15.519,14.369,14.04,13.755,13.22,13.241,13.392
18.008,18.011,18.025,18.023,18.016,18.017,18.033,18.055,18.065,18.045,18.001,17.979,17.98,17.952,17.871,17.797,17.72,17.882,18.093,17.912,17.794,17.931,18.169,18.317,18.369,18.369,18.333,18.329,18.294,18.204,18.127,18.112,18.148,18.147,18.108,18.054,18.008,17.961,17.823,17.501,17.185,17.044,16.889,16.341,16.125,16.198,16.301,17.201,17.93,18.074,18.098,18.051,17.713,17.178,17.154,17.531,17.974,18.095,18.04,18.024,18.055,18.13,18.354,18.846,18.798,18.759,18.11,17.204,15.987,14.276,14.554,14.339,14.393,14.101,13.753,13.587
17.996,17.986,17.992,17.988,17.985,17.993,18.008,18.018,18.008,17.973,17.946,17.952,17.938,17.865,17.77,17.714,17.719,17.98,18.042,17.754,17.729,17.951,18.212,18.336,18.375,18.387,18.36,18.352,18.301,18.197,18.127,18.113,18.116,18.062,18.019,17.978,17.866,17.662,17.471,17.293,16.98,16.713,16.307,16.244,16.556,16.274,16.604,17.584,18.068,18.041,18.082,18.089,17.694,17.124,17.104,17.77,18.169,18.216,18.085,18.046,18.192,18.545,18.971,18.877,18.804,18.172,16.603,15.142,14.326,14.1,14.171,13.834,13.782,13.689,13.638,13.856
17.988,17.962,17.964,17.961,17.964,17.976,17.986,17.982,17.959,17.931,17.938,17.944,17.879,17.763,17.682,17.649,17.767,18.04,17.898,17.617,17.668,17.951,18.223,18.337,18.375,18.408,18.399,18.366,18.289,18.192,18.126,18.076,18.021,17.908,17.733,17.421,17.031,16.724,16.648,16.737,16.656,16.298,16.247,16.66,16.5,16.116,16.951,17.899,18.111,18.021,18.093,18.049,17.637,17.225,17.523,18.162,18.37,18.455,18.448,18.406,18.453,18.706,18.726,17.49,17.322,16.979,15.668,14.475,14.09,14.189,14.144,14.428,0,0,0,0
17.947,17.939,17.942,17.944,17.952,17.964,17.969,17.958,17.935,17.929,17.954,17.92,17.802,17.683,17.621,17.612,17.819,18.038,17.719,17.498,17.58,17.899,18.184,18.318,18.359,18.4,18.408,18.351,18.263,18.19,18.128,18.049,17.94,17.729,17.38,16.924,16.562,16.449,16.531,16.45,16.291,16.26,16.64,16.601,15.991,16.134,17.179,17.992,18.114,18.042,18.073,17.966,17.676,17.6,18.116,18.366,18.479,18.546,18.591,18.608,18.494,18.166,16.95,15.352,15.38,15.472,15.241,15.19,0,0,0,0,0,0,0,0
17.934,17.926,17.928,17.934,17.947,17.959,17.961,17.949,17.935,17.949,17.96,17.881,17.748,17.647,17.588,17.609,17.859,17.987,17.555,17.356,17.436,17.747,18.078,18.282,18.324,18.344,18.351,18.301,18.237,18.194,18.131,18.04,17.907,17.648,17.245,16.796,16.475,16.384,16.262,16.17,16.225,16.603,16.843,16.237,15.788,16.086,17.048,17.906,18.12,18.056,18.043,17.979,17.89,18.008,18.24,18.315,18.367,18.302,18.187,18.19,17.999,17.428,16.246,15.541,15.318,15.843,0,0,0,0,0,0,0,0,0,0
17.929,17.919,17.923,17.932,17.946,17.958,17.959,17.95,17.945,17.963,17.95,17.855,17.741,17.654,17.588,17.625,17.871,17.915,17.419,17.172,17.202,17.468,17.882,18.208,18.283,18.271,18.275,18.259,18.239,18.213,18.145,18.053,17.924,17.653,17.187,16.648,16.336,16.211,16.063,16.122,16.5,17.012,16.841,16.308,15.785,15.759,16.554,17.554,18.04,18.102,18.066,18.052,18.075,18.165,18.25,18.308,18.328,18.165,17.914,17.777,17.56,17.013,16.114,16.044,16.217,0,0,0,0,0,0,0,0,0,0,0
17.931,17.92,17.926,17.935,17.949,17.961,17.962,17.955,17.953,17.965,17.942,17.861,17.773,17.693,17.617,17.638,17.854,17.854,17.312,16.961,16.884,17.077,17.549,18.044,18.245,18.234,18.232,18.247,18.249,18.225,18.155,18.067,17.966,17.746,17.302,16.704,16.317,16.183,16.056,16.298,16.902,17.218,17.093,16.758,16.037,15.466,15.724,16.687,17.519,17.992,18.178,18.188,18.223,18.23,18.146,18.005,17.864,17.711,17.584,17.472,17.293,16.883,16.413,16.001,0,0,0,0,0,0,0,0,0,0,0,0
17.941,17.929,17.936,17.945,17.956,17.966,17.967,17.961,17.958,17.963,17.946,17.888,17.816,17.737,17.658,17.646,17.823,17.821,17.25,16.767,16.557,16.648,17.088,17.717,18.133,18.185,18.153,18.159,18.166,18.168,18.146,18.08,17.945,17.599,16.94,16.356,16.286,16.283,16.248,16.616,17.147,17.304,17.378,17.326,16.845,15.901,15.055,15.334,16.153,16.941,17.562,17.753,17.66,17.365,17.12,17.07,16.947,16.754,16.587,16.537,16.654,16.782,16.623,15.993,0,0,0,0,0,0,0,0,0,0,0,0
