18.392,18.399,18.422,18.432,18.43,18.425,18.428,18.439,18.45,18.479,18.501,18.525,18.557,18.604,18.699,18.809,18.885,18.935,18.969,18.994,19.008,19.01,19.008,19.006,19.01,19.014,19.02,19.023,19.023,19.017,19.005,18.985,18.961,18.935,18.907,18.878,18.849,18.817,18.775,18.729,18.695,18.659,18.62,18.578,18.534,18.486,18.428,18.367,18.304,18.245,18.192,18.144,18.098,18.054,18.01,17.967,17.921,17.875,17.827,17.78,17.73,17.675,17.622,17.565,17.502,17.431,17.367,17.308,17.259,17.226,17.204,17.183,17.166,17.15,17.136,17.12
18.386,18.411,18.434,18.45,18.458,18.466,18.477,18.492,18.509,18.526,18.542,18.563,18.597,18.65,18.722,18.802,18.875,18.931,18.972,19,19.016,19.02,19.018,19.014,19.014,19.017,19.022,19.026,19.025,19.019,19.006,18.987,18.965,18.94,18.913,18.885,18.855,18.823,18.787,18.75,18.711,18.669,18.623,18.574,18.522,18.466,18.407,18.345,18.284,18.227,18.176,18.131,18.088,18.047,18.006,17.964,17.921,17.876,17.828,17.778,17.725,17.67,17.612,17.553,17.492,17.428,17.367,17.311,17.263,17.228,17.204,17.183,17.164,17.145,17.128,17.111
18.402,18.422,18.443,18.455,18.461,18.467,18.477,18.492,18.509,18.524,18.537,18.554,18.588,18.646,18.723,18.805,18.88,18.939,18.982,19.011,19.027,19.031,19.027,19.021,19.017,19.018,19.023,19.028,19.028,19.022,19.01,18.993,18.971,18.947,18.92,18.89,18.858,18.824,18.787,18.748,18.706,18.66,18.609,18.555,18.498,18.439,18.378,18.317,18.259,18.206,18.158,18.115,18.075,18.035,17.995,17.955,17.912,17.867,17.82,17.769,17.716,17.659,17.6,17.54,17.479,17.419,17.362,17.309,17.263,17.226,17.198,17.175,17.154,17.135,17.12,17.105
18.418,18.432,18.447,18.454,18.456,18.459,18.466,18.48,18.497,18.512,18.521,18.531,18.562,18.627,18.716,18.811,18.894,18.958,19.002,19.03,19.043,19.045,19.038,19.028,19.019,19.018,19.022,19.027,19.028,19.023,19.012,18.995,18.974,18.948,18.919,18.888,18.853,18.816,18.776,18.733,18.687,18.636,18.581,18.522,18.462,18.4,18.339,18.281,18.228,18.179,18.135,18.094,18.055,18.017,17.979,17.939,17.897,17.852,17.804,17.752,17.697,17.638,17.578,17.518,17.46,17.406,17.356,17.309,17.266,17.23,17.198,17.168,17.141,17.12,17.105,17.093
18.425,18.436,18.446,18.449,18.447,18.446,18.45,18.462,18.481,18.498,18.502,18.502,18.529,18.604,18.711,18.822,18.916,18.985,19.029,19.054,19.063,19.061,19.05,19.034,19.021,19.016,19.019,19.025,19.027,19.022,19.011,18.993,18.971,18.943,18.912,18.877,18.839,18.798,18.753,18.705,18.653,18.597,18.538,18.475,18.413,18.352,18.295,18.242,18.194,18.15,18.108,18.068,18.03,17.992,17.954,17.915,17.872,17.827,17.776,17.722,17.663,17.602,17.542,17.485,17.435,17.392,17.354,17.32,17.285,17.249,17.21,17.169,17.131,17.102,17.084,17.075
18.427,18.434,18.441,18.44,18.435,18.43,18.431,18.44,18.46,18.483,18.485,18.471,18.49,18.578,18.709,18.838,18.945,19.02,19.063,19.082,19.085,19.077,19.06,19.039,19.02,19.011,19.015,19.022,19.024,19.019,19.006,18.987,18.962,18.932,18.897,18.857,18.814,18.767,18.717,18.662,18.604,18.543,18.481,18.418,18.358,18.301,18.249,18.201,18.157,18.115,18.074,18.035,17.996,17.959,17.921,17.88,17.836,17.787,17.732,17.672,17.608,17.545,17.488,17.441,17.407,17.386,17.372,17.358,17.337,17.302,17.251,17.19,17.13,17.084,17.06,17.052
18.42,18.426,18.431,18.428,18.422,18.415,18.411,18.415,18.434,18.466,18.473,18.441,18.447,18.548,18.702,18.851,18.974,19.057,19.1,19.113,19.108,19.093,19.07,19.041,19.016,19.005,19.009,19.017,19.02,19.013,18.998,18.976,18.947,18.911,18.87,18.825,18.776,18.722,18.663,18.601,18.539,18.478,18.418,18.359,18.302,18.247,18.198,18.152,18.11,18.068,18.028,17.988,17.95,17.912,17.872,17.828,17.779,17.723,17.66,17.591,17.522,17.462,17.418,17.395,17.394,17.407,17.427,17.445,17.444,17.413,17.346,17.253,17.154,17.074,17.033,17.026
18.408,18.413,18.417,18.414,18.407,18.4,18.394,18.391,18.404,18.444,18.464,18.417,18.402,18.508,18.679,18.845,18.985,19.081,19.13,19.14,19.128,19.106,19.075,19.04,19.009,18.996,19.001,19.011,19.012,19.002,18.983,18.955,18.918,18.874,18.825,18.773,18.718,18.658,18.595,18.532,18.473,18.417,18.36,18.301,18.241,18.184,18.134,18.089,18.047,18.006,17.965,17.925,17.884,17.842,17.795,17.743,17.683,17.615,17.543,17.469,17.405,17.363,17.355,17.377,17.421,17.478,17.541,17.598,17.624,17.6,17.519,17.389,17.233,17.093,17.01,16.995
18.392,18.397,18.4,18.397,18.39,18.384,18.38,18.372,18.373,18.414,18.456,18.408,18.362,18.453,18.629,18.805,18.96,19.072,19.133,19.15,19.138,19.111,19.073,19.032,19,18.985,18.99,18.997,18.994,18.978,18.951,18.912,18.862,18.806,18.748,18.693,18.642,18.588,18.53,18.472,18.417,18.363,18.301,18.233,18.166,18.107,18.057,18.012,17.97,17.927,17.883,17.837,17.787,17.73,17.665,17.594,17.52,17.449,17.386,17.336,17.307,17.311,17.355,17.428,17.513,17.609,17.715,17.804,17.843,17.82,17.739,17.599,17.4,17.18,17.016,16.96
18.372,18.378,18.382,18.378,18.371,18.367,18.365,18.357,18.347,18.377,18.44,18.414,18.337,18.387,18.549,18.724,18.886,19.013,19.09,19.123,19.119,19.094,19.055,19.018,18.991,18.975,18.967,18.958,18.937,18.906,18.863,18.81,18.751,18.694,18.647,18.611,18.576,18.532,18.474,18.41,18.351,18.292,18.22,18.144,18.077,18.023,17.977,17.931,17.882,17.829,17.77,17.703,17.626,17.541,17.456,17.38,17.326,17.299,17.296,17.311,17.34,17.386,17.457,17.544,17.645,17.771,17.892,17.965,17.977,17.948,17.895,17.802,17.63,17.369,17.098,16.945
18.353,18.359,18.362,18.358,18.35,18.347,18.349,18.344,18.328,18.341,18.413,18.428,18.335,18.325,18.452,18.613,18.766,18.9,18.992,19.04,19.051,19.04,19.018,18.995,18.972,18.944,18.911,18.875,18.836,18.793,18.745,18.696,18.65,18.614,18.588,18.564,18.528,18.468,18.386,18.306,18.244,18.179,18.102,18.035,17.986,17.944,17.897,17.838,17.768,17.685,17.591,17.493,17.399,17.324,17.278,17.268,17.292,17.339,17.398,17.457,17.507,17.546,17.586,17.647,17.748,17.866,17.962,18.003,17.985,17.956,17.938,17.905,17.812,17.608,17.293,17.007
18.334,18.341,18.342,18.335,18.326,18.323,18.328,18.328,18.313,18.309,18.376,18.435,18.359,18.285,18.356,18.491,18.622,18.746,18.845,18.909,18.94,18.947,18.939,18.921,18.895,18.864,18.83,18.794,18.755,18.713,18.671,18.632,18.599,18.574,18.554,18.529,18.477,18.375,18.252,18.164,18.107,18.045,17.987,17.946,17.909,17.86,17.792,17.704,17.598,17.487,17.392,17.329,17.303,17.309,17.34,17.384,17.432,17.482,17.533,17.583,17.623,17.645,17.656,17.688,17.755,17.85,17.934,17.95,17.915,17.888,17.882,17.88,17.862,17.766,17.527,17.18
18.313,18.321,18.321,18.311,18.299,18.294,18.298,18.305,18.298,18.286,18.332,18.425,18.399,18.282,18.276,18.374,18.478,18.574,18.66,18.725,18.766,18.785,18.788,18.781,18.767,18.749,18.727,18.701,18.67,18.636,18.604,18.577,18.556,18.544,18.539,18.519,18.427,18.253,18.098,18.03,17.992,17.948,17.912,17.876,17.821,17.744,17.646,17.535,17.437,17.381,17.372,17.394,17.429,17.47,17.5,17.511,17.513,17.52,17.54,17.572,17.613,17.653,17.676,17.684,17.712,17.784,17.853,17.855,17.81,17.779,17.767,17.772,17.793,17.791,17.679,17.394
18.28,18.299,18.299,18.287,18.27,18.26,18.261,18.27,18.278,18.272,18.291,18.39,18.434,18.322,18.233,18.275,18.357,18.424,18.48,18.525,18.558,18.578,18.588,18.594,18.598,18.602,18.605,18.604,18.595,18.58,18.561,18.545,18.536,18.541,18.555,18.531,18.382,18.136,17.975,17.937,17.917,17.887,17.852,17.794,17.707,17.604,17.506,17.44,17.43,17.471,17.529,17.573,17.595,17.596,17.579,17.553,17.534,17.527,17.527,17.528,17.537,17.559,17.595,17.634,17.669,17.713,17.761,17.767,17.729,17.702,17.681,17.673,17.689,17.728,17.723,17.553
18.246,18.278,18.278,18.263,18.241,18.224,18.217,18.223,18.244,18.262,18.264,18.337,18.439,18.386,18.245,18.208,18.261,18.319,18.359,18.385,18.4,18.409,18.417,18.426,18.438,18.456,18.479,18.504,18.526,18.54,18.544,18.542,18.542,18.556,18.583,18.559,18.366,18.061,17.894,17.878,17.867,17.837,17.788,17.704,17.599,17.508,17.465,17.486,17.555,17.634,17.692,17.712,17.691,17.648,17.604,17.576,17.573,17.583,17.585,17.572,17.55,17.528,17.519,17.533,17.579,17.651,17.721,17.744,17.712,17.685,17.673,17.656,17.634,17.65,17.699,17.639
18.223,18.26,18.259,18.241,18.214,18.189,18.172,18.17,18.198,18.244,18.256,18.284,18.403,18.436,18.306,18.194,18.189,18.233,18.278,18.305,18.316,18.316,18.315,18.318,18.33,18.349,18.373,18.403,18.437,18.473,18.505,18.529,18.547,18.569,18.603,18.594,18.393,18.039,17.846,17.836,17.828,17.791,17.729,17.637,17.543,17.493,17.509,17.583,17.676,17.741,17.764,17.768,17.76,17.728,17.673,17.624,17.615,17.629,17.625,17.607,17.585,17.565,17.546,17.525,17.506,17.513,17.57,17.675,17.757,17.772,17.748,17.716,17.659,17.608,17.65,17.674
18.203,18.243,18.243,18.222,18.191,18.159,18.132,18.122,18.148,18.213,18.255,18.251,18.338,18.44,18.376,18.236,18.163,18.166,18.202,18.238,18.259,18.265,18.263,18.263,18.273,18.288,18.305,18.328,18.362,18.407,18.456,18.503,18.543,18.578,18.615,18.623,18.447,18.066,17.825,17.802,17.798,17.758,17.695,17.61,17.535,17.511,17.552,17.643,17.734,17.791,17.837,17.895,17.938,17.911,17.791,17.654,17.616,17.614,17.584,17.543,17.507,17.487,17.486,17.501,17.521,17.532,17.525,17.519,17.55,17.615,17.687,17.742,17.708,17.612,17.603,17.672
18.189,18.231,18.231,18.21,18.175,18.137,18.104,18.088,18.109,18.175,18.245,18.243,18.272,18.393,18.416,18.304,18.192,18.145,18.151,18.18,18.21,18.226,18.23,18.23,18.231,18.229,18.227,18.241,18.284,18.35,18.42,18.485,18.54,18.586,18.623,18.637,18.496,18.122,17.833,17.78,17.778,17.747,17.691,17.614,17.546,17.526,17.573,17.671,17.768,17.842,17.935,18.064,18.15,18.069,17.852,17.644,17.604,17.577,17.527,17.472,17.423,17.39,17.376,17.384,17.408,17.443,17.486,17.532,17.561,17.557,17.553,17.573,17.602,17.591,17.57,17.646
18.185,18.225,18.226,18.205,18.169,18.128,18.093,18.075,18.09,18.144,18.222,18.246,18.23,18.315,18.402,18.357,18.249,18.164,18.135,18.148,18.176,18.198,18.204,18.197,18.183,18.162,18.146,18.164,18.231,18.334,18.436,18.512,18.565,18.604,18.635,18.645,18.514,18.163,17.858,17.773,17.765,17.745,17.707,17.642,17.572,17.542,17.579,17.68,17.786,17.879,18.012,18.188,18.247,18.041,17.773,17.612,17.577,17.519,17.449,17.378,17.316,17.274,17.26,17.275,17.314,17.362,17.403,17.431,17.468,17.518,17.546,17.539,17.524,17.518,17.527,17.61
18.187,18.226,18.227,18.208,18.175,18.136,18.102,18.084,18.088,18.124,18.194,18.242,18.216,18.24,18.34,18.369,18.305,18.209,18.141,18.127,18.146,18.17,18.179,18.168,18.145,18.113,18.088,18.101,18.181,18.315,18.455,18.554,18.608,18.64,18.659,18.632,18.463,18.143,17.877,17.785,17.759,17.738,17.72,17.684,17.614,17.566,17.581,17.666,17.779,17.898,18.062,18.251,18.237,17.912,17.656,17.589,17.526,17.438,17.34,17.239,17.151,17.095,17.081,17.109,17.169,17.249,17.334,17.404,17.435,17.452,17.492,17.532,17.538,17.513,17.493,17.571
18.219,18.232,18.232,18.219,18.194,18.161,18.132,18.113,18.102,18.115,18.17,18.227,18.22,18.194,18.258,18.332,18.332,18.267,18.176,18.122,18.117,18.137,18.154,18.15,18.125,18.087,18.045,18.033,18.092,18.225,18.386,18.52,18.595,18.62,18.596,18.497,18.294,18.037,17.856,17.78,17.738,17.705,17.693,17.699,17.669,17.607,17.592,17.642,17.745,17.896,18.1,18.273,18.109,17.764,17.613,17.554,17.453,17.332,17.194,17.059,16.959,16.917,16.934,16.995,17.079,17.17,17.257,17.34,17.41,17.44,17.453,17.491,17.534,17.533,17.493,17.54
18.229,18.235,18.24,18.236,18.222,18.203,18.184,18.164,18.133,18.116,18.151,18.207,18.223,18.182,18.189,18.264,18.312,18.304,18.232,18.149,18.106,18.106,18.126,18.136,18.12,18.082,18.028,17.98,17.983,18.061,18.185,18.303,18.37,18.37,18.305,18.181,18.02,17.876,17.793,17.755,17.726,17.694,17.666,17.667,17.687,17.652,17.617,17.632,17.71,17.889,18.133,18.249,17.917,17.674,17.604,17.504,17.365,17.205,17.029,16.886,16.824,16.847,16.934,17.051,17.167,17.262,17.327,17.368,17.402,17.427,17.43,17.446,17.5,17.537,17.507,17.523
18.223,18.235,18.247,18.255,18.256,18.253,18.251,18.237,18.19,18.136,18.14,18.188,18.215,18.19,18.153,18.192,18.255,18.293,18.275,18.199,18.124,18.088,18.094,18.115,18.117,18.088,18.035,17.967,17.911,17.905,17.941,17.984,18.007,17.994,17.946,17.882,17.825,17.791,17.778,17.774,17.767,17.745,17.704,17.668,17.678,17.68,17.645,17.639,17.702,17.93,18.17,18.114,17.777,17.672,17.589,17.448,17.271,17.073,16.885,16.787,16.812,16.933,17.098,17.261,17.392,17.479,17.523,17.532,17.518,17.493,17.454,17.424,17.457,17.521,17.519,17.519
18.211,18.231,18.253,18.272,18.287,18.302,18.32,18.324,18.275,18.183,18.142,18.174,18.2,18.196,18.148,18.135,18.188,18.239,18.269,18.238,18.163,18.095,18.068,18.083,18.103,18.091,18.046,17.982,17.908,17.856,17.836,17.831,17.825,17.813,17.796,17.78,17.771,17.772,17.78,17.794,17.806,17.798,17.753,17.692,17.675,17.691,17.662,17.646,17.759,18.062,18.184,17.923,17.761,17.686,17.567,17.396,17.184,16.958,16.792,16.778,16.909,17.115,17.322,17.486,17.593,17.651,17.674,17.676,17.655,17.612,17.536,17.449,17.431,17.495,17.524,17.521
18.198,18.227,18.257,18.285,18.311,18.34,18.375,18.403,18.375,18.258,18.161,18.168,18.187,18.186,18.162,18.103,18.126,18.175,18.215,18.229,18.188,18.118,18.061,18.051,18.077,18.087,18.051,17.992,17.927,17.867,17.833,17.81,17.78,17.738,17.697,17.671,17.662,17.665,17.685,17.729,17.786,17.81,17.771,17.704,17.683,17.685,17.649,17.692,17.931,18.174,18.074,17.869,17.813,17.717,17.558,17.357,17.104,16.86,16.745,16.831,17.056,17.308,17.506,17.625,17.678,17.693,17.694,17.697,17.703,17.692,17.626,17.506,17.431,17.473,17.523,17.527
18.188,18.224,18.26,18.294,18.327,18.362,18.405,18.452,18.46,18.351,18.196,18.167,18.178,18.17,18.17,18.098,18.071,18.117,18.153,18.173,18.165,18.122,18.062,18.03,18.048,18.074,18.054,17.997,17.938,17.882,17.833,17.774,17.694,17.628,17.61,17.619,17.629,17.642,17.654,17.68,17.748,17.798,17.758,17.689,17.66,17.653,17.692,17.883,18.136,18.167,17.995,17.958,17.902,17.769,17.567,17.324,17.02,16.777,16.734,16.92,17.214,17.471,17.622,17.676,17.674,17.657,17.645,17.648,17.674,17.707,17.684,17.567,17.451,17.461,17.52,17.536
18.183,18.224,18.262,18.3,18.336,18.374,18.418,18.47,18.506,18.434,18.241,18.169,18.169,18.157,18.155,18.11,18.035,18.06,18.106,18.117,18.106,18.084,18.047,18.014,18.023,18.057,18.052,17.999,17.941,17.881,17.804,17.704,17.627,17.634,17.668,17.665,17.661,17.678,17.702,17.727,17.755,17.74,17.673,17.64,17.656,17.735,17.906,18.12,18.203,18.117,18.102,18.109,18.027,17.84,17.585,17.288,16.939,16.716,16.752,17.019,17.352,17.584,17.672,17.669,17.636,17.612,17.602,17.604,17.632,17.689,17.708,17.613,17.477,17.459,17.52,17.546
18.184,18.225,18.265,18.305,18.343,18.382,18.425,18.476,18.522,18.485,18.287,18.176,18.151,18.147,18.121,18.111,18.023,18.008,18.059,18.08,18.056,18.03,18.01,17.992,18.005,18.041,18.047,17.997,17.935,17.861,17.755,17.661,17.672,17.75,17.758,17.708,17.675,17.681,17.694,17.688,17.671,17.655,17.658,17.715,17.825,17.982,18.143,18.22,18.195,18.209,18.276,18.262,18.135,17.905,17.605,17.261,16.884,16.684,16.778,17.097,17.448,17.646,17.679,17.643,17.608,17.601,17.602,17.599,17.614,17.671,17.712,17.639,17.499,17.463,17.523,17.557
18.188,18.229,18.268,18.309,18.349,18.39,18.435,18.484,18.53,18.505,18.321,18.191,18.128,18.133,18.088,18.086,18.018,17.974,18.012,18.047,18.027,17.995,17.978,17.97,17.99,18.029,18.04,17.992,17.921,17.826,17.713,17.687,17.804,17.914,17.905,17.823,17.74,17.694,17.682,17.686,17.708,17.761,17.846,17.961,18.086,18.189,18.236,18.24,18.279,18.365,18.396,18.336,18.184,17.946,17.643,17.268,16.868,16.67,16.782,17.13,17.496,17.676,17.677,17.632,17.614,17.628,17.638,17.624,17.62,17.666,17.709,17.649,17.513,17.47,17.53,17.569
18.193,18.233,18.272,18.313,18.355,18.399,18.446,18.495,18.537,18.509,18.342,18.213,18.108,18.114,18.065,18.038,17.994,17.953,17.976,18.013,18.005,17.976,17.963,17.96,17.982,18.021,18.033,17.984,17.899,17.789,17.705,17.778,17.98,18.119,18.13,18.057,17.96,17.894,17.876,17.899,17.952,18.026,18.108,18.181,18.23,18.25,18.264,18.314,18.392,18.431,18.406,18.324,18.179,17.98,17.713,17.326,16.897,16.663,16.752,17.11,17.5,17.691,17.686,17.643,17.642,17.666,17.678,17.655,17.64,17.673,17.705,17.646,17.52,17.479,17.54,17.582
18.197,18.237,18.276,18.317,18.361,18.408,18.456,18.506,18.541,18.504,18.356,18.238,18.096,18.095,18.047,17.986,17.952,17.929,17.948,17.983,17.984,17.963,17.953,17.957,17.98,18.015,18.025,17.973,17.876,17.762,17.721,17.868,18.118,18.306,18.374,18.334,18.255,18.198,18.167,18.166,18.187,18.214,18.235,18.244,18.251,18.274,18.323,18.38,18.405,18.389,18.344,18.263,18.154,18.027,17.818,17.442,16.981,16.675,16.692,17.031,17.456,17.692,17.705,17.663,17.667,17.692,17.703,17.683,17.665,17.686,17.697,17.633,17.524,17.492,17.552,17.595
18.199,18.239,18.28,18.323,18.368,18.417,18.467,18.515,18.542,18.495,18.372,18.265,18.095,18.077,18.031,17.943,17.907,17.904,17.925,17.951,17.958,17.946,17.941,17.952,17.977,18.009,18.016,17.961,17.856,17.746,17.745,17.938,18.229,18.47,18.562,18.506,18.418,18.348,18.292,18.257,18.238,18.228,18.226,18.238,18.269,18.312,18.346,18.354,18.339,18.313,18.268,18.198,18.137,18.085,17.948,17.617,17.138,16.734,16.626,16.895,17.351,17.667,17.725,17.685,17.68,17.702,17.713,17.703,17.689,17.694,17.683,17.616,17.527,17.507,17.567,17.607
18.201,18.242,18.284,18.328,18.376,18.426,18.478,18.524,18.542,18.487,18.394,18.294,18.106,18.066,18.02,17.913,17.875,17.887,17.908,17.923,17.926,17.923,17.926,17.943,17.971,18.003,18.007,17.95,17.841,17.74,17.766,17.982,18.284,18.513,18.56,18.476,18.386,18.31,18.245,18.204,18.186,18.19,18.214,18.248,18.282,18.301,18.301,18.292,18.282,18.263,18.218,18.162,18.134,18.135,18.075,17.832,17.381,16.884,16.6,16.723,17.168,17.587,17.735,17.709,17.687,17.7,17.71,17.708,17.699,17.691,17.663,17.6,17.535,17.526,17.581,17.615
18.202,18.245,18.287,18.333,18.383,18.436,18.489,18.534,18.544,18.488,18.425,18.323,18.127,18.063,18.015,17.9,17.861,17.881,17.901,17.906,17.909,17.915,17.927,17.943,17.967,17.996,17.998,17.943,17.835,17.742,17.783,18.005,18.296,18.493,18.504,18.401,18.304,18.228,18.174,18.152,18.156,18.182,18.216,18.244,18.258,18.26,18.259,18.264,18.269,18.254,18.209,18.158,18.138,18.158,18.163,18.043,17.693,17.161,16.686,16.573,16.91,17.413,17.705,17.734,17.697,17.694,17.699,17.698,17.691,17.675,17.642,17.591,17.548,17.548,17.593,17.617
18.203,18.246,18.29,18.338,18.39,18.446,18.501,18.543,18.548,18.499,18.46,18.353,18.155,18.073,18.022,17.904,17.859,17.879,17.896,17.903,17.916,17.935,17.949,17.954,17.964,17.988,17.991,17.94,17.837,17.749,17.796,18.016,18.297,18.469,18.46,18.357,18.262,18.188,18.145,18.139,18.156,18.184,18.21,18.225,18.23,18.234,18.249,18.272,18.289,18.278,18.234,18.177,18.141,18.148,18.185,18.18,18,17.554,16.956,16.547,16.63,17.118,17.578,17.74,17.719,17.694,17.689,17.682,17.673,17.656,17.628,17.593,17.568,17.572,17.601,17.616
18.201,18.246,18.291,18.342,18.397,18.455,18.511,18.552,18.555,18.517,18.494,18.383,18.19,18.1,18.047,17.928,17.867,17.876,17.889,17.898,17.92,17.946,17.962,17.961,17.963,17.982,17.987,17.942,17.847,17.762,17.803,18.014,18.281,18.437,18.427,18.339,18.258,18.189,18.149,18.147,18.164,18.186,18.202,18.208,18.212,18.226,18.257,18.297,18.324,18.321,18.282,18.219,18.157,18.128,18.149,18.198,18.184,17.954,17.413,16.763,16.459,16.734,17.292,17.663,17.737,17.707,17.69,17.679,17.664,17.648,17.628,17.607,17.594,17.596,17.609,17.617
18.199,18.245,18.292,18.344,18.402,18.463,18.52,18.559,18.562,18.535,18.519,18.413,18.231,18.141,18.093,17.982,17.895,17.884,17.889,17.894,17.914,17.946,17.972,17.975,17.97,17.981,17.989,17.953,17.867,17.779,17.8,17.988,18.242,18.396,18.4,18.338,18.277,18.213,18.169,18.165,18.175,18.189,18.195,18.194,18.197,18.22,18.265,18.316,18.354,18.366,18.344,18.287,18.209,18.139,18.108,18.13,18.183,18.174,17.909,17.265,16.578,16.41,16.843,17.407,17.689,17.724,17.699,17.686,17.672,17.655,17.641,17.628,17.619,17.618,17.621,17.623
18.197,18.244,18.291,18.346,18.406,18.469,18.526,18.563,18.566,18.546,18.528,18.438,18.277,18.19,18.157,18.066,17.959,17.92,17.912,17.908,17.914,17.942,17.981,18.001,17.991,17.984,17.992,17.974,17.901,17.807,17.789,17.931,18.168,18.338,18.372,18.334,18.298,18.25,18.199,18.187,18.189,18.192,18.187,18.179,18.181,18.207,18.254,18.304,18.348,18.379,18.388,18.362,18.297,18.204,18.12,18.075,18.083,18.139,18.162,17.869,17.096,16.396,16.379,16.92,17.453,17.682,17.71,17.692,17.684,17.675,17.662,17.653,17.645,17.637,17.629,17.62
18.193,18.24,18.289,18.346,18.409,18.474,18.531,18.564,18.563,18.54,18.515,18.449,18.322,18.243,18.229,18.171,18.065,17.997,17.969,17.95,17.935,17.935,17.963,18.006,18.023,18.009,17.999,17.993,17.949,17.862,17.792,17.85,18.049,18.243,18.331,18.318,18.297,18.286,18.241,18.218,18.21,18.201,18.184,18.168,18.167,18.187,18.218,18.247,18.277,18.315,18.357,18.387,18.373,18.3,18.192,18.095,18.029,18.004,18.078,18.173,17.826,16.894,16.217,16.336,16.926,17.422,17.65,17.693,17.678,17.671,17.665,17.653,17.641,17.629,17.621,17.632
18.188,18.237,18.287,18.345,18.41,18.477,18.534,18.564,18.554,18.517,18.479,18.44,18.357,18.294,18.296,18.277,18.2,18.125,18.083,18.053,18.018,17.98,17.957,17.97,18.01,18.035,18.03,18.017,17.993,17.934,17.845,17.802,17.903,18.089,18.237,18.295,18.27,18.288,18.282,18.262,18.247,18.225,18.194,18.17,18.163,18.172,18.178,18.17,18.159,18.169,18.22,18.304,18.378,18.372,18.28,18.16,18.059,17.957,17.9,18.036,18.232,17.758,16.672,16.033,16.228,16.807,17.315,17.582,17.675,17.678,17.671,17.67,17.666,17.667,17.672,17.668
18.183,18.232,18.283,18.342,18.409,18.478,18.536,18.563,18.543,18.485,18.429,18.406,18.373,18.337,18.352,18.365,18.331,18.282,18.251,18.23,18.197,18.14,18.065,17.997,17.969,17.99,18.025,18.043,18.04,18.008,17.938,17.846,17.821,17.919,18.065,18.209,18.25,18.248,18.284,18.3,18.3,18.281,18.238,18.197,18.186,18.193,18.191,18.16,18.104,18.057,18.064,18.154,18.299,18.384,18.344,18.224,18.107,17.988,17.848,17.793,18.06,18.341,17.648,16.476,15.889,16.096,16.584,17.067,17.392,17.577,17.641,17.652,17.65,17.636,17.6,17.512
18.178,18.227,18.279,18.338,18.405,18.476,18.536,18.563,18.534,18.457,18.381,18.355,18.358,18.36,18.39,18.42,18.416,18.398,18.39,18.392,18.388,18.364,18.308,18.221,18.117,18.026,17.985,17.991,18.019,18.041,18.028,17.964,17.871,17.845,17.904,18.037,18.173,18.221,18.241,18.29,18.336,18.349,18.325,18.274,18.242,18.247,18.267,18.271,18.237,18.157,18.068,18.09,18.23,18.354,18.362,18.267,18.147,18.011,17.859,17.712,17.744,18.187,18.428,17.558,16.327,15.774,15.907,16.23,16.598,16.892,17.119,17.244,17.278,17.26,17.18,17
18.172,18.221,18.273,18.332,18.399,18.471,18.535,18.564,18.533,18.444,18.353,18.306,18.313,18.35,18.402,18.442,18.445,18.43,18.421,18.421,18.43,18.443,18.455,18.452,18.419,18.347,18.236,18.116,18.029,18.001,18.018,18.032,17.99,17.917,17.873,17.901,18.019,18.149,18.205,18.239,18.316,18.382,18.411,18.393,18.355,18.334,18.345,18.376,18.395,18.351,18.221,18.181,18.267,18.353,18.347,18.267,18.167,18.024,17.839,17.694,17.604,17.83,18.375,18.503,17.513,16.228,15.732,15.792,15.94,16.085,16.203,16.331,16.419,16.419,16.348,16.17
18.166,18.214,18.265,18.323,18.39,18.463,18.531,18.566,18.54,18.45,18.349,18.279,18.261,18.304,18.377,18.432,18.441,18.417,18.388,18.365,18.354,18.356,18.373,18.403,18.44,18.472,18.481,18.447,18.35,18.203,18.064,18.014,18.014,17.998,17.955,17.903,17.914,18.019,18.141,18.195,18.253,18.346,18.432,18.479,18.486,18.472,18.456,18.451,18.44,18.367,18.291,18.302,18.362,18.379,18.322,18.239,18.153,18.013,17.806,17.641,17.561,17.64,18.028,18.492,18.583,17.447,16.162,15.821,15.836,15.861,15.79,15.714,15.706,15.683,15.608,15.46
18.16,18.206,18.256,18.312,18.377,18.451,18.522,18.566,18.552,18.471,18.366,18.281,18.236,18.25,18.31,18.375,18.403,18.388,18.346,18.299,18.264,18.25,18.258,18.285,18.326,18.372,18.418,18.459,18.49,18.494,18.421,18.237,18.087,18.021,18.002,17.969,17.922,17.934,18.037,18.141,18.196,18.266,18.363,18.453,18.514,18.545,18.548,18.53,18.487,18.432,18.407,18.417,18.414,18.354,18.266,18.2,18.123,17.963,17.744,17.579,17.518,17.572,17.853,18.24,18.548,18.454,17.244,16.132,15.857,15.869,15.921,15.821,15.659,15.49,15.322,15.182
18.157,18.199,18.245,18.298,18.362,18.435,18.507,18.559,18.563,18.5,18.396,18.3,18.24,18.228,18.244,18.273,18.301,18.305,18.273,18.216,18.159,18.125,18.125,18.162,18.227,18.3,18.368,18.417,18.439,18.454,18.498,18.518,18.385,18.19,18.063,18.013,17.971,17.932,17.963,18.063,18.147,18.2,18.264,18.341,18.409,18.456,18.476,18.469,18.447,18.433,18.429,18.41,18.349,18.26,18.199,18.169,18.073,17.872,17.658,17.525,17.489,17.552,17.799,18.131,18.398,18.541,17.699,16.645,16.099,15.654,15.801,15.956,15.92,15.84,15.695,15.469
18.152,18.189,18.232,18.282,18.344,18.415,18.487,18.542,18.564,18.53,18.437,18.329,18.249,18.212,18.21,18.227,18.248,18.258,18.236,18.173,18.087,18.013,17.985,18.032,18.13,18.241,18.343,18.429,18.49,18.51,18.483,18.488,18.554,18.483,18.282,18.115,18.028,17.97,17.947,17.996,18.086,18.157,18.205,18.25,18.293,18.329,18.35,18.362,18.373,18.377,18.356,18.302,18.231,18.179,18.176,18.145,17.973,17.737,17.589,17.517,17.491,17.568,17.807,18.125,18.359,18.516,18.199,17.052,16.063,15.626,15.236,15.444,15.583,15.686,15.839,16.056
18.143,18.176,18.216,18.265,18.325,18.394,18.462,18.516,18.547,18.547,18.485,18.378,18.281,18.224,18.203,18.211,18.234,18.253,18.241,18.169,18.035,17.889,17.825,17.908,18.066,18.224,18.354,18.454,18.527,18.573,18.581,18.532,18.497,18.551,18.526,18.346,18.163,18.045,17.977,17.969,18.023,18.1,18.166,18.214,18.253,18.285,18.311,18.331,18.33,18.298,18.245,18.196,18.167,18.171,18.179,18.055,17.782,17.603,17.63,17.585,17.521,17.602,17.847,18.156,18.377,18.509,18.378,17.497,16.082,15.992,15.524,15.17,15.357,15.592,15.471,15.402
18.128,18.16,18.199,18.248,18.306,18.371,18.434,18.482,18.51,18.531,18.52,18.437,18.335,18.267,18.235,18.226,18.232,18.244,18.24,18.16,17.971,17.734,17.667,17.832,18.072,18.276,18.418,18.512,18.576,18.613,18.628,18.614,18.558,18.537,18.581,18.543,18.373,18.19,18.06,17.994,17.992,18.037,18.099,18.156,18.2,18.232,18.247,18.236,18.202,18.165,18.151,18.161,18.173,18.169,18.083,17.804,17.53,17.631,17.811,17.706,17.561,17.636,17.908,18.212,18.424,18.504,18.038,16.625,15.766,15.967,15.766,15.249,15.642,16.153,15.983,15.595
18.108,18.142,18.182,18.231,18.288,18.35,18.408,18.446,18.46,18.477,18.505,18.475,18.384,18.297,18.241,18.203,18.186,18.196,18.211,18.132,17.89,17.574,17.572,17.854,18.167,18.39,18.52,18.589,18.626,18.647,18.651,18.638,18.602,18.556,18.567,18.603,18.539,18.375,18.204,18.081,18.02,18.013,18.039,18.075,18.105,18.12,18.117,18.107,18.113,18.148,18.191,18.198,18.138,18.012,17.769,17.437,17.416,17.902,18.071,17.816,17.599,17.679,17.968,18.265,18.458,18.523,18.158,16.885,16.206,16.104,15.806,15.94,16.73,16.962,16.211,15.576
18.089,18.124,18.167,18.216,18.271,18.33,18.383,18.413,18.412,18.404,18.428,18.443,18.394,18.308,18.232,18.172,18.136,18.146,18.173,18.09,17.766,17.431,17.569,17.963,18.303,18.502,18.598,18.634,18.643,18.646,18.643,18.628,18.6,18.567,18.561,18.597,18.602,18.515,18.366,18.222,18.119,18.064,18.052,18.059,18.074,18.086,18.106,18.151,18.21,18.243,18.2,18.053,17.833,17.59,17.318,17.185,17.635,18.156,18.232,17.883,17.644,17.736,18.015,18.298,18.485,18.603,18.509,17.788,16.801,16.801,16.751,17.459,18.156,17.767,16.183,15.495
18.071,18.109,18.153,18.203,18.257,18.314,18.361,18.386,18.375,18.345,18.337,18.351,18.334,18.274,18.197,18.13,18.088,18.107,18.132,18.019,17.58,17.343,17.659,18.115,18.423,18.568,18.622,18.632,18.625,18.616,18.606,18.585,18.558,18.54,18.549,18.579,18.596,18.564,18.476,18.359,18.254,18.18,18.142,18.133,18.137,18.164,18.22,18.26,18.225,18.076,17.828,17.558,17.331,17.163,17.046,17.305,17.875,18.266,18.252,17.903,17.704,17.823,18.07,18.327,18.484,18.428,18.056,17.614,17.135,17.553,17.929,18.194,18.66,18.287,16.261,15.357
18.055,18.097,18.143,18.193,18.247,18.3,18.344,18.365,18.353,18.315,18.283,18.27,18.249,18.203,18.133,18.075,18.04,18.068,18.076,17.878,17.371,17.349,17.808,18.256,18.492,18.577,18.6,18.599,18.588,18.574,18.553,18.52,18.483,18.481,18.524,18.562,18.563,18.542,18.502,18.433,18.351,18.285,18.241,18.213,18.243,18.301,18.258,18.084,17.806,17.52,17.308,17.182,17.092,17.019,17.139,17.552,18.027,18.286,18.19,17.885,17.812,17.939,18.126,18.352,18.474,18.313,17.879,17.904,18.252,18.649,18.797,18.675,18.94,18.734,16.38,15.013
18.044,18.089,18.137,18.187,18.239,18.29,18.331,18.35,18.342,18.312,18.275,18.235,18.188,18.128,18.057,18.011,18.009,18.033,17.989,17.624,17.208,17.455,17.973,18.352,18.51,18.554,18.564,18.561,18.552,18.533,18.502,18.462,18.404,18.414,18.506,18.55,18.513,18.483,18.482,18.461,18.404,18.326,18.28,18.331,18.341,18.208,17.775,17.402,17.241,17.224,17.256,17.267,17.235,17.192,17.37,17.803,18.194,18.294,18.074,17.878,17.971,18.07,18.213,18.423,18.498,18.348,18.442,18.714,18.811,18.7,18.429,18.283,18.815,18.899,16.704,14.926
18.039,18.085,18.133,18.184,18.235,18.283,18.322,18.342,18.339,18.32,18.289,18.236,18.165,18.085,18.014,17.99,18,17.984,17.828,17.311,17.167,17.613,18.103,18.391,18.502,18.527,18.529,18.526,18.516,18.492,18.461,18.426,18.368,18.347,18.43,18.45,18.414,18.428,18.461,18.439,18.376,18.378,18.393,18.408,17.727,17.306,17.246,17.352,17.469,17.552,17.616,17.65,17.616,17.566,17.75,18.111,18.324,18.188,17.93,18.033,18.141,18.162,18.239,18.446,18.575,18.684,18.728,18.277,18.063,17.922,17.847,17.984,18.826,18.945,16.709,15.29
18.039,18.085,18.134,18.184,18.233,18.28,18.318,18.339,18.341,18.33,18.3,18.236,18.148,18.062,18.015,18.024,17.985,17.877,17.544,17.093,17.27,17.767,18.166,18.391,18.491,18.5,18.481,18.463,18.44,18.417,18.407,18.388,18.349,18.299,18.324,18.349,18.38,18.428,18.467,18.479,18.488,18.418,17.958,17.397,17.208,17.424,17.684,17.842,17.889,17.885,17.896,17.914,17.911,17.957,18.179,18.379,18.208,17.975,18.092,18.23,18.188,18.212,18.585,19.134,18.582,17.715,17.357,17.364,17.655,17.848,18.003,18.585,18.76,17.94,15.92,15.525
18.042,18.089,18.137,18.187,18.234,18.279,18.316,18.339,18.347,18.339,18.304,18.226,18.132,18.069,18.064,18.057,17.917,17.693,17.213,17.049,17.415,17.859,18.168,18.382,18.483,18.451,18.383,18.323,18.28,18.298,18.349,18.363,18.341,18.305,18.32,18.382,18.463,18.514,18.488,18.405,18.185,17.633,17.183,17.222,17.66,18.024,18.148,18.09,17.973,17.912,17.944,18.033,18.208,18.338,18.213,18.104,18.031,18.166,18.299,18.347,18.364,18.471,18.596,18.319,17.31,16.745,16.807,17.397,17.806,17.966,17.963,18.087,17.683,16.699,15.658,15.854
18.047,18.094,18.143,18.191,18.237,18.279,18.315,18.34,18.35,18.344,18.304,18.221,18.142,18.117,18.123,18.046,17.811,17.462,17.044,17.133,17.517,17.876,18.159,18.39,18.457,18.34,18.188,18.07,18.051,18.18,18.327,18.394,18.41,18.423,18.452,18.468,18.462,18.421,18.156,17.679,17.266,16.992,17.191,17.748,18.213,18.348,18.28,18.167,18.044,18.005,18.082,18.077,18.144,18.155,18.082,18.13,18.225,18.338,18.405,18.469,18.515,18.407,18.022,17.469,17.042,17.275,17.189,17.284,17.399,17.26,17.14,17.085,16.645,15.988,16.145,16.508
18.054,18.101,18.151,18.198,18.241,18.281,18.315,18.34,18.351,18.344,18.301,18.226,18.171,18.161,18.142,18.005,17.698,17.246,17.011,17.214,17.566,17.883,18.191,18.402,18.366,18.124,17.875,17.743,17.829,18.07,18.277,18.341,18.342,18.349,18.33,18.26,18.176,18.011,17.555,16.962,16.766,17.096,17.505,18.027,18.394,18.489,18.427,18.333,18.218,18.133,18.142,18.187,18.233,18.266,18.297,18.337,18.371,18.412,18.465,18.477,18.35,18.041,17.438,16.875,16.992,17.259,17.384,17.144,17.138,16.956,16.68,16.532,16.392,16.332,16.59,17.19
18.065,18.111,18.161,18.207,18.247,18.284,18.316,18.339,18.35,18.341,18.296,18.23,18.187,18.169,18.129,17.963,17.591,17.108,17,17.26,17.598,17.934,18.248,18.355,18.161,17.801,17.515,17.442,17.553,17.721,17.867,17.959,18.004,18.004,17.928,17.787,17.621,17.365,16.967,16.726,16.959,17.167,17.518,18.03,18.41,18.531,18.49,18.454,18.441,18.412,18.403,18.426,18.458,18.491,18.526,18.547,18.554,18.552,18.538,18.462,18.273,17.777,17.143,16.684,16.821,17.198,17.238,17.089,16.952,17.283,17.15,17.404,0,0,0,0
18.078,18.124,18.174,18.218,18.254,18.287,18.317,18.339,18.347,18.334,18.287,18.222,18.178,18.155,18.119,17.924,17.487,17.014,16.998,17.296,17.64,18.003,18.249,18.193,17.862,17.473,17.219,17.094,17.012,17,17.118,17.328,17.513,17.574,17.488,17.289,17.041,16.815,16.699,16.82,16.966,17.034,17.313,17.694,18.093,18.368,18.436,18.401,18.393,18.41,18.424,18.439,18.456,18.479,18.511,18.569,18.65,18.682,18.592,18.423,18.238,17.816,17.226,16.918,17.123,17.471,17.132,16.72,0,0,0,0,0,0,0,0
18.095,18.139,18.189,18.23,18.263,18.292,18.317,18.337,18.343,18.323,18.267,18.197,18.154,18.145,18.121,17.882,17.374,16.926,17.005,17.322,17.668,18.008,18.146,17.95,17.572,17.239,17.025,16.888,16.802,16.787,16.797,16.842,17.001,17.193,17.192,16.94,16.664,16.606,16.775,16.923,16.882,16.873,16.951,17.124,17.432,17.822,18.148,18.269,18.23,18.188,18.166,18.136,18.1,18.08,18.096,18.155,18.315,18.555,18.725,18.636,18.436,18.062,17.499,17.328,17.433,17.51,0,0,0,0,0,0,0,0,0,0
18.111,18.156,18.205,18.246,18.275,18.298,18.318,18.332,18.333,18.305,18.238,18.166,18.134,18.151,18.128,17.84,17.263,16.866,17.003,17.305,17.628,17.922,17.989,17.743,17.367,17.075,16.928,16.873,16.877,16.925,16.981,16.963,16.932,17.008,16.981,16.714,16.536,16.704,16.963,16.988,16.901,16.849,16.796,16.774,16.814,16.986,17.316,17.697,17.941,17.939,17.84,17.775,17.779,17.74,17.662,17.879,18.097,18.339,18.538,18.654,18.773,18.496,17.886,17.642,17.631,0,0,0,0,0,0,0,0,0,0,0
18.127,18.173,18.224,18.263,18.289,18.305,18.317,18.324,18.317,18.277,18.202,18.138,18.129,18.167,18.138,17.814,17.192,16.832,16.965,17.229,17.511,17.766,17.832,17.667,17.418,17.2,17.05,16.949,16.921,17.019,17.107,17.012,16.881,16.854,16.764,16.592,16.637,16.939,17.114,17.067,16.997,16.959,16.911,16.881,16.878,16.799,16.715,16.809,17.033,17.25,17.435,17.282,17.204,17.062,16.893,17.526,17.964,18.137,18.25,18.266,18.5,18.651,18.251,17.813,0,0,0,0,0,0,0,0,0,0,0,0
18.143,18.191,18.244,18.283,18.306,18.315,18.316,18.312,18.293,18.242,18.166,18.124,18.132,18.173,18.148,17.843,17.2,16.814,16.901,17.11,17.336,17.546,17.625,17.528,17.35,17.158,16.988,16.882,16.905,17.084,17.225,17.077,16.824,16.728,16.684,16.68,16.867,17.104,17.14,17.048,16.985,16.964,16.931,16.858,16.99,17.029,17.06,16.887,16.559,16.6,16.685,17.024,16.896,16.54,15.977,16.819,17.816,17.92,18.046,18.124,18.359,18.674,18.268,17.875,0,0,0,0,0,0,0,0,0,0,0,0
