15.11,15.101,15.128,15.145,15.16,15.169,15.172,15.17,15.164,15.155,15.141,15.125,15.105,15.079,15.052,15.031,15,14.928,14.803,14.658,14.543,14.45,14.354,14.263,14.177,14.099,14.027,13.965,13.909,13.864,13.841,13.826,13.815,13.806,13.798,13.788,13.778,13.764,13.755,13.742,13.723,13.693,13.647,13.584,13.499,13.381,13.237,13.083,12.921,12.769,12.664,12.563,12.476,12.414,12.361,12.315,12.275,12.246,12.227,12.225,12.213,12.199,12.181,12.164,12.145,12.126,12.103,12.078,12.049,12.019,11.989,11.959,11.929,11.901,11.874,11.849
15.12,15.062,15.062,15.075,15.09,15.102,15.111,15.115,15.115,15.112,15.105,15.094,15.079,15.057,15.031,14.999,14.953,14.881,14.779,14.661,14.549,14.448,14.351,14.261,14.176,14.098,14.027,13.965,13.912,13.871,13.847,13.828,13.816,13.806,13.8,13.793,13.784,13.774,13.762,13.744,13.723,13.693,13.648,13.58,13.485,13.37,13.233,13.087,12.939,12.798,12.677,12.571,12.483,12.415,12.361,12.318,12.283,12.256,12.238,12.231,12.214,12.197,12.179,12.161,12.142,12.122,12.099,12.073,12.046,12.017,11.987,11.958,11.929,11.901,11.874,11.849
15.022,14.986,14.986,15.001,15.019,15.036,15.049,15.059,15.065,15.069,15.068,15.064,15.054,15.038,15.013,14.978,14.927,14.856,14.764,14.659,14.551,14.449,14.352,14.261,14.176,14.098,14.028,13.965,13.914,13.884,13.861,13.84,13.824,13.812,13.804,13.798,13.792,13.785,13.778,13.767,13.75,13.724,13.684,13.624,13.541,13.432,13.299,13.148,12.996,12.847,12.71,12.592,12.496,12.422,12.365,12.322,12.293,12.274,12.252,12.234,12.215,12.197,12.179,12.161,12.141,12.12,12.097,12.072,12.044,12.016,11.987,11.957,11.929,11.901,11.874,11.849
14.933,14.9,14.9,14.917,14.942,14.964,14.982,14.996,15.009,15.019,15.027,15.032,15.031,15.022,15.003,14.971,14.922,14.854,14.767,14.666,14.561,14.457,14.358,14.266,14.18,14.101,14.03,13.967,13.917,13.893,13.868,13.846,13.829,13.818,13.811,13.807,13.806,13.805,13.804,13.801,13.794,13.778,13.749,13.701,13.627,13.524,13.399,13.25,13.087,12.92,12.763,12.628,12.524,12.444,12.387,12.344,12.31,12.282,12.258,12.237,12.217,12.198,12.18,12.161,12.141,12.12,12.097,12.072,12.045,12.016,11.987,11.957,11.928,11.9,11.874,11.848
14.834,14.81,14.81,14.825,14.851,14.879,14.901,14.919,14.937,14.955,14.973,14.989,15,15.004,14.996,14.974,14.932,14.869,14.786,14.687,14.58,14.473,14.371,14.275,14.187,14.106,14.033,13.97,13.919,13.899,13.872,13.85,13.834,13.825,13.821,13.821,13.826,13.833,13.841,13.848,13.852,13.849,13.834,13.794,13.732,13.654,13.543,13.396,13.218,13.025,12.846,12.689,12.564,12.47,12.404,12.356,12.319,12.289,12.263,12.241,12.22,12.201,12.182,12.163,12.143,12.122,12.098,12.073,12.046,12.017,11.987,11.957,11.928,11.9,11.872,11.847
14.734,14.722,14.722,14.732,14.749,14.774,14.799,14.819,14.841,14.865,14.893,14.923,14.951,14.973,14.984,14.98,14.953,14.901,14.822,14.722,14.61,14.497,14.389,14.288,14.196,14.113,14.037,13.972,13.922,13.902,13.875,13.854,13.84,13.833,13.834,13.841,13.854,13.87,13.888,13.906,13.922,13.931,13.922,13.901,13.875,13.821,13.73,13.59,13.401,13.176,12.953,12.766,12.606,12.493,12.419,12.369,12.331,12.299,12.271,12.246,12.224,12.204,12.185,12.166,12.146,12.124,12.101,12.075,12.047,12.018,11.988,11.957,11.927,11.898,11.871,11.845
14.64,14.643,14.642,14.645,14.651,14.659,14.673,14.694,14.716,14.747,14.786,14.83,14.876,14.918,14.953,14.975,14.976,14.944,14.876,14.775,14.656,14.533,14.415,14.307,14.209,14.121,14.042,13.974,13.925,13.904,13.877,13.857,13.845,13.843,13.851,13.867,13.89,13.918,13.947,13.975,14,14.015,14.013,14.023,14.018,13.992,13.933,13.824,13.643,13.39,13.109,12.871,12.667,12.524,12.44,12.388,12.349,12.315,12.284,12.256,12.231,12.209,12.189,12.169,12.149,12.128,12.105,12.079,12.05,12.02,11.988,11.957,11.926,11.897,11.869,11.842
14.596,14.593,14.592,14.59,14.585,14.575,14.56,14.564,14.589,14.626,14.682,14.744,14.804,14.857,14.905,14.947,14.98,14.985,14.944,14.851,14.723,14.584,14.452,14.332,14.226,14.131,14.048,13.977,13.925,13.904,13.877,13.859,13.851,13.855,13.871,13.899,13.936,13.978,14.019,14.055,14.081,14.083,14.104,14.116,14.117,14.107,14.087,14.042,13.918,13.673,13.327,13.006,12.764,12.57,12.47,12.418,12.381,12.345,12.308,12.274,12.243,12.217,12.195,12.175,12.155,12.134,12.11,12.083,12.054,12.022,11.989,11.956,11.925,11.895,11.867,11.84
14.544,14.54,14.537,14.531,14.522,14.512,14.503,14.505,14.526,14.556,14.642,14.732,14.808,14.865,14.903,14.928,14.956,14.989,15.002,14.95,14.823,14.658,14.502,14.366,14.247,14.145,14.056,13.98,13.921,13.901,13.877,13.86,13.857,13.868,13.895,13.939,13.995,14.054,14.107,14.141,14.148,14.158,14.159,14.148,14.129,14.112,14.106,14.131,14.122,13.972,13.573,13.178,12.91,12.641,12.506,12.457,12.433,12.398,12.355,12.309,12.265,12.23,12.206,12.185,12.164,12.141,12.118,12.09,12.059,12.026,11.991,11.957,11.924,11.894,11.866,11.841
14.497,14.493,14.487,14.479,14.469,14.46,14.456,14.465,14.499,14.557,14.685,14.812,14.913,14.982,15.018,15.021,15.001,14.99,15.005,15.017,14.948,14.775,14.577,14.411,14.276,14.162,14.066,13.985,13.92,13.897,13.876,13.861,13.861,13.881,13.922,13.987,14.068,14.149,14.2,14.222,14.221,14.196,14.161,14.135,14.108,14.079,14.037,14.053,14.132,14.162,13.797,13.277,13.043,12.751,12.545,12.485,12.502,12.488,12.458,12.419,12.355,12.275,12.203,12.17,12.166,12.156,12.131,12.099,12.067,12.031,11.995,11.959,11.926,11.895,11.869,11.848
14.457,14.449,14.441,14.431,14.422,14.416,14.419,14.442,14.506,14.611,14.784,14.945,15.069,15.151,15.192,15.197,15.161,15.096,15.041,15.032,15.032,14.925,14.703,14.481,14.314,14.186,14.08,13.993,13.924,13.894,13.875,13.86,13.863,13.89,13.946,14.035,14.145,14.231,14.284,14.278,14.228,14.184,14.168,14.177,14.175,14.15,14.078,13.998,14.019,14.152,13.977,13.345,13.048,12.826,12.567,12.493,12.571,12.612,12.585,12.568,12.545,12.489,12.378,12.239,12.152,12.142,12.144,12.117,12.077,12.04,12.002,11.965,11.931,11.905,11.891,11.897
14.419,14.408,14.398,14.387,14.379,14.378,14.392,14.436,14.535,14.698,14.912,15.097,15.239,15.336,15.388,15.394,15.355,15.27,15.159,15.077,15.064,15.037,14.867,14.602,14.376,14.219,14.101,14.007,13.932,13.892,13.876,13.859,13.862,13.891,13.956,14.063,14.196,14.297,14.351,14.316,14.256,14.234,14.252,14.277,14.279,14.24,14.171,14.061,13.985,14.067,14.075,13.464,13.007,12.815,12.562,12.477,12.527,12.567,12.507,12.472,12.504,12.543,12.54,12.452,12.297,12.177,12.134,12.133,12.097,12.055,12.016,11.977,11.946,11.933,11.948,11.991
14.38,14.368,14.356,14.345,14.34,14.346,14.376,14.448,14.573,14.804,15.045,15.244,15.405,15.524,15.597,15.616,15.577,15.477,15.33,15.181,15.1,15.091,15.009,14.765,14.48,14.271,14.133,14.029,13.949,13.89,13.875,13.859,13.857,13.881,13.944,14.055,14.2,14.327,14.394,14.374,14.338,14.333,14.347,14.35,14.325,14.262,14.18,14.091,13.996,14.014,14.119,13.609,13.05,12.792,12.563,12.437,12.398,12.422,12.398,12.413,12.483,12.528,12.552,12.556,12.48,12.334,12.172,12.131,12.121,12.08,12.039,11.998,11.969,11.971,12.009,12.072
14.339,14.327,14.315,14.306,14.305,14.32,14.368,14.473,14.644,14.912,15.167,15.377,15.563,15.71,15.803,15.843,15.821,15.717,15.539,15.332,15.173,15.122,15.098,14.929,14.628,14.356,14.179,14.063,13.976,13.91,13.865,13.863,13.851,13.865,13.913,14.01,14.153,14.286,14.385,14.414,14.412,14.402,14.379,14.338,14.281,14.207,14.124,14.055,13.99,13.974,14.115,13.778,13.164,12.819,12.595,12.452,12.365,12.342,12.368,12.501,12.662,12.721,12.696,12.636,12.591,12.506,12.298,12.15,12.133,12.11,12.069,12.028,11.997,12,12.043,12.103
14.297,14.286,14.275,14.268,14.272,14.299,14.366,14.501,14.712,15.008,15.27,15.495,15.707,15.868,15.969,16.019,16.033,15.966,15.777,15.518,15.284,15.162,15.144,15.057,14.795,14.48,14.248,14.106,14.011,13.939,13.881,13.852,13.852,13.851,13.879,13.947,14.062,14.17,14.275,14.333,14.345,14.318,14.264,14.197,14.132,14.074,14.021,13.983,13.955,13.943,14.073,13.944,13.343,12.972,12.675,12.487,12.362,12.311,12.387,12.623,12.843,12.949,12.938,12.787,12.673,12.62,12.45,12.215,12.139,12.132,12.1,12.063,12.032,12.025,12.055,12.1
14.255,14.245,14.236,14.232,14.242,14.279,14.363,14.519,14.768,15.083,15.352,15.594,15.822,15.973,16.044,16.081,16.127,16.143,16.006,15.723,15.423,15.224,15.171,15.14,14.95,14.63,14.344,14.162,14.051,13.971,13.907,13.857,13.84,13.846,13.856,13.894,13.965,14.045,14.103,14.129,14.122,14.082,14.028,13.978,13.941,13.919,13.906,13.905,13.909,13.913,14.017,14.066,13.577,13.129,12.765,12.547,12.377,12.295,12.412,12.683,12.952,13.079,13.094,12.973,12.77,12.687,12.571,12.313,12.161,12.141,12.127,12.096,12.07,12.058,12.072,12.104
14.213,14.206,14.198,14.197,14.212,14.258,14.355,14.515,14.806,15.133,15.41,15.665,15.893,16.002,16.008,16.019,16.082,16.189,16.169,15.919,15.575,15.305,15.198,15.188,15.074,14.787,14.465,14.234,14.095,14.002,13.93,13.872,13.836,13.833,13.846,13.865,13.897,13.933,13.956,13.957,13.937,13.898,13.869,13.856,13.854,13.858,13.862,13.869,13.881,13.89,13.973,14.099,13.799,13.263,12.899,12.659,12.428,12.29,12.386,12.664,12.971,13.081,13.073,13.038,12.835,12.74,12.646,12.41,12.196,12.143,12.144,12.126,12.106,12.096,12.104,12.129
14.172,14.167,14.162,14.163,14.181,14.232,14.339,14.516,14.82,15.154,15.439,15.7,15.916,15.963,15.896,15.89,15.973,16.136,16.238,16.071,15.719,15.396,15.232,15.216,15.164,14.931,14.599,14.32,14.144,14.031,13.949,13.886,13.845,13.824,13.827,13.842,13.858,13.868,13.864,13.846,13.847,13.851,13.861,13.875,13.889,13.898,13.902,13.896,13.893,13.886,13.944,14.073,13.976,13.521,13.158,12.783,12.521,12.298,12.328,12.594,12.927,13.041,12.968,12.957,12.85,12.768,12.702,12.469,12.238,12.149,12.15,12.149,12.136,12.131,12.136,12.15
14.134,14.131,14.127,14.13,14.149,14.201,14.31,14.496,14.806,15.144,15.437,15.702,15.902,15.899,15.783,15.792,15.917,16.087,16.249,16.164,15.832,15.479,15.27,15.235,15.224,15.052,14.731,14.415,14.196,14.059,13.966,13.901,13.86,13.837,13.828,13.829,13.835,13.846,13.86,13.876,13.893,13.912,13.93,13.947,13.959,13.962,13.957,13.94,13.923,13.901,13.934,14.05,14.054,13.719,13.29,12.961,12.661,12.349,12.259,12.473,12.816,13.028,12.935,12.853,12.836,12.789,12.74,12.513,12.285,12.161,12.146,12.157,12.155,12.153,12.156,12.157
14.093,14.097,14.095,14.097,14.114,14.163,14.269,14.453,14.764,15.106,15.404,15.673,15.872,15.852,15.719,15.75,15.919,16.087,16.25,16.203,15.897,15.539,15.305,15.251,15.266,15.148,14.85,14.51,14.25,14.086,13.983,13.92,13.884,13.865,13.859,13.866,13.884,13.907,13.928,13.947,13.966,13.985,14,14.009,14.012,14.008,13.996,13.977,13.953,13.923,13.936,14.039,14.082,13.804,13.324,13.082,12.794,12.459,12.229,12.307,12.598,12.933,13.024,12.888,12.841,12.824,12.775,12.567,12.336,12.187,12.147,12.154,12.159,12.161,12.16,12.158
14.05,14.065,14.064,14.065,14.078,14.118,14.215,14.392,14.697,15.042,15.346,15.619,15.834,15.833,15.687,15.709,15.892,16.078,16.221,16.186,15.905,15.565,15.331,15.268,15.298,15.221,14.95,14.595,14.301,14.112,14.006,13.948,13.918,13.905,13.91,13.931,13.956,13.976,13.994,14.015,14.037,14.054,14.062,14.063,14.058,14.047,14.029,14.005,13.977,13.944,13.948,14.04,14.096,13.792,13.252,13.059,12.895,12.584,12.282,12.189,12.332,12.632,12.973,13.022,12.934,12.889,12.819,12.636,12.391,12.241,12.171,12.159,12.156,12.159,12.156,12.158
14.022,14.038,14.038,14.036,14.042,14.071,14.154,14.318,14.608,14.954,15.265,15.54,15.78,15.832,15.681,15.648,15.813,15.995,16.129,16.1,15.858,15.558,15.348,15.288,15.326,15.278,15.029,14.666,14.345,14.14,14.033,13.983,13.96,13.958,13.976,14.001,14.019,14.034,14.058,14.087,14.11,14.12,14.12,14.117,14.106,14.087,14.056,14.025,13.993,13.954,13.964,14.06,14.104,13.684,13.125,12.953,12.918,12.648,12.363,12.226,12.186,12.326,12.6,12.823,12.95,12.945,12.879,12.703,12.458,12.295,12.2,12.162,12.146,12.149,12.149,12.157
14.004,14.018,14.018,14.013,14.011,14.026,14.089,14.244,14.499,14.844,15.162,15.436,15.7,15.83,15.711,15.598,15.704,15.86,15.975,15.961,15.771,15.53,15.359,15.312,15.354,15.323,15.089,14.722,14.385,14.172,14.069,14.025,14.01,14.021,14.044,14.061,14.072,14.096,14.131,14.162,14.179,14.184,14.18,14.165,14.135,14.096,14.053,14.025,13.984,13.961,13.983,14.109,14.021,13.389,12.928,12.911,12.908,12.67,12.461,12.357,12.282,12.216,12.2,12.343,12.632,12.86,12.842,12.758,12.535,12.357,12.241,12.178,12.143,12.134,12.139,12.147
13.99,14.006,14.006,13.998,13.988,13.988,14.026,14.148,14.377,14.712,15.04,15.314,15.586,15.797,15.768,15.595,15.604,15.719,15.799,15.804,15.673,15.498,15.372,15.342,15.383,15.359,15.138,14.773,14.432,14.217,14.117,14.077,14.073,14.092,14.11,14.117,14.133,14.168,14.207,14.234,14.244,14.233,14.206,14.152,14.088,14.043,14.019,13.993,13.963,13.975,14.039,14.144,13.716,13.03,12.857,12.923,12.848,12.636,12.476,12.422,12.422,12.387,12.268,12.229,12.256,12.499,12.586,12.594,12.532,12.386,12.277,12.203,12.162,12.138,12.135,12.134
13.985,14.001,14.001,13.991,13.976,13.962,13.973,14.056,14.253,14.563,14.899,15.18,15.442,15.705,15.812,15.661,15.545,15.608,15.651,15.66,15.584,15.472,15.39,15.377,15.414,15.392,15.186,14.834,14.499,14.288,14.188,14.151,14.153,14.17,14.174,14.176,14.203,14.244,14.278,14.291,14.273,14.21,14.116,14.045,14.013,13.994,13.991,13.973,13.998,14.041,14.155,14,13.263,12.825,12.812,12.788,12.671,12.58,12.566,12.623,12.712,12.707,12.592,12.474,12.367,12.297,12.31,12.305,12.388,12.326,12.23,12.173,12.157,12.145,12.144,12.156
13.991,14.005,14.005,13.995,13.976,13.952,13.939,13.979,14.136,14.402,14.737,15.036,15.287,15.554,15.781,15.77,15.573,15.535,15.568,15.555,15.519,15.457,15.413,15.416,15.449,15.426,15.239,14.915,14.6,14.395,14.291,14.252,14.251,14.252,14.24,14.248,14.279,14.313,14.332,14.293,14.191,14.083,14.02,14.011,14.017,14.014,14.013,14.02,14.062,14.081,14.032,13.495,12.864,12.709,12.707,12.699,12.704,12.785,12.908,13.002,13.074,13.137,13.123,13.004,12.748,12.407,12.236,12.142,12.213,12.229,12.133,12.088,12.115,12.146,12.18,12.192
14.002,14.015,14.015,14.005,13.986,13.958,13.926,13.924,14.02,14.247,14.558,14.877,15.14,15.379,15.644,15.817,15.712,15.527,15.532,15.511,15.493,15.458,15.445,15.459,15.486,15.461,15.301,15.019,14.736,14.54,14.428,14.378,14.358,14.332,14.31,14.318,14.344,14.363,14.328,14.184,14.053,14.013,14.03,14.055,14.071,14.082,14.074,14.074,14.051,13.92,13.536,12.932,12.697,12.697,12.762,12.888,13.034,13.18,13.267,13.319,13.328,13.332,13.341,13.348,13.211,12.784,12.411,12.204,12.145,12.138,12.061,12.013,12.08,12.162,12.193,12.141
14.018,14.028,14.028,14.019,14.002,13.975,13.935,13.899,13.932,14.103,14.373,14.698,14.995,15.227,15.451,15.71,15.837,15.67,15.52,15.535,15.493,15.487,15.489,15.506,15.526,15.501,15.369,15.138,14.895,14.707,14.582,14.511,14.46,14.411,14.384,14.385,14.391,14.38,14.211,14.046,14.013,14.043,14.032,14.09,14.119,14.123,14.109,14.097,13.976,13.647,13.048,12.694,12.706,12.818,12.968,13.153,13.274,13.335,13.336,13.323,13.308,13.311,13.32,13.351,13.376,13.156,12.75,12.442,12.24,12.128,12.039,11.986,12.074,12.162,12.126,12.031
14.033,14.041,14.041,14.034,14.02,13.995,13.955,13.902,13.879,13.978,14.212,14.502,14.829,15.101,15.296,15.499,15.758,15.862,15.654,15.549,15.551,15.533,15.543,15.557,15.568,15.543,15.439,15.258,15.054,14.873,14.733,14.634,14.552,14.485,14.448,14.429,14.418,14.289,14.114,14.014,13.891,13.816,14.07,14.092,14.1,14.11,14.087,14.046,13.835,13.324,12.762,12.679,12.812,12.95,13.05,13.206,13.309,13.327,13.258,13.19,13.158,13.163,13.202,13.277,13.357,13.33,13.041,12.73,12.441,12.212,12.071,11.995,12.068,12.118,12.029,11.951
14.044,14.053,14.053,14.047,14.034,14.013,13.978,13.922,13.861,13.886,14.056,14.311,14.635,14.958,15.198,15.346,15.519,15.799,15.91,15.668,15.605,15.597,15.605,15.616,15.616,15.59,15.507,15.365,15.192,15.015,14.861,14.736,14.629,14.55,14.497,14.465,14.408,14.206,13.959,13.681,13.406,13.536,13.932,14.041,14.075,14.062,14.018,13.906,13.604,13.059,12.65,12.726,12.842,12.871,13.047,13.268,13.342,13.25,13.13,13.097,13.108,13.112,13.138,13.202,13.308,13.349,13.197,12.972,12.686,12.362,12.144,12.017,12.048,12.055,11.959,11.935
14.052,14.06,14.06,14.054,14.043,14.025,13.995,13.944,13.871,13.834,13.936,14.159,14.434,14.774,15.084,15.289,15.374,15.528,15.844,15.963,15.728,15.669,15.661,15.672,15.665,15.637,15.568,15.451,15.295,15.122,14.957,14.814,14.695,14.604,14.519,14.468,14.336,14.09,13.735,13.352,13.279,13.569,13.794,13.977,14.008,14.025,13.955,13.731,13.334,12.874,12.634,12.759,12.772,12.723,13.121,13.338,13.324,13.136,13.089,13.143,13.186,13.167,13.138,13.17,13.257,13.326,13.294,13.158,12.884,12.515,12.226,12.037,12.017,12,11.928,11.965
14.061,14.063,14.063,14.056,14.045,14.028,14.001,13.959,13.889,13.817,13.847,14.017,14.258,14.575,14.914,15.211,15.369,15.394,15.563,15.89,15.961,15.797,15.735,15.72,15.703,15.673,15.611,15.505,15.359,15.188,15.015,14.863,14.732,14.614,14.533,14.442,14.207,13.896,13.516,13.254,13.429,13.518,13.754,14.022,14.031,13.988,13.937,13.648,13.148,12.76,12.641,12.709,12.591,12.696,13.158,13.365,13.251,13.084,13.15,13.241,13.25,13.233,13.238,13.26,13.308,13.369,13.397,13.248,12.951,12.61,12.288,12.047,11.983,11.957,11.922,11.995
14.049,14.061,14.06,14.053,14.041,14.023,13.998,13.961,13.901,13.821,13.795,13.908,14.127,14.391,14.72,15.065,15.337,15.419,15.446,15.632,15.912,15.952,15.846,15.783,15.739,15.694,15.629,15.525,15.381,15.211,15.04,14.889,14.744,14.627,14.55,14.395,14.115,13.782,13.442,13.35,13.514,13.268,13.448,13.733,13.991,14.002,13.913,13.614,13.097,12.711,12.624,12.631,12.449,12.663,13.181,13.366,13.19,13.092,13.23,13.283,13.285,13.264,13.267,13.314,13.383,13.428,13.392,13.165,12.894,12.645,12.325,12.049,11.949,11.923,11.924,11.994
14.048,14.058,14.054,14.044,14.03,14.011,13.987,13.952,13.901,13.829,13.773,13.825,14.002,14.239,14.532,14.884,15.235,15.426,15.473,15.555,15.732,15.944,15.941,15.862,15.783,15.709,15.628,15.517,15.371,15.207,15.041,14.871,14.705,14.567,14.425,14.244,14.023,13.749,13.436,13.626,13.75,13.506,13.218,13.212,13.722,14.04,13.98,13.646,13.068,12.722,12.616,12.588,12.428,12.658,13.223,13.372,13.154,13.116,13.262,13.248,13.177,13.074,13.001,13.035,13.122,13.193,13.145,12.939,12.789,12.645,12.342,12.047,11.92,11.893,11.917,11.966
14.049,14.054,14.045,14.031,14.014,13.994,13.968,13.936,13.891,13.83,13.769,13.772,13.903,14.134,14.365,14.691,15.087,15.38,15.481,15.581,15.686,15.855,15.972,15.926,15.831,15.726,15.618,15.493,15.344,15.175,14.984,14.788,14.621,14.465,14.28,14.094,13.923,13.752,13.463,13.63,13.664,13.38,13.189,13.155,13.287,13.887,14.072,13.842,13.132,12.725,12.604,12.557,12.408,12.736,13.307,13.385,13.133,13.121,13.255,13.178,12.963,12.728,12.613,12.685,12.681,12.772,12.779,12.703,12.704,12.632,12.341,12.041,11.897,11.866,11.897,11.927
14.071,14.052,14.032,14.012,13.993,13.971,13.945,13.914,13.873,13.822,13.768,13.743,13.819,14.029,14.232,14.501,14.903,15.286,15.451,15.59,15.72,15.838,15.961,15.959,15.863,15.735,15.6,15.455,15.287,15.093,14.887,14.699,14.527,14.34,14.172,14.071,13.966,13.835,13.689,13.681,13.46,13.245,13.178,13.191,13.164,13.353,13.879,13.99,13.414,12.884,12.635,12.51,12.465,12.931,13.427,13.391,13.119,13.104,13.268,13.171,12.865,12.535,12.401,12.47,12.457,12.504,12.547,12.58,12.667,12.608,12.316,12.022,11.877,11.85,11.866,11.901
14.08,14.038,14.01,13.988,13.967,13.944,13.919,13.889,13.852,13.808,13.765,13.728,13.752,13.943,14.138,14.336,14.697,15.146,15.385,15.538,15.725,15.844,15.943,15.956,15.864,15.721,15.561,15.385,15.185,14.964,14.735,14.501,14.266,14.077,14.043,14.097,14.033,13.818,13.545,13.313,13.177,13.177,13.201,13.223,13.235,13.196,13.399,13.866,13.684,13.248,12.903,12.695,12.797,13.234,13.547,13.369,13.105,13.063,13.226,13.159,12.85,12.493,12.36,12.38,12.399,12.441,12.505,12.554,12.636,12.557,12.256,11.987,11.866,11.845,11.83,11.914
14.035,14.006,13.98,13.958,13.937,13.915,13.891,13.862,13.829,13.792,13.758,13.719,13.698,13.861,14.084,14.211,14.487,14.966,15.295,15.437,15.653,15.8,15.894,15.908,15.82,15.669,15.488,15.283,15.052,14.786,14.465,14.093,13.749,13.641,13.796,13.879,13.683,13.37,13.124,13.129,13.219,13.282,13.292,13.273,13.29,13.229,13.208,13.525,13.75,13.595,13.315,13.139,13.265,13.556,13.596,13.307,13.089,13.024,13.173,13.201,12.914,12.485,12.345,12.362,12.406,12.48,12.536,12.617,12.61,12.459,12.162,11.935,11.84,11.826,11.873,12.006
13.99,13.968,13.946,13.925,13.905,13.884,13.861,13.835,13.806,13.775,13.747,13.709,13.656,13.779,14.014,14.133,14.294,14.752,15.18,15.319,15.513,15.676,15.77,15.785,15.701,15.548,15.358,15.143,14.896,14.575,14.151,13.685,13.29,13.219,13.373,13.378,13.207,13.078,13.13,13.265,13.361,13.36,13.322,13.295,13.325,13.287,13.156,13.296,13.6,13.704,13.621,13.514,13.624,13.7,13.502,13.232,13.053,12.998,13.052,13.242,13.078,12.587,12.338,12.356,12.43,12.528,12.6,12.626,12.539,12.303,12.031,11.864,11.826,11.88,11.992,11.966
13.947,13.928,13.909,13.89,13.872,13.852,13.831,13.808,13.782,13.756,13.733,13.695,13.624,13.707,13.94,14.089,14.146,14.516,15.025,15.211,15.347,15.501,15.576,15.581,15.494,15.338,15.15,14.946,14.7,14.351,13.876,13.416,13.128,13.149,13.153,13.103,13.063,13.099,13.225,13.367,13.403,13.32,13.275,13.307,13.324,13.26,13.145,13.224,13.482,13.705,13.725,13.769,13.783,13.548,13.252,13.087,12.986,12.94,12.974,13.077,13.161,12.754,12.358,12.342,12.435,12.542,12.571,12.546,12.364,12.119,11.924,11.865,11.913,11.964,11.938,11.878
13.903,13.887,13.871,13.855,13.839,13.821,13.802,13.781,13.758,13.736,13.716,13.676,13.599,13.65,13.858,14.065,14.066,14.279,14.82,15.116,15.192,15.325,15.378,15.365,15.273,15.112,14.92,14.714,14.468,14.125,13.703,13.308,13.145,13.152,13.114,13.07,13.067,13.147,13.28,13.393,13.381,13.257,13.228,13.284,13.305,13.302,13.33,13.445,13.664,13.829,13.84,13.728,13.439,13.187,13.017,12.915,12.865,12.861,12.922,12.92,13.132,12.9,12.415,12.316,12.392,12.476,12.48,12.377,12.184,12.004,11.925,11.945,11.957,11.914,11.904,12.049
13.858,13.847,13.834,13.821,13.806,13.791,13.774,13.756,13.735,13.715,13.698,13.654,13.579,13.611,13.777,14.038,14.061,14.078,14.577,15.011,15.06,15.15,15.203,15.19,15.117,14.97,14.77,14.532,14.256,13.93,13.589,13.287,13.168,13.142,13.095,13.058,13.079,13.144,13.254,13.376,13.41,13.316,13.265,13.374,13.508,13.601,13.696,13.763,13.816,13.745,13.522,13.226,13.015,12.879,12.8,12.759,12.744,12.766,12.829,12.818,13.075,13.017,12.511,12.295,12.328,12.373,12.347,12.232,12.086,11.992,11.967,11.946,11.903,11.933,12.106,12.316
13.816,13.809,13.799,13.787,13.775,13.762,13.747,13.731,13.713,13.694,13.678,13.631,13.564,13.587,13.715,13.985,14.094,13.962,14.327,14.873,14.965,14.969,15.005,15.008,14.973,14.875,14.689,14.422,14.106,13.78,13.503,13.259,13.157,13.114,13.068,13.053,13.062,13.087,13.169,13.306,13.435,13.501,13.545,13.63,13.744,13.786,13.748,13.632,13.462,13.243,13.028,12.861,12.781,12.731,12.705,12.698,12.695,12.698,12.723,12.719,12.919,13.09,12.645,12.302,12.274,12.284,12.25,12.159,12.062,11.996,11.942,11.897,11.95,12.141,12.307,12.436
13.776,13.772,13.765,13.756,13.746,13.735,13.722,13.707,13.691,13.673,13.659,13.61,13.554,13.569,13.681,13.936,14.103,13.895,14.113,14.698,14.898,14.822,14.776,14.762,14.755,14.706,14.552,14.284,13.958,13.663,13.397,13.202,13.125,13.083,13.058,13.051,13.029,13.017,13.048,13.141,13.274,13.389,13.447,13.489,13.49,13.424,13.288,13.14,13.005,12.901,12.839,12.788,12.737,12.707,12.699,12.699,12.695,12.685,12.675,12.663,12.745,13.091,12.791,12.358,12.25,12.227,12.196,12.131,12.047,11.962,11.893,11.925,12.112,12.265,12.359,12.428
13.741,13.74,13.735,13.728,13.719,13.709,13.698,13.685,13.67,13.652,13.638,13.593,13.548,13.557,13.662,13.905,14.089,13.891,13.992,14.531,14.833,14.735,14.573,14.483,14.459,14.419,14.284,14.039,13.744,13.495,13.266,13.14,13.094,13.074,13.073,13.061,13.033,13,12.974,12.98,13.025,13.088,13.131,13.14,13.112,13.054,12.986,12.944,12.933,12.921,12.859,12.775,12.712,12.684,12.684,12.691,12.695,12.694,12.682,12.671,12.659,13.003,12.9,12.449,12.258,12.203,12.165,12.108,12.017,11.914,11.881,12,12.145,12.223,12.309,12.391
13.709,13.71,13.707,13.702,13.695,13.686,13.675,13.663,13.649,13.632,13.616,13.577,13.544,13.551,13.651,13.897,14.077,13.906,13.921,14.398,14.752,14.699,14.458,14.255,14.164,14.082,13.942,13.738,13.525,13.312,13.162,13.105,13.095,13.107,13.122,13.121,13.106,13.071,13.024,12.986,12.97,12.972,12.979,12.98,12.973,12.966,12.966,12.973,12.968,12.907,12.797,12.707,12.667,12.672,12.704,12.75,12.79,12.809,12.79,12.763,12.681,12.904,12.963,12.544,12.29,12.206,12.146,12.079,11.978,11.879,11.882,11.968,11.998,12.061,12.192,12.322
13.679,13.684,13.682,13.678,13.672,13.664,13.654,13.642,13.628,13.612,13.592,13.561,13.539,13.549,13.649,13.899,14.058,13.914,13.935,14.324,14.666,14.689,14.45,14.164,13.984,13.826,13.685,13.5,13.318,13.181,13.117,13.111,13.127,13.147,13.157,13.166,13.177,13.178,13.155,13.12,13.094,13.087,13.088,13.085,13.075,13.064,13.057,13.048,13.006,12.874,12.74,12.678,12.685,12.753,12.856,12.963,13.036,13.052,12.991,12.916,12.776,12.867,12.995,12.617,12.331,12.227,12.139,12.049,11.941,11.853,11.846,11.826,11.792,11.884,12.07,12.242
13.655,13.661,13.66,13.656,13.65,13.642,13.633,13.621,13.608,13.592,13.571,13.544,13.534,13.548,13.65,13.9,14.023,13.906,13.99,14.301,14.596,14.683,14.497,14.181,13.92,13.7,13.495,13.314,13.186,13.127,13.118,13.13,13.141,13.139,13.133,13.138,13.151,13.177,13.209,13.225,13.219,13.207,13.194,13.175,13.152,13.134,13.123,13.107,13.026,12.86,12.735,12.723,12.801,12.958,13.119,13.23,13.276,13.225,13.145,13.06,12.885,12.894,13.001,12.656,12.365,12.254,12.141,12.022,11.908,11.826,11.782,11.699,11.673,11.767,11.972,12.177
13.633,13.64,13.64,13.636,13.63,13.622,13.612,13.6,13.587,13.571,13.549,13.529,13.532,13.551,13.657,13.895,13.979,13.896,14.051,14.288,14.518,14.635,14.47,14.117,13.806,13.563,13.341,13.196,13.135,13.125,13.133,13.138,13.132,13.13,13.149,13.193,13.168,13.12,13.15,13.183,13.222,13.236,13.232,13.209,13.173,13.139,13.121,13.083,12.944,12.792,12.742,12.833,13.02,13.221,13.343,13.351,13.301,13.281,13.231,13.117,12.956,12.949,12.981,12.654,12.385,12.278,12.147,12.002,11.886,11.807,11.758,11.702,11.66,11.732,11.928,12.142
13.612,13.621,13.621,13.616,13.61,13.602,13.591,13.579,13.566,13.55,13.528,13.517,13.534,13.561,13.677,13.892,13.929,13.911,14.114,14.215,14.362,14.469,14.281,13.881,13.569,13.391,13.221,13.139,13.122,13.124,13.119,13.095,13.069,13.081,13.151,13.261,13.297,13.278,13.227,13.129,13.158,13.199,13.238,13.248,13.212,13.155,13.12,13.021,12.818,12.732,12.821,13.034,13.269,13.39,13.366,13.299,13.274,13.272,13.216,13.104,13.005,12.995,12.92,12.611,12.391,12.293,12.153,11.993,11.868,11.791,11.748,11.716,11.686,11.76,11.945,12.146
13.592,13.603,13.602,13.597,13.59,13.581,13.571,13.558,13.544,13.528,13.51,13.512,13.544,13.58,13.713,13.898,13.88,13.938,14.148,14.071,14.074,14.124,13.936,13.555,13.338,13.239,13.156,13.121,13.124,13.124,13.101,13.058,13.031,13.044,13.126,13.266,13.371,13.4,13.353,13.277,13.218,13.177,13.214,13.257,13.234,13.172,13.134,12.969,12.764,12.795,13.012,13.259,13.393,13.374,13.299,13.243,13.239,13.224,13.164,13.089,13.033,12.971,12.809,12.552,12.395,12.302,12.159,12.003,11.881,11.8,11.765,11.735,11.725,11.83,12.021,12.188
13.575,13.585,13.584,13.578,13.571,13.561,13.55,13.536,13.523,13.507,13.497,13.518,13.565,13.611,13.763,13.898,13.857,14.024,14.162,13.918,13.714,13.666,13.531,13.299,13.164,13.153,13.146,13.136,13.134,13.105,13.064,13.061,13.083,13.106,13.141,13.22,13.327,13.403,13.414,13.372,13.314,13.277,13.259,13.254,13.213,13.157,13.124,12.912,12.775,12.934,13.209,13.357,13.364,13.311,13.249,13.226,13.218,13.183,13.128,13.069,12.996,12.876,12.694,12.505,12.38,12.269,12.131,12.006,11.907,11.834,11.792,11.769,11.829,11.982,12.157,12.25
13.559,13.567,13.565,13.559,13.551,13.54,13.528,13.515,13.502,13.489,13.494,13.541,13.601,13.657,13.814,13.869,13.849,14.14,14.165,13.805,13.498,13.384,13.311,13.177,13.099,13.109,13.117,13.097,13.069,13.049,13.08,13.132,13.161,13.17,13.178,13.2,13.247,13.305,13.339,13.333,13.3,13.268,13.246,13.229,13.166,13.129,13.079,12.844,12.828,13.082,13.289,13.349,13.33,13.285,13.254,13.235,13.201,13.146,13.079,12.996,12.881,12.728,12.551,12.386,12.247,12.128,12.022,11.947,11.894,11.856,11.859,11.94,12.074,12.215,12.308,12.291
13.542,13.549,13.546,13.539,13.531,13.52,13.507,13.494,13.484,13.477,13.513,13.591,13.653,13.718,13.851,13.799,13.95,14.245,14.194,13.773,13.487,13.436,13.36,13.207,13.106,13.069,13.066,13.093,13.167,13.192,13.099,13.014,12.977,12.969,12.979,12.999,13.03,13.071,13.109,13.134,13.136,13.134,13.132,13.128,13.091,13.099,13.001,12.79,12.912,13.166,13.301,13.341,13.317,13.282,13.247,13.197,13.125,13.038,12.936,12.81,12.66,12.496,12.336,12.203,12.11,12.066,12.051,12.056,12.076,12.127,12.199,12.261,12.304,12.342,12.35,12.266
13.523,13.53,13.527,13.52,13.51,13.499,13.487,13.475,13.468,13.482,13.57,13.669,13.717,13.787,13.857,13.753,13.933,14.24,14.283,13.917,13.64,13.561,13.41,13.24,13.138,13.106,13.122,13.115,13.024,12.926,12.888,12.889,12.894,12.913,12.945,12.98,12.998,12.998,13,13.009,13.018,13.03,13.044,13.048,13.047,13.077,12.902,12.778,12.98,13.175,13.265,13.288,13.26,13.21,13.141,13.051,12.945,12.827,12.699,12.562,12.427,12.308,12.223,12.184,12.197,12.234,12.266,12.292,12.318,12.313,12.251,12.176,12.162,12.222,12.271,12.222
13.503,13.51,13.507,13.5,13.49,13.479,13.468,13.459,13.461,13.519,13.668,13.762,13.785,13.855,13.801,13.664,13.77,14.082,14.286,14.086,13.741,13.495,13.337,13.231,13.163,13.116,13.063,12.991,12.922,12.875,12.834,12.802,12.791,12.806,12.846,12.905,12.967,13.003,13.011,13.012,13.012,13.016,13.022,13.03,13.049,13.011,12.806,12.816,13.012,13.134,13.188,13.187,13.14,13.065,12.966,12.85,12.727,12.606,12.493,12.394,12.313,12.254,12.219,12.203,12.19,12.188,12.233,12.318,12.348,12.227,12.049,11.967,12.046,12.159,12.192,12.163
13.482,13.49,13.487,13.48,13.47,13.46,13.45,13.447,13.468,13.599,13.781,13.834,13.845,13.841,13.745,13.577,13.516,13.744,14.037,13.987,13.643,13.366,13.24,13.18,13.103,13.013,12.935,12.872,12.822,12.779,12.741,12.71,12.688,12.679,12.691,12.732,12.804,12.883,12.95,12.992,13.017,13.033,13.034,13.018,12.936,12.818,12.746,12.867,13.002,13.064,13.081,13.048,12.974,12.867,12.734,12.594,12.467,12.366,12.292,12.24,12.202,12.174,12.14,12.121,12.122,12.128,12.235,12.396,12.311,12.06,11.894,11.922,12.006,12.107,12.069,11.933
13.462,13.471,13.468,13.461,13.451,13.441,13.434,13.44,13.496,13.698,13.838,13.835,13.82,13.797,13.67,13.475,13.31,13.385,13.595,13.641,13.434,13.245,13.139,13.069,12.977,12.894,12.844,12.814,12.791,12.769,12.743,12.71,12.671,12.632,12.599,12.584,12.599,12.648,12.72,12.788,12.837,12.852,12.816,12.754,12.686,12.705,12.8,12.901,12.961,12.978,12.956,12.879,12.76,12.607,12.443,12.305,12.219,12.185,12.174,12.162,12.132,12.114,12.069,12.089,12.128,12.102,12.262,12.422,12.168,11.906,11.868,11.987,11.828,11.878,11.784,11.616
13.444,13.453,13.449,13.442,13.433,13.424,13.421,13.437,13.536,13.768,13.845,13.778,13.765,13.748,13.62,13.384,13.202,13.216,13.31,13.325,13.241,13.117,13.018,12.939,12.868,12.832,12.829,12.837,12.846,12.85,12.844,12.823,12.784,12.734,12.674,12.609,12.552,12.519,12.516,12.535,12.562,12.599,12.652,12.727,12.802,12.843,12.87,12.897,12.907,12.888,12.823,12.697,12.532,12.359,12.224,12.159,12.156,12.184,12.216,12.233,12.215,12.128,12.092,12.04,12.206,12.307,12.369,12.421,11.968,11.812,11.815,11.732,11.534,11.542,11.45,11.228
13.426,13.434,13.43,13.423,13.415,13.408,13.408,13.436,13.565,13.765,13.797,13.688,13.71,13.725,13.593,13.364,13.21,13.212,13.215,13.15,13.068,12.984,12.909,12.857,12.841,12.863,12.896,12.921,12.94,12.959,12.973,12.973,12.954,12.92,12.873,12.807,12.72,12.63,12.564,12.541,12.565,12.631,12.724,12.808,12.856,12.875,12.876,12.862,12.838,12.794,12.697,12.533,12.342,12.183,12.093,12.064,12.062,12.165,12.259,12.283,12.308,12.233,12.224,12.147,12.257,12.359,12.434,12.086,11.737,11.701,11.704,11.579,0,0,0,0
13.409,13.416,13.412,13.405,13.397,13.392,13.396,13.431,13.567,13.754,13.751,13.63,13.647,13.711,13.615,13.43,13.28,13.234,13.17,13.05,12.945,12.887,12.858,12.862,12.902,12.954,12.993,13.018,13.042,13.071,13.095,13.102,13.092,13.075,13.053,13.024,12.977,12.898,12.796,12.704,12.637,12.612,12.655,12.735,12.782,12.81,12.826,12.814,12.771,12.704,12.585,12.403,12.212,12.073,12.002,11.935,12.043,12.268,12.421,12.459,12.42,12.342,12.361,12.206,12.349,12.347,12.2,11.788,0,0,0,0,0,0,0,0
13.388,13.397,13.394,13.387,13.38,13.376,13.382,13.417,13.54,13.719,13.732,13.556,13.542,13.611,13.6,13.481,13.333,13.224,13.102,12.964,12.869,12.845,12.865,12.914,12.979,13.033,13.067,13.094,13.125,13.154,13.178,13.187,13.191,13.19,13.186,13.174,13.146,13.094,13.015,12.917,12.823,12.737,12.681,12.687,12.706,12.723,12.748,12.749,12.704,12.625,12.508,12.34,12.16,12.039,11.945,11.934,12.13,12.416,12.564,12.561,12.43,12.41,12.392,12.176,12.202,12.123,0,0,0,0,0,0,0,0,0,0
13.367,13.379,13.376,13.37,13.363,13.361,13.368,13.396,13.492,13.653,13.717,13.525,13.396,13.441,13.499,13.451,13.334,13.187,13.026,12.893,12.828,12.837,12.888,12.957,13.026,13.076,13.111,13.141,13.171,13.187,13.191,13.192,13.199,13.211,13.226,13.24,13.242,13.215,13.156,13.053,12.93,12.907,12.871,12.775,12.729,12.671,12.621,12.639,12.65,12.588,12.478,12.33,12.177,12.038,12.057,12.143,12.307,12.537,12.589,12.544,12.431,12.387,12.42,12.148,11.988,0,0,0,0,0,0,0,0,0,0,0
13.349,13.362,13.359,13.352,13.346,13.345,13.353,13.376,13.436,13.579,13.66,13.543,13.336,13.291,13.354,13.385,13.312,13.149,12.966,12.846,12.81,12.842,12.909,12.986,13.055,13.101,13.136,13.163,13.169,13.154,13.135,13.124,13.126,13.142,13.171,13.211,13.241,13.235,13.209,13.18,13.056,12.906,12.88,12.936,12.971,12.806,12.708,12.626,12.602,12.556,12.5,12.395,12.269,12.155,12.229,12.334,12.475,12.638,12.564,12.51,12.366,12.36,12.393,12.369,0,0,0,0,0,0,0,0,0,0,0,0
13.335,13.346,13.343,13.336,13.329,13.327,13.337,13.359,13.389,13.474,13.585,13.544,13.352,13.257,13.288,13.342,13.312,13.143,12.931,12.817,12.805,12.852,12.93,13.018,13.085,13.122,13.147,13.154,13.13,13.091,13.061,13.047,13.049,13.066,13.112,13.185,13.233,13.213,13.151,13.127,13.155,13.02,12.917,12.94,12.94,12.886,12.947,12.806,12.691,12.622,12.546,12.487,12.428,12.311,12.396,12.515,12.638,12.696,12.503,12.451,12.265,12.367,12.427,12.363,0,0,0,0,0,0,0,0,0,0,0,0
