19.016,19.014,18.991,18.946,18.877,18.786,18.675,18.562,18.459,18.372,18.303,18.257,18.237,18.239,18.269,18.328,18.405,18.475,18.52,18.54,18.54,18.536,18.53,18.513,18.478,18.412,18.294,18.104,17.853,17.608,17.427,17.317,17.232,17.185,17.166,17.152,17.143,17.145,17.148,17.141,17.124,17.1,17.077,17.059,17.046,17.037,17.03,17.026,17.025,17.025,17.025,17.024,17.018,17.009,16.994,16.959,16.887,16.766,16.588,16.366,16.147,15.96,15.795,15.611,15.405,15.192,14.979,14.783,14.62,14.491,14.393,14.318,14.268,14.213,14.159,14.12
19.018,18.992,18.96,18.912,18.843,18.757,18.655,18.548,18.444,18.352,18.279,18.229,18.21,18.221,18.26,18.319,18.384,18.441,18.481,18.503,18.507,18.5,18.482,18.45,18.396,18.313,18.19,18.021,17.821,17.621,17.456,17.335,17.249,17.194,17.164,17.147,17.137,17.136,17.133,17.124,17.108,17.087,17.067,17.049,17.036,17.025,17.016,17.009,17.003,16.997,16.99,16.98,16.966,16.944,16.91,16.856,16.773,16.655,16.501,16.319,16.13,15.945,15.76,15.562,15.351,15.135,14.929,14.746,14.596,14.479,14.391,14.321,14.263,14.206,14.152,14.111
19.009,18.98,18.945,18.895,18.826,18.741,18.64,18.531,18.422,18.321,18.239,18.187,18.172,18.192,18.24,18.303,18.367,18.42,18.458,18.477,18.48,18.468,18.442,18.398,18.332,18.239,18.114,17.958,17.782,17.607,17.454,17.335,17.249,17.191,17.157,17.138,17.13,17.126,17.12,17.109,17.093,17.075,17.056,17.039,17.024,17.011,17,16.99,16.979,16.967,16.953,16.934,16.909,16.874,16.827,16.761,16.674,16.562,16.428,16.275,16.112,15.942,15.76,15.563,15.351,15.135,14.929,14.746,14.596,14.479,14.391,14.32,14.259,14.201,14.147,14.099
19.007,18.976,18.941,18.889,18.819,18.732,18.628,18.512,18.391,18.277,18.186,18.132,18.122,18.154,18.216,18.289,18.357,18.411,18.445,18.46,18.458,18.439,18.405,18.351,18.276,18.176,18.05,17.9,17.737,17.577,17.436,17.323,17.24,17.184,17.149,17.13,17.122,17.117,17.108,17.096,17.08,17.063,17.044,17.027,17.011,16.997,16.983,16.969,16.954,16.937,16.917,16.891,16.858,16.816,16.763,16.697,16.615,16.518,16.407,16.282,16.146,15.996,15.828,15.639,15.43,15.21,14.992,14.793,14.628,14.5,14.403,14.327,14.262,14.202,14.146,14.095
19.009,18.978,18.942,18.893,18.824,18.732,18.621,18.491,18.352,18.22,18.116,18.058,18.058,18.11,18.194,18.284,18.36,18.413,18.441,18.449,18.438,18.411,18.367,18.305,18.223,18.117,17.989,17.844,17.69,17.542,17.411,17.307,17.228,17.174,17.141,17.123,17.114,17.107,17.097,17.084,17.068,17.051,17.033,17.015,16.998,16.982,16.966,16.949,16.93,16.909,16.885,16.856,16.821,16.779,16.729,16.67,16.602,16.525,16.438,16.342,16.235,16.111,15.965,15.791,15.587,15.359,15.119,14.891,14.695,14.542,14.429,14.343,14.272,14.209,14.151,14.096
19.014,18.984,18.95,18.904,18.84,18.748,18.624,18.473,18.306,18.145,18.021,17.96,17.98,18.069,18.188,18.298,18.378,18.424,18.442,18.437,18.415,18.378,18.324,18.254,18.164,18.055,17.927,17.786,17.642,17.505,17.385,17.289,17.217,17.165,17.133,17.116,17.107,17.099,17.088,17.074,17.058,17.04,17.022,17.003,16.985,16.967,16.949,16.93,16.909,16.886,16.861,16.832,16.8,16.763,16.722,16.677,16.627,16.572,16.512,16.446,16.369,16.277,16.162,16.014,15.827,15.597,15.333,15.06,14.812,14.614,14.471,14.37,14.29,14.223,14.162,14.103
19.021,18.992,18.962,18.921,18.863,18.778,18.647,18.463,18.252,18.047,17.889,17.831,17.898,18.051,18.214,18.338,18.41,18.44,18.439,18.419,18.383,18.333,18.269,18.19,18.095,17.985,17.86,17.727,17.593,17.469,17.361,17.274,17.207,17.158,17.127,17.11,17.101,17.092,17.08,17.065,17.049,17.031,17.012,16.993,16.974,16.954,16.935,16.915,16.893,16.871,16.847,16.823,16.797,16.77,16.742,16.712,16.682,16.649,16.615,16.577,16.532,16.475,16.399,16.293,16.143,15.938,15.669,15.351,15.024,14.744,14.544,14.413,14.32,14.245,14.18,14.117
19.029,19.003,18.975,18.94,18.89,18.815,18.692,18.482,18.194,17.911,17.705,17.677,17.847,18.092,18.291,18.404,18.446,18.446,18.422,18.383,18.332,18.269,18.196,18.111,18.014,17.906,17.788,17.667,17.547,17.437,17.341,17.263,17.2,17.153,17.122,17.105,17.095,17.087,17.075,17.06,17.043,17.025,17.005,16.986,16.966,16.945,16.925,16.904,16.884,16.865,16.846,16.828,16.812,16.796,16.782,16.768,16.754,16.74,16.726,16.71,16.691,16.665,16.628,16.572,16.484,16.347,16.134,15.822,15.419,15,14.678,14.485,14.366,14.279,14.207,14.14
19.037,19.013,18.99,18.96,18.918,18.854,18.745,18.537,18.159,17.729,17.463,17.541,17.892,18.222,18.405,18.462,18.454,18.423,18.379,18.322,18.256,18.182,18.102,18.016,17.923,17.823,17.718,17.612,17.508,17.413,17.329,17.258,17.199,17.153,17.12,17.101,17.092,17.084,17.072,17.057,17.04,17.022,17.003,16.982,16.962,16.941,16.92,16.9,16.883,16.868,16.855,16.846,16.839,16.834,16.831,16.828,16.825,16.822,16.819,16.815,16.81,16.802,16.789,16.769,16.735,16.679,16.58,16.4,16.078,15.566,14.983,14.592,14.438,14.339,14.247,14.174
19.044,19.023,19.004,18.98,18.946,18.894,18.802,18.612,18.191,17.565,17.221,17.503,18.043,18.38,18.479,18.46,18.418,18.372,18.314,18.242,18.164,18.083,18.001,17.919,17.835,17.748,17.659,17.57,17.483,17.401,17.327,17.262,17.207,17.16,17.124,17.102,17.091,17.084,17.072,17.056,17.04,17.023,17.004,16.984,16.963,16.942,16.922,16.904,16.889,16.879,16.873,16.871,16.871,16.871,16.872,16.875,16.88,16.886,16.892,16.896,16.899,16.898,16.89,16.875,16.852,16.824,16.789,16.736,16.625,16.349,15.767,15.006,14.518,14.382,14.319,14.227
19.048,19.031,19.016,18.997,18.971,18.93,18.859,18.706,18.312,17.593,17.125,17.501,18.125,18.419,18.462,18.414,18.367,18.325,18.266,18.194,18.111,18.025,17.939,17.857,17.779,17.703,17.628,17.553,17.48,17.409,17.343,17.282,17.227,17.18,17.14,17.111,17.095,17.087,17.076,17.059,17.043,17.027,17.009,16.99,16.97,16.949,16.93,16.914,16.903,16.898,16.895,16.893,16.895,16.898,16.912,16.934,16.958,16.985,17.014,17.044,17.069,17.084,17.083,17.063,17.022,16.966,16.902,16.844,16.798,16.732,16.52,15.897,15.038,14.492,14.344,14.294
19.051,19.038,19.026,19.011,18.991,18.961,18.91,18.799,18.494,17.783,17.151,17.418,18.068,18.372,18.398,18.339,18.294,18.264,18.225,18.172,18.106,18.03,17.95,17.867,17.785,17.706,17.632,17.564,17.499,17.438,17.379,17.322,17.268,17.218,17.172,17.135,17.109,17.096,17.085,17.067,17.049,17.033,17.016,16.998,16.979,16.959,16.942,16.928,16.918,16.91,16.908,16.909,16.915,16.951,16.989,17.014,17.041,17.087,17.149,17.216,17.269,17.298,17.3,17.285,17.258,17.207,17.123,17.016,16.912,16.839,16.792,16.583,15.915,15.043,14.5,14.334
19.053,19.043,19.033,19.022,19.007,18.986,18.95,18.875,18.669,18.028,17.237,17.341,17.994,18.29,18.291,18.212,18.156,18.135,18.119,18.097,18.067,18.027,17.978,17.92,17.852,17.777,17.699,17.623,17.551,17.485,17.424,17.369,17.317,17.267,17.22,17.177,17.14,17.116,17.1,17.083,17.06,17.041,17.024,17.005,16.987,16.969,16.952,16.936,16.928,16.926,16.911,16.914,16.977,17.005,16.935,16.879,16.897,16.975,17.087,17.203,17.286,17.314,17.284,17.237,17.223,17.243,17.247,17.192,17.076,16.944,16.862,16.827,16.579,15.856,15.008,14.501
19.055,19.046,19.038,19.03,19.019,19.003,18.978,18.928,18.799,18.265,17.35,17.286,17.913,18.166,18.112,17.997,17.926,17.909,17.907,17.907,17.908,17.908,17.906,17.894,17.87,17.831,17.779,17.718,17.651,17.583,17.515,17.449,17.385,17.326,17.272,17.224,17.182,17.148,17.124,17.105,17.08,17.055,17.033,17.013,16.994,16.975,16.957,16.947,16.929,16.915,16.98,17.051,16.823,16.571,16.456,16.407,16.452,16.595,16.799,17.016,17.186,17.252,17.194,17.087,17.032,17.064,17.15,17.209,17.181,17.063,16.928,16.872,16.858,16.521,15.709,14.901
19.058,19.049,19.042,19.034,19.025,19.014,18.997,18.963,18.88,18.465,17.468,17.24,17.812,17.993,17.866,17.727,17.66,17.647,17.648,17.658,17.679,17.71,17.749,17.789,17.821,17.836,17.83,17.804,17.758,17.697,17.626,17.553,17.482,17.414,17.35,17.288,17.233,17.187,17.153,17.13,17.106,17.075,17.048,17.024,17.001,16.981,16.963,16.935,16.94,17.008,16.96,16.686,16.233,15.917,15.81,15.795,15.889,16.096,16.399,16.751,17.063,17.229,17.193,17.044,16.956,16.943,17.02,17.131,17.187,17.135,17,16.888,16.912,16.878,16.321,15.411
19.06,19.05,19.042,19.034,19.027,19.019,19.007,18.985,18.927,18.618,17.58,17.199,17.69,17.786,17.603,17.472,17.425,17.415,17.417,17.433,17.466,17.514,17.569,17.619,17.664,17.707,17.746,17.778,17.795,17.791,17.76,17.7,17.618,17.527,17.44,17.365,17.3,17.241,17.191,17.156,17.129,17.097,17.064,17.035,17.01,16.985,16.95,16.943,16.964,16.809,16.44,15.971,15.569,15.385,15.326,15.318,15.393,15.584,15.921,16.383,16.865,17.191,17.235,17.067,16.953,16.915,16.953,17.051,17.145,17.151,17.049,16.909,16.9,17.006,16.716,15.865
19.052,19.044,19.037,19.031,19.026,19.02,19.012,18.997,18.954,18.731,17.679,17.159,17.558,17.577,17.372,17.272,17.239,17.222,17.21,17.207,17.206,17.198,17.188,17.191,17.213,17.258,17.325,17.409,17.501,17.59,17.662,17.702,17.696,17.643,17.556,17.458,17.371,17.3,17.241,17.191,17.153,17.116,17.078,17.046,17.013,16.974,16.96,16.963,16.76,16.276,15.766,15.412,15.257,15.222,15.185,15.138,15.122,15.205,15.467,15.944,16.557,17.077,17.261,17.121,16.959,16.921,16.925,16.991,17.095,17.136,17.065,16.92,16.883,17.034,16.928,16.194
19.036,19.032,19.029,19.025,19.021,19.017,19.012,19.004,18.971,18.815,17.776,17.122,17.428,17.394,17.193,17.119,17.073,17.017,16.952,16.87,16.768,16.668,16.593,16.554,16.553,16.589,16.661,16.766,16.902,17.063,17.236,17.402,17.532,17.602,17.594,17.521,17.423,17.338,17.277,17.226,17.179,17.134,17.089,17.045,17.002,16.988,17,16.836,16.317,15.715,15.384,15.337,15.399,15.427,15.385,15.287,15.163,15.083,15.158,15.506,16.135,16.834,17.239,17.201,17.004,16.943,16.938,16.984,17.073,17.11,17.051,16.917,16.876,17.04,17.041,16.404
19.025,19.022,19.019,19.017,19.014,19.012,19.009,19.006,18.982,18.882,17.886,17.093,17.309,17.248,17.057,16.983,16.894,16.775,16.627,16.452,16.28,16.151,16.073,16.034,16.025,16.04,16.078,16.144,16.247,16.393,16.587,16.822,17.074,17.303,17.461,17.509,17.452,17.348,17.264,17.216,17.176,17.128,17.076,17.033,17.02,17.042,16.951,16.509,15.843,15.427,15.438,15.61,15.716,15.738,15.695,15.591,15.424,15.223,15.086,15.182,15.655,16.421,17.084,17.272,17.105,16.996,17.016,17.035,17.078,17.084,17.018,16.899,16.877,17.089,17.114,16.494
19.015,19.012,19.01,19.008,19.006,19.005,19.005,19.005,18.988,18.934,18.015,17.081,17.206,17.135,16.947,16.851,16.708,16.526,16.321,16.127,15.998,15.952,15.961,15.991,16.014,16.019,16.004,15.979,15.962,15.976,16.045,16.191,16.424,16.726,17.042,17.295,17.413,17.38,17.268,17.177,17.133,17.098,17.066,17.057,17.077,17.04,16.73,16.102,15.547,15.468,15.708,15.871,15.916,15.922,15.898,15.838,15.715,15.512,15.257,15.09,15.251,15.872,16.704,17.224,17.225,17.057,17.025,17.048,17.049,17.022,16.947,16.871,16.951,17.216,17.08,16.375
19.006,19.003,19.001,18.999,18.998,18.999,18.999,19.002,18.99,18.975,18.167,17.098,17.119,17.049,16.854,16.726,16.536,16.317,16.112,15.985,15.98,16.079,16.232,16.387,16.502,16.551,16.531,16.455,16.34,16.199,16.061,15.967,15.971,16.116,16.403,16.77,17.107,17.301,17.313,17.22,17.139,17.107,17.097,17.104,17.083,16.887,16.389,15.772,15.487,15.671,15.911,15.965,15.972,15.975,15.965,15.942,15.889,15.77,15.548,15.254,15.087,15.351,16.097,16.9,17.262,17.191,17.057,17.015,16.995,16.968,16.946,16.993,17.157,17.203,16.773,15.995
18.999,18.996,18.993,18.991,18.991,18.992,18.994,18.998,18.989,19.004,18.355,17.158,17.047,16.985,16.777,16.619,16.397,16.17,16.01,15.983,16.101,16.313,16.553,16.766,16.919,17.004,17.029,17.011,16.953,16.844,16.669,16.422,16.15,15.954,15.938,16.145,16.511,16.895,17.147,17.213,17.17,17.126,17.105,17.071,16.942,16.597,16.049,15.598,15.581,15.856,15.993,15.995,16.004,15.998,15.988,15.97,15.945,15.895,15.781,15.543,15.216,15.08,15.46,16.25,16.953,17.245,17.241,17.171,17.126,17.117,17.146,17.197,17.146,16.803,16.202,15.514
18.994,18.99,18.987,18.985,18.985,18.986,18.988,18.993,18.986,19.022,18.564,17.27,16.99,16.938,16.715,16.535,16.295,16.079,15.979,16.045,16.251,16.521,16.774,16.955,17.05,17.083,17.096,17.108,17.115,17.116,17.099,17.021,16.817,16.46,16.078,15.878,15.968,16.283,16.659,16.92,17.011,17.006,16.971,16.882,16.666,16.269,15.801,15.564,15.717,15.964,16.021,16.02,16.028,16.023,16.017,15.995,15.968,15.932,15.876,15.764,15.502,15.148,15.082,15.534,16.237,16.786,17.072,17.192,17.217,17.198,17.144,16.989,16.652,16.152,15.622,15.168
18.99,18.985,18.982,18.979,18.979,18.98,18.983,18.987,18.982,19.028,18.753,17.439,16.95,16.908,16.671,16.474,16.228,16.03,15.986,16.122,16.383,16.668,16.885,16.998,17.028,17.026,17.028,17.029,17.025,17.027,17.054,17.106,17.136,17.044,16.721,16.224,15.883,15.862,16.098,16.414,16.63,16.7,16.682,16.576,16.344,15.993,15.668,15.606,15.826,16.014,16.035,16.038,16.045,16.056,16.059,16.029,15.993,15.961,15.904,15.841,15.731,15.42,15.067,15.099,15.535,16.037,16.384,16.607,16.734,16.735,16.61,16.355,15.986,15.589,15.26,15.037
18.986,18.98,18.976,18.974,18.974,18.975,18.978,18.982,18.979,19.023,18.909,17.649,16.944,16.887,16.645,16.436,16.188,16.005,16.006,16.194,16.491,16.767,16.924,16.974,16.971,16.982,17.004,16.986,16.97,16.94,16.92,16.968,17.071,17.154,17.11,16.823,16.302,15.905,15.804,15.951,16.18,16.316,16.33,16.251,16.064,15.809,15.622,15.665,15.89,16.034,16.046,16.054,16.07,16.109,16.127,16.085,16.019,15.987,15.944,15.853,15.809,15.676,15.286,15,15.117,15.472,15.75,15.908,16.012,16.036,15.939,15.744,15.5,15.28,15.127,15.031
18.982,18.975,18.97,18.968,18.968,18.97,18.973,18.978,18.976,19.008,19.027,17.884,16.984,16.871,16.636,16.418,16.17,15.995,16.026,16.256,16.585,16.842,16.932,16.939,16.964,17.078,17.115,17.011,16.94,16.915,16.885,16.899,16.991,17.116,17.182,17.061,16.754,16.304,15.915,15.765,15.83,15.97,16.021,15.98,15.864,15.707,15.617,15.702,15.912,16.037,16.056,16.068,16.079,16.151,16.182,16.155,16.064,15.994,15.986,15.889,15.799,15.789,15.558,15.131,14.951,15.115,15.374,15.497,15.557,15.561,15.506,15.397,15.273,15.172,15.101,15.034
18.979,18.97,18.963,18.961,18.961,18.965,18.97,18.974,18.975,18.987,19.105,18.131,17.079,16.861,16.639,16.417,16.17,15.994,16.04,16.305,16.676,16.914,16.934,16.912,16.988,17.189,17.18,17.121,17.012,16.947,16.96,16.999,17.047,17.124,17.234,17.185,16.855,16.626,16.25,15.906,15.73,15.73,15.796,15.782,15.731,15.656,15.626,15.718,15.898,16.022,16.062,16.081,16.089,16.129,16.174,16.182,16.116,16.006,15.994,15.954,15.797,15.779,15.731,15.362,15.002,14.892,15.085,15.212,15.295,15.341,15.323,15.267,15.203,15.147,15.091,15.014
18.976,18.962,18.954,18.951,18.953,18.959,18.966,18.972,18.974,18.968,19.145,18.37,17.227,16.867,16.65,16.428,16.186,16.001,16.044,16.339,16.765,16.989,16.946,16.893,16.998,17.202,17.167,17.192,17.166,17.13,17.175,17.239,17.257,17.242,17.283,17.311,16.993,16.602,16.473,16.163,15.881,15.702,15.663,15.694,15.655,15.625,15.624,15.704,15.852,15.98,16.046,16.081,16.097,16.123,16.15,16.16,16.131,16.027,15.98,16,15.838,15.735,15.77,15.532,15.173,14.861,14.877,14.972,15.004,15.124,15.199,15.211,15.18,15.138,15.081,14.994
18.971,18.951,18.941,18.938,18.942,18.951,18.961,18.97,18.975,18.952,19.151,18.584,17.42,16.899,16.665,16.446,16.212,16.016,16.041,16.352,16.836,17.061,16.974,16.883,16.982,17.148,17.139,17.181,17.261,17.318,17.392,17.441,17.435,17.392,17.373,17.356,17.153,16.621,16.369,16.312,16.047,15.85,15.657,15.606,15.61,15.6,15.617,15.682,15.797,15.918,16.004,16.056,16.085,16.107,16.123,16.133,16.114,16.027,15.971,16.011,15.897,15.708,15.749,15.576,15.288,14.949,14.794,14.891,14.786,14.808,14.971,15.108,15.15,15.124,15.067,14.979
18.958,18.931,18.919,18.918,18.926,18.94,18.955,18.968,18.975,18.943,19.136,18.761,17.638,16.967,16.687,16.466,16.243,16.04,16.032,16.34,16.871,17.119,17.018,16.889,16.946,17.059,17.074,17.119,17.247,17.373,17.445,17.467,17.459,17.443,17.442,17.394,17.174,16.714,16.254,16.18,16.104,15.955,15.92,15.797,15.722,15.616,15.578,15.607,15.695,15.813,15.922,16.002,16.051,16.081,16.096,16.1,16.077,16,15.965,16.01,15.944,15.7,15.718,15.566,15.276,15.015,14.755,14.819,14.854,14.643,14.634,14.848,15.04,15.101,15.055,14.946
18.93,18.896,18.883,18.887,18.902,18.925,18.948,18.966,18.975,18.941,19.112,18.895,17.858,17.071,16.721,16.489,16.275,16.07,16.022,16.303,16.851,17.15,17.078,16.922,16.912,16.974,16.996,17.045,17.185,17.325,17.381,17.392,17.405,17.437,17.464,17.394,17.141,16.668,16.324,16.104,15.898,15.863,15.823,15.838,15.875,15.877,15.783,15.7,15.673,15.709,15.785,15.87,15.943,15.993,16.021,16.03,16.01,15.96,15.96,16.016,15.965,15.703,15.675,15.582,15.212,15.003,14.739,14.704,14.831,14.789,14.598,14.506,14.695,14.92,14.999,14.936
18.877,18.84,18.829,18.84,18.866,18.903,18.939,18.965,18.976,18.945,19.09,18.986,18.056,17.198,16.773,16.516,16.305,16.104,16.018,16.246,16.772,17.136,17.139,16.984,16.908,16.912,16.93,16.987,17.126,17.255,17.312,17.341,17.378,17.441,17.475,17.36,17.048,16.57,16.148,15.978,15.876,15.782,15.709,15.654,15.62,15.644,15.709,15.765,15.779,15.774,15.781,15.807,15.846,15.886,15.917,15.936,15.939,15.935,15.976,16.029,15.966,15.711,15.617,15.636,15.206,15.03,14.796,14.677,14.707,14.8,14.749,14.587,14.465,14.54,14.729,14.83
18.799,18.756,18.751,18.771,18.813,18.87,18.927,18.966,18.977,18.956,19.074,19.039,18.21,17.328,16.841,16.555,16.334,16.137,16.021,16.181,16.648,17.063,17.173,17.063,16.948,16.903,16.904,16.966,17.094,17.207,17.28,17.338,17.391,17.462,17.473,17.3,16.903,16.475,16.113,15.975,15.917,15.851,15.793,15.74,15.695,15.642,15.603,15.605,15.648,15.711,15.772,15.82,15.856,15.884,15.909,15.932,15.95,15.969,16.019,16.036,15.946,15.713,15.553,15.701,15.274,15.185,15.038,14.862,14.713,14.671,14.725,14.718,14.589,14.471,14.471,14.556
18.716,18.646,18.645,18.675,18.734,18.819,18.909,18.971,18.984,18.979,19.073,19.058,18.305,17.439,16.919,16.609,16.37,16.172,16.033,16.116,16.498,16.935,17.16,17.132,17.021,16.946,16.931,16.988,17.092,17.193,17.286,17.359,17.413,17.473,17.447,17.219,16.764,16.199,16.026,16.108,16.018,15.945,15.88,15.84,15.834,15.834,15.801,15.729,15.658,15.624,15.641,15.698,15.772,15.842,15.899,15.943,15.973,16.003,16.03,16,15.893,15.697,15.493,15.719,15.37,15.338,15.335,15.219,15.047,14.831,14.637,14.649,14.663,14.576,14.5,14.443
18.635,18.508,18.508,18.543,18.615,18.729,18.869,18.98,19.014,19.026,19.092,19.03,18.323,17.503,16.992,16.675,16.422,16.211,16.053,16.058,16.34,16.767,17.092,17.174,17.107,17.029,17.002,17.038,17.117,17.221,17.326,17.387,17.421,17.457,17.398,17.13,16.688,16.19,16.206,16.204,16.103,16.027,15.936,15.892,15.913,15.965,16.008,16,15.924,15.81,15.708,15.652,15.653,15.696,15.761,15.826,15.88,15.922,15.936,15.889,15.796,15.651,15.437,15.671,15.476,15.318,15.399,15.413,15.37,15.232,14.902,14.543,14.588,14.577,14.542,14.468
18.475,18.341,18.34,18.371,18.442,18.568,18.753,18.949,19.059,19.083,19.085,18.917,18.261,17.508,17.045,16.746,16.492,16.265,16.085,16.021,16.194,16.572,16.961,17.164,17.183,17.134,17.1,17.115,17.184,17.288,17.376,17.407,17.41,17.415,17.333,17.042,16.551,16.141,16.335,16.281,16.221,16.098,15.957,15.896,15.929,16.023,16.12,16.181,16.182,16.109,15.98,15.838,15.726,15.668,15.66,15.685,15.723,15.757,15.765,15.727,15.669,15.567,15.403,15.596,15.586,15.319,15.235,15.305,15.322,15.41,15.32,14.922,14.503,14.49,14.472,14.433
18.255,18.153,18.153,18.172,18.22,18.313,18.486,18.738,18.962,19.024,18.955,18.697,18.116,17.461,17.07,16.808,16.573,16.339,16.137,16.017,16.077,16.371,16.765,17.069,17.204,17.223,17.207,17.218,17.277,17.358,17.411,17.409,17.383,17.358,17.263,16.962,16.488,16.238,16.424,16.386,16.332,16.183,16.008,15.912,15.92,16.012,16.142,16.261,16.329,16.339,16.277,16.152,15.996,15.851,15.743,15.68,15.654,15.646,15.631,15.598,15.555,15.48,15.373,15.552,15.664,15.324,15.157,15.188,15.126,15.245,15.457,15.429,14.653,14.445,14.385,14.345
18.002,17.958,17.958,17.97,17.994,18.026,18.092,18.256,18.516,18.69,18.626,18.372,17.909,17.379,17.067,16.85,16.65,16.432,16.218,16.055,16.017,16.177,16.517,16.868,17.112,17.233,17.275,17.303,17.346,17.391,17.412,17.393,17.345,17.297,17.196,16.874,16.441,16.396,16.498,16.478,16.459,16.335,16.143,15.98,15.911,15.951,16.073,16.225,16.349,16.418,16.442,16.394,16.277,16.121,15.963,15.83,15.731,15.662,15.61,15.564,15.522,15.448,15.36,15.569,15.702,15.246,15.193,15.092,15.064,15.147,15.288,15.436,15.118,14.551,14.359,14.288
17.79,17.759,17.759,17.775,17.807,17.826,17.801,17.755,17.812,18.003,18.088,17.941,17.643,17.273,17.042,16.869,16.71,16.528,16.325,16.137,16.025,16.056,16.257,16.576,16.885,17.108,17.236,17.305,17.345,17.37,17.378,17.36,17.303,17.24,17.137,16.788,16.404,16.503,16.535,16.538,16.569,16.525,16.38,16.159,15.976,15.9,15.951,16.094,16.247,16.352,16.417,16.447,16.401,16.292,16.151,16.009,15.883,15.777,15.684,15.592,15.517,15.426,15.366,15.625,15.69,15.163,15.111,15.006,15.056,15.154,15.285,15.382,15.349,14.713,14.388,14.276
17.554,17.557,17.55,17.565,17.618,17.698,17.745,17.669,17.476,17.378,17.469,17.492,17.358,17.15,17,16.865,16.743,16.607,16.439,16.25,16.093,16.028,16.091,16.29,16.578,16.855,17.061,17.188,17.256,17.289,17.306,17.307,17.256,17.189,17.087,16.71,16.378,16.559,16.522,16.519,16.586,16.649,16.64,16.463,16.199,15.967,15.863,15.92,16.063,16.178,16.237,16.271,16.28,16.234,16.142,16.029,15.909,15.789,15.675,15.575,15.483,15.389,15.421,15.723,15.725,15.181,15.001,15,15.12,15.243,15.327,15.402,15.334,14.784,14.406,14.277
17.372,17.378,17.346,17.329,17.359,17.463,17.631,17.774,17.729,17.439,17.163,17.106,17.09,17.01,16.94,16.849,16.756,16.656,16.532,16.369,16.201,16.075,16.036,16.109,16.295,16.546,16.785,16.965,17.079,17.146,17.194,17.228,17.202,17.143,17.046,16.651,16.361,16.542,16.432,16.389,16.465,16.613,16.752,16.74,16.546,16.232,15.92,15.785,15.845,15.964,16.038,16.055,16.045,16.012,15.952,15.874,15.779,15.684,15.601,15.527,15.462,15.507,15.66,15.926,15.735,15.156,15.022,15.104,15.244,15.345,15.411,15.433,15.233,14.725,14.379,14.277
17.285,17.256,17.197,17.133,17.093,17.112,17.242,17.494,17.765,17.848,17.625,17.254,16.989,16.88,16.833,16.791,16.74,16.678,16.593,16.473,16.321,16.166,16.065,16.045,16.118,16.281,16.493,16.695,16.851,16.961,17.048,17.126,17.137,17.096,17.012,16.609,16.362,16.461,16.258,16.182,16.276,16.491,16.713,16.805,16.767,16.583,16.185,15.809,15.666,15.701,15.784,15.851,15.89,15.914,15.921,15.904,15.858,15.788,15.71,15.658,15.709,15.819,15.852,15.781,15.491,15.137,15.143,15.279,15.399,15.438,15.514,15.301,14.949,14.567,14.326,14.288
17.26,17.215,17.15,17.068,16.972,16.881,16.844,16.942,17.215,17.573,17.807,17.792,17.547,17.186,16.895,16.748,16.679,16.64,16.598,16.53,16.419,16.278,16.14,16.043,16.045,16.128,16.275,16.453,16.626,16.77,16.895,17.015,17.062,17.046,16.978,16.576,16.369,16.329,16.054,15.994,16.116,16.4,16.687,16.785,16.774,16.679,16.401,15.998,15.667,15.513,15.458,15.451,15.471,15.544,15.672,15.818,15.922,15.959,15.939,15.899,15.862,15.751,15.546,15.316,15.191,15.191,15.302,15.444,15.493,15.526,15.37,14.938,14.661,14.421,14.312,14.336
17.274,17.247,17.201,17.136,17.044,16.916,16.761,16.636,16.649,16.866,17.219,17.551,17.736,17.702,17.441,17.074,16.81,16.655,16.574,16.521,16.454,16.354,16.23,16.107,16.055,16.076,16.157,16.29,16.449,16.606,16.761,16.915,16.988,16.995,16.941,16.543,16.358,16.181,15.88,15.876,16.006,16.365,16.717,16.782,16.75,16.634,16.271,15.92,15.716,15.556,15.425,15.322,15.218,15.234,15.385,15.629,15.806,15.867,15.822,15.727,15.596,15.414,15.239,15.197,15.248,15.315,15.431,15.523,15.492,15.278,14.917,14.631,14.472,14.364,14.365,14.419
17.342,17.324,17.3,17.265,17.209,17.118,16.97,16.758,16.547,16.467,16.587,16.854,17.182,17.474,17.609,17.521,17.237,16.942,16.716,16.569,16.472,16.386,16.291,16.181,16.101,16.08,16.116,16.21,16.339,16.488,16.663,16.841,16.924,16.947,16.894,16.499,16.318,16.043,15.767,15.825,15.986,16.395,16.785,16.789,16.639,16.551,16.25,15.824,15.581,15.448,15.403,15.442,15.361,15.29,15.178,15.291,15.408,15.499,15.452,15.344,15.239,15.185,15.252,15.307,15.315,15.328,15.452,15.414,15.147,14.803,14.569,14.473,14.416,14.421,14.482,14.558
17.427,17.407,17.399,17.384,17.355,17.308,17.223,17.065,16.812,16.541,16.4,16.439,16.618,16.891,17.184,17.392,17.428,17.267,17.013,16.77,16.582,16.445,16.336,16.236,16.147,16.103,16.117,16.185,16.286,16.419,16.614,16.799,16.872,16.908,16.822,16.437,16.247,15.933,15.733,15.816,16.111,16.522,16.881,16.857,16.482,16.153,15.914,15.7,15.573,15.501,15.395,15.243,15.165,15.531,15.384,15.148,15.038,15.109,15.157,15.114,15.144,15.321,15.367,15.288,15.192,15.158,15.097,14.955,14.687,14.513,14.47,14.483,14.516,14.593,14.686,14.779
17.499,17.477,17.474,17.464,17.443,17.414,17.373,17.295,17.124,16.834,16.538,16.382,16.384,16.512,16.732,16.99,17.194,17.267,17.175,16.972,16.748,16.555,16.404,16.284,16.184,16.128,16.133,16.186,16.268,16.4,16.616,16.776,16.837,16.873,16.723,16.356,16.159,15.875,15.801,15.969,16.357,16.713,16.95,16.937,16.484,15.917,15.543,15.347,15.288,15.329,15.424,15.547,15.338,15.116,15.244,15.314,15.422,15.462,15.326,15.225,15.36,15.403,15.241,15.148,15,14.81,14.734,14.636,14.528,14.525,14.592,14.669,14.748,14.829,14.9,14.954
17.551,17.531,17.525,17.51,17.483,17.448,17.416,17.388,17.322,17.12,16.789,16.5,16.372,16.384,16.49,16.668,16.875,17.034,17.087,17.011,16.843,16.646,16.47,16.327,16.214,16.15,16.151,16.197,16.282,16.436,16.648,16.765,16.825,16.814,16.589,16.257,16.078,15.908,15.926,16.278,16.671,16.871,16.905,16.828,16.447,15.978,15.629,15.433,15.346,15.322,15.34,15.413,15.469,15.36,15.111,15.059,15.252,15.251,15.212,15.278,15.364,15.261,15.131,14.979,14.749,14.633,14.64,14.651,14.695,14.796,14.89,14.934,14.931,14.918,14.895,14.862
17.595,17.576,17.562,17.537,17.499,17.45,17.401,17.378,17.385,17.316,17.046,16.688,16.442,16.371,16.406,16.501,16.642,16.785,16.878,16.89,16.806,16.656,16.49,16.343,16.226,16.161,16.17,16.227,16.341,16.51,16.685,16.774,16.805,16.703,16.426,16.152,16.006,15.972,16.28,16.673,16.896,16.897,16.673,16.261,15.846,15.545,15.405,15.376,15.373,15.371,15.429,15.46,15.523,15.515,15.172,14.907,14.989,14.85,14.89,15.143,15.25,15.166,14.971,14.8,14.653,14.656,14.722,14.788,14.836,14.81,14.649,14.404,14.286,14.636,14.753,14.674
17.645,17.617,17.591,17.557,17.511,17.449,17.376,17.321,17.338,17.391,17.264,16.911,16.573,16.405,16.381,16.419,16.499,16.597,16.674,16.705,16.672,16.574,16.443,16.313,16.211,16.171,16.216,16.305,16.436,16.582,16.723,16.772,16.723,16.528,16.239,16.043,16.043,16.381,16.743,16.887,16.876,16.827,16.237,15.443,15.059,15.02,15.142,15.255,15.278,15.298,15.44,15.566,15.605,15.544,15.194,14.864,14.805,14.631,14.768,15.177,15.179,15.019,14.858,14.755,14.719,14.76,14.788,14.759,14.622,14.321,13.872,13.458,13.405,13.723,14.07,14.385
17.704,17.655,17.613,17.571,17.521,17.457,17.371,17.274,17.24,17.336,17.391,17.141,16.754,16.496,16.402,16.386,16.41,16.463,16.512,16.532,16.512,16.447,16.354,16.262,16.207,16.226,16.305,16.405,16.525,16.665,16.756,16.72,16.567,16.312,16.086,16.116,16.51,16.83,16.887,16.788,16.776,16.648,15.74,15.016,14.867,15.036,15.205,15.237,15.189,15.264,15.478,15.654,15.67,15.573,15.205,14.831,14.658,14.541,14.981,15.243,15.066,14.934,14.863,14.828,14.812,14.785,14.699,14.539,14.271,13.881,13.49,13.397,13.527,13.937,13.985,14.097
17.752,17.677,17.621,17.574,17.527,17.469,17.386,17.269,17.162,17.198,17.372,17.331,16.973,16.633,16.477,16.415,16.379,16.38,16.399,16.405,16.386,16.341,16.285,16.248,16.262,16.326,16.412,16.519,16.653,16.759,16.722,16.566,16.328,16.095,16.105,16.672,16.865,16.806,16.83,16.736,16.653,16.174,15.157,14.828,14.906,15.102,15.172,15.134,15.117,15.229,15.403,15.553,15.568,15.481,15.11,14.671,14.506,14.538,15.035,15.197,14.972,14.894,14.847,14.737,14.584,14.419,14.252,14.072,13.85,13.607,13.393,13.482,13.661,14.225,14.286,14.09
17.751,17.671,17.61,17.565,17.523,17.475,17.407,17.299,17.15,17.067,17.211,17.388,17.207,16.813,16.575,16.501,16.434,16.372,16.347,16.332,16.314,16.294,16.289,16.317,16.377,16.459,16.557,16.669,16.74,16.695,16.537,16.336,16.171,16.231,16.654,16.771,16.727,16.899,16.887,16.653,16.479,15.321,14.62,14.666,14.776,14.894,14.931,14.981,15.034,15.104,15.155,15.194,15.205,15.168,14.963,14.593,14.456,14.601,15.116,15.137,14.9,14.816,14.667,14.392,14.112,13.908,13.783,13.691,13.594,13.469,13.583,13.479,13.71,14.252,14.307,14.132
17.691,17.631,17.579,17.541,17.507,17.47,17.419,17.337,17.195,17.021,17.007,17.238,17.356,17.06,16.696,16.574,16.551,16.481,16.415,16.378,16.367,16.379,16.41,16.462,16.529,16.596,16.651,16.663,16.593,16.464,16.331,16.257,16.34,16.614,16.736,16.669,16.767,16.946,16.904,16.495,16.236,14.676,14.413,14.52,14.54,14.592,14.645,14.743,14.86,15.013,15.16,15.24,15.227,15.174,15.028,14.706,14.563,14.703,15.174,15.089,14.839,14.696,14.425,14.081,13.869,13.816,13.715,13.445,13.242,13.409,13.717,13.361,13.548,14.018,14.131,14.017
17.607,17.572,17.535,17.505,17.478,17.45,17.415,17.36,17.258,17.076,16.901,16.97,17.255,17.307,16.926,16.622,16.595,16.611,16.577,16.543,16.526,16.529,16.551,16.577,16.594,16.589,16.552,16.477,16.386,16.33,16.344,16.45,16.63,16.723,16.682,16.739,16.797,16.975,16.851,16.224,15.78,14.422,14.331,14.331,14.324,14.346,14.405,14.504,14.653,14.844,15.007,15.129,15.199,15.206,15.111,14.876,14.718,14.819,15.215,15.062,14.799,14.592,14.247,13.929,13.834,13.734,13.365,12.917,12.989,13.175,13.69,13.173,13.184,13.515,13.576,13.424
17.526,17.507,17.481,17.459,17.44,17.419,17.393,17.357,17.296,17.173,16.959,16.801,16.95,17.301,17.279,16.823,16.579,16.59,16.613,16.61,16.604,16.597,16.589,16.57,16.536,16.494,16.449,16.409,16.407,16.46,16.563,16.692,16.751,16.71,16.705,16.786,16.831,16.986,16.724,15.816,15.034,14.21,14.2,14.163,14.176,14.231,14.305,14.412,14.595,14.827,15.001,15.08,15.131,15.218,15.123,14.942,14.833,14.985,15.238,15.048,14.785,14.527,14.154,13.938,14.024,13.971,13.474,12.973,13.425,13.498,13.725,13.14,12.801,13.009,13.051,12.877
17.458,17.442,17.424,17.407,17.392,17.376,17.357,17.331,17.294,17.23,17.09,16.856,16.732,17.001,17.423,17.286,16.769,16.556,16.566,16.574,16.569,16.556,16.537,16.517,16.508,16.516,16.532,16.563,16.612,16.667,16.719,16.753,16.738,16.722,16.777,16.818,16.808,16.959,16.565,15.388,14.392,14.079,14.08,14.084,14.169,14.25,14.298,14.37,14.578,14.928,15.195,15.258,15.232,15.234,15.119,14.987,14.975,15.17,15.226,15.021,14.77,14.478,14.111,13.996,14.068,13.648,12.744,12.929,13.537,13.575,13.499,12.934,12.631,12.602,12.507,12.338
17.391,17.378,17.363,17.35,17.338,17.324,17.309,17.289,17.262,17.228,17.163,17.006,16.778,16.753,17.159,17.615,17.359,16.772,16.544,16.529,16.515,16.511,16.519,16.546,16.594,16.646,16.694,16.73,16.754,16.767,16.768,16.761,16.768,16.776,16.798,16.792,16.724,16.897,16.427,15.023,14.088,14.017,14.038,14.129,14.251,14.314,14.312,14.306,14.488,14.943,15.353,15.413,15.298,15.273,15.237,15.148,15.145,15.221,15.122,14.922,14.715,14.414,14.092,14.011,14.001,13.553,12.443,12.468,13.013,13.2,13.053,12.657,12.442,12.318,12.142,11.953
17.324,17.313,17.3,17.289,17.277,17.265,17.251,17.234,17.214,17.195,17.168,17.083,16.918,16.755,16.887,17.362,17.831,17.563,16.843,16.553,16.572,16.569,16.593,16.648,16.717,16.788,16.834,16.843,16.836,16.828,16.828,16.824,16.807,16.748,16.692,16.647,16.558,16.799,16.346,14.751,13.963,14.015,14.108,14.259,14.353,14.377,14.345,14.269,14.377,14.856,15.389,15.476,15.346,15.341,15.363,15.276,15.17,15.071,14.92,14.774,14.612,14.35,14.081,13.996,14.005,14.096,13.007,12.123,12.326,12.562,12.399,12.208,12.08,12.047,11.967,11.898
17.256,17.246,17.235,17.224,17.212,17.199,17.184,17.167,17.149,17.14,17.142,17.096,16.978,16.837,16.81,17.103,17.566,17.917,17.777,17.184,16.661,16.588,16.587,16.643,16.697,16.744,16.782,16.796,16.795,16.804,16.82,16.799,16.7,16.568,16.487,16.42,16.34,16.668,16.249,14.552,13.924,14.113,14.295,14.399,14.394,14.347,14.292,14.231,14.31,14.75,15.348,15.507,15.341,15.329,15.35,15.258,15.081,14.885,14.717,14.6,14.47,14.271,14.098,14.002,14.032,14.397,13.794,12.363,11.757,11.933,11.855,11.808,0,0,0,0
17.19,17.18,17.169,17.157,17.143,17.126,17.107,17.086,17.063,17.051,17.064,17.062,16.978,16.861,16.782,16.936,17.291,17.598,17.705,17.62,17.382,17.217,17.029,16.876,16.813,16.81,16.829,16.829,16.82,16.85,16.881,16.779,16.524,16.397,16.446,16.385,16.238,16.555,15.993,14.319,13.989,14.321,14.421,14.378,14.298,14.191,14.11,14.133,14.292,14.702,15.299,15.58,15.385,15.304,15.337,15.332,15.19,14.935,14.661,14.454,14.318,14.182,14.057,14.203,13.981,13.819,13.125,12.19,0,0,0,0,0,0,0,0
17.126,17.115,17.103,17.088,17.069,17.047,17.021,16.989,16.952,16.91,16.889,16.914,16.895,16.821,16.741,16.756,17.01,17.315,17.255,16.966,16.881,17.099,17.16,17.171,17.146,17.065,16.887,16.601,16.405,16.347,16.29,16.185,16.145,16.29,16.478,16.473,16.331,16.608,15.746,14.144,14.163,14.431,14.346,14.271,14.192,14.027,13.917,14.015,14.28,14.719,15.273,15.537,15.396,15.289,15.389,15.547,15.473,15.173,14.865,14.575,14.407,14.332,14.368,13.94,13.03,12.897,0,0,0,0,0,0,0,0,0,0
17.064,17.05,17.035,17.016,16.992,16.961,16.922,16.872,16.803,16.701,16.607,16.626,16.681,16.688,16.678,16.641,16.702,16.927,16.762,16.167,16.291,16.872,17.162,16.823,16.44,16.127,15.81,15.643,15.636,15.611,15.634,15.829,16.11,16.394,16.451,16.302,16.526,16.633,15.302,14.038,14.317,14.347,14.253,14.28,14.183,13.948,13.756,13.852,14.205,14.73,15.341,15.663,15.688,15.633,15.276,14.671,14.378,14.576,14.822,14.743,14.594,14.448,14.007,13.026,12.187,0,0,0,0,0,0,0,0,0,0,0
17.006,16.987,16.968,16.943,16.911,16.868,16.81,16.73,16.61,16.445,16.314,16.32,16.412,16.508,16.575,16.618,16.591,16.651,16.728,16.212,16.072,16.213,16.164,15.706,15.442,15.331,15.299,15.445,15.615,15.651,15.702,15.949,16.151,16.194,16.014,16.064,16.54,16.274,14.785,14.043,14.351,14.259,14.261,14.317,14.257,14.014,13.659,13.615,13.991,14.592,15.266,15.574,15.33,14.728,13.837,13.195,13.51,14.13,14.502,14.413,14.194,14.058,13.526,12.821,0,0,0,0,0,0,0,0,0,0,0,0
16.951,16.926,16.901,16.869,16.826,16.767,16.685,16.566,16.4,16.233,16.136,16.128,16.201,16.331,16.463,16.561,16.633,16.533,16.588,16.748,16.032,15.451,15.383,15.15,15.078,15.146,15.261,15.47,15.716,15.798,15.856,15.992,15.841,15.763,15.738,15.896,16.202,15.641,14.382,14.111,14.325,14.199,14.235,14.303,14.357,14.256,13.787,13.42,13.623,14.13,14.668,14.853,14.421,13.611,12.893,12.93,13.488,13.799,13.761,13.51,13.402,13.517,13.118,12.688,0,0,0,0,0,0,0,0,0,0,0,0
