15.195,15.192,15.215,15.227,15.235,15.237,15.232,15.221,15.206,15.187,15.165,15.142,15.118,15.09,15.057,15.034,15,14.928,14.803,14.662,14.543,14.45,14.354,14.264,14.178,14.099,14.028,13.965,13.91,13.865,13.829,13.806,13.792,13.782,13.776,13.768,13.747,13.729,13.711,13.693,13.673,13.643,13.601,13.547,13.472,13.369,13.237,13.083,12.921,12.769,12.664,12.563,12.476,12.414,12.361,12.319,12.284,12.255,12.23,12.208,12.191,12.185,12.177,12.173,12.157,12.135,12.116,12.096,12.071,12.044,12.015,11.986,11.956,11.925,11.897,11.872
15.198,15.145,15.144,15.154,15.164,15.17,15.172,15.17,15.164,15.154,15.14,15.123,15.103,15.077,15.045,15.009,14.96,14.886,14.782,14.664,14.55,14.449,14.352,14.262,14.177,14.1,14.03,13.967,13.914,13.87,13.836,13.811,13.792,13.778,13.767,13.756,13.745,13.735,13.723,13.708,13.693,13.67,13.636,13.586,13.513,13.414,13.287,13.139,12.983,12.834,12.703,12.589,12.495,12.422,12.365,12.32,12.284,12.254,12.229,12.206,12.187,12.176,12.18,12.168,12.152,12.133,12.114,12.092,12.068,12.042,12.014,11.984,11.955,11.925,11.896,11.868
15.106,15.064,15.064,15.077,15.092,15.104,15.113,15.118,15.12,15.119,15.113,15.103,15.088,15.066,15.035,14.995,14.939,14.865,14.77,14.663,14.554,14.451,14.353,14.262,14.178,14.1,14.03,13.968,13.914,13.871,13.836,13.811,13.793,13.781,13.783,13.78,13.775,13.772,13.766,13.755,13.733,13.712,13.686,13.644,13.58,13.489,13.369,13.224,13.063,12.9,12.748,12.616,12.51,12.429,12.368,12.321,12.285,12.254,12.229,12.207,12.19,12.191,12.183,12.168,12.151,12.133,12.113,12.092,12.068,12.041,12.013,11.984,11.954,11.925,11.896,11.868
15.016,14.973,14.972,14.988,15.009,15.029,15.045,15.058,15.069,15.077,15.082,15.082,15.076,15.06,15.034,14.995,14.94,14.865,14.774,14.671,14.564,14.459,14.359,14.266,14.181,14.102,14.031,13.968,13.915,13.87,13.836,13.812,13.802,13.801,13.8,13.803,13.807,13.811,13.812,13.807,13.795,13.776,13.759,13.728,13.677,13.597,13.483,13.335,13.163,12.98,12.804,12.651,12.529,12.439,12.373,12.325,12.288,12.257,12.231,12.211,12.206,12.199,12.186,12.17,12.152,12.134,12.114,12.092,12.068,12.042,12.014,11.984,11.954,11.925,11.895,11.867
14.907,14.875,14.875,14.888,14.911,14.937,14.96,14.981,15.002,15.022,15.04,15.053,15.06,15.057,15.041,15.009,14.958,14.886,14.796,14.693,14.583,14.475,14.372,14.275,14.187,14.106,14.034,13.97,13.915,13.871,13.836,13.815,13.814,13.813,13.817,13.827,13.84,13.854,13.865,13.867,13.857,13.852,13.846,13.829,13.794,13.729,13.624,13.475,13.288,13.082,12.877,12.696,12.553,12.451,12.382,12.332,12.294,12.264,12.243,12.229,12.217,12.203,12.189,12.172,12.154,12.136,12.116,12.094,12.07,12.043,12.015,11.985,11.954,11.924,11.895,11.866
14.789,14.778,14.778,14.785,14.799,14.824,14.852,14.88,14.909,14.941,14.974,15.004,15.029,15.045,15.048,15.032,14.993,14.929,14.839,14.733,14.617,14.501,14.391,14.289,14.196,14.113,14.038,13.972,13.916,13.871,13.837,13.822,13.82,13.822,13.834,13.854,13.878,13.904,13.922,13.929,13.933,13.939,13.942,13.941,13.926,13.882,13.791,13.644,13.446,13.214,12.977,12.759,12.587,12.469,12.395,12.345,12.312,12.287,12.267,12.246,12.227,12.211,12.194,12.176,12.157,12.139,12.119,12.097,12.073,12.046,12.016,11.986,11.954,11.923,11.893,11.865
14.678,14.689,14.689,14.688,14.69,14.698,14.721,14.753,14.789,14.83,14.877,14.924,14.97,15.009,15.039,15.053,15.04,14.992,14.909,14.797,14.67,14.542,14.42,14.31,14.21,14.122,14.044,13.975,13.917,13.871,13.836,13.823,13.824,13.831,13.851,13.883,13.921,13.958,13.988,14.012,14.026,14.034,14.043,14.055,14.061,14.043,13.977,13.842,13.637,13.381,13.111,12.853,12.637,12.498,12.428,12.382,12.348,12.319,12.292,12.266,12.244,12.221,12.2,12.18,12.162,12.143,12.124,12.102,12.077,12.05,12.019,11.988,11.955,11.924,11.893,11.865
14.609,14.618,14.616,14.609,14.601,14.595,14.598,14.62,14.66,14.711,14.771,14.833,14.893,14.948,14.999,15.044,15.073,15.066,15.007,14.896,14.754,14.606,14.466,14.34,14.23,14.134,14.051,13.98,13.92,13.871,13.836,13.823,13.827,13.841,13.869,13.916,13.973,14.038,14.09,14.121,14.133,14.136,14.141,14.155,14.174,14.183,14.154,14.055,13.859,13.576,13.273,12.985,12.717,12.547,12.467,12.417,12.385,12.361,12.333,12.303,12.271,12.24,12.212,12.188,12.168,12.149,12.13,12.109,12.084,12.056,12.024,11.992,11.958,11.926,11.895,11.868
14.561,14.566,14.569,14.564,14.554,14.545,14.538,14.53,14.562,14.621,14.699,14.779,14.852,14.913,14.961,15.003,15.052,15.102,15.11,15.037,14.884,14.703,14.534,14.386,14.26,14.154,14.064,13.988,13.924,13.873,13.836,13.819,13.829,13.849,13.89,13.956,14.051,14.145,14.215,14.248,14.249,14.234,14.218,14.211,14.217,14.231,14.247,14.225,14.092,13.799,13.432,13.13,12.843,12.606,12.505,12.449,12.423,12.418,12.401,12.372,12.331,12.284,12.238,12.202,12.176,12.156,12.138,12.118,12.093,12.063,12.032,11.998,11.964,11.931,11.901,11.876
14.547,14.534,14.526,14.516,14.505,14.497,14.495,14.503,14.526,14.577,14.68,14.786,14.878,14.95,15.003,15.036,15.044,15.057,15.111,15.15,15.071,14.87,14.642,14.454,14.306,14.185,14.085,14.002,13.934,13.879,13.837,13.816,13.83,13.858,13.913,14.006,14.139,14.265,14.338,14.343,14.308,14.263,14.222,14.19,14.167,14.154,14.178,14.251,14.244,14.049,13.585,13.201,12.997,12.684,12.546,12.47,12.455,12.492,12.497,12.488,12.465,12.429,12.355,12.255,12.171,12.146,12.145,12.13,12.103,12.074,12.042,12.007,11.973,11.939,11.911,11.894
14.505,14.493,14.482,14.471,14.461,14.454,14.454,14.469,14.513,14.587,14.723,14.857,14.965,15.042,15.091,15.118,15.133,15.125,15.114,15.15,15.185,15.081,14.832,14.569,14.373,14.23,14.117,14.026,13.951,13.89,13.843,13.814,13.832,13.865,13.933,14.051,14.224,14.361,14.392,14.336,14.26,14.207,14.175,14.147,14.117,14.077,14.047,14.129,14.224,14.211,13.763,13.221,13.049,12.766,12.572,12.47,12.498,12.568,12.578,12.568,12.566,12.573,12.553,12.472,12.363,12.227,12.132,12.131,12.123,12.089,12.058,12.025,11.989,11.955,11.935,11.941
14.464,14.451,14.439,14.427,14.417,14.411,14.417,14.444,14.515,14.637,14.814,14.974,15.099,15.188,15.24,15.25,15.235,15.212,15.179,15.16,15.202,15.217,15.055,14.756,14.481,14.293,14.161,14.058,13.975,13.907,13.853,13.816,13.83,13.867,13.944,14.079,14.279,14.413,14.408,14.336,14.273,14.241,14.226,14.206,14.168,14.115,14.033,14.025,14.13,14.221,13.898,13.281,13.013,12.779,12.573,12.459,12.494,12.562,12.529,12.479,12.503,12.542,12.575,12.608,12.578,12.472,12.253,12.129,12.13,12.114,12.081,12.05,12.015,11.982,11.969,11.996
14.422,14.408,14.395,14.382,14.373,14.371,14.385,14.432,14.537,14.714,14.922,15.097,15.237,15.351,15.423,15.442,15.405,15.34,15.274,15.215,15.205,15.257,15.22,14.977,14.644,14.383,14.214,14.095,14.001,13.925,13.865,13.822,13.825,13.86,13.937,14.072,14.284,14.424,14.43,14.384,14.351,14.337,14.325,14.297,14.241,14.173,14.087,14.005,14.057,14.186,13.999,13.357,12.994,12.77,12.578,12.447,12.397,12.439,12.423,12.401,12.489,12.58,12.604,12.613,12.651,12.645,12.464,12.215,12.128,12.132,12.106,12.077,12.047,12.017,12.008,12.038
14.377,14.363,14.35,14.337,14.329,14.333,14.36,14.434,14.566,14.804,15.031,15.213,15.378,15.528,15.638,15.679,15.637,15.529,15.406,15.302,15.238,15.26,15.301,15.167,14.841,14.507,14.28,14.134,14.027,13.942,13.877,13.83,13.815,13.851,13.919,14.035,14.223,14.374,14.424,14.422,14.407,14.387,14.355,14.305,14.233,14.157,14.094,14.017,14.011,14.136,14.091,13.488,13.039,12.797,12.608,12.465,12.367,12.354,12.363,12.42,12.609,12.748,12.818,12.763,12.704,12.727,12.626,12.373,12.164,12.132,12.127,12.102,12.079,12.056,12.048,12.068
14.33,14.318,14.304,14.292,14.287,14.297,14.341,14.445,14.624,14.896,15.13,15.323,15.525,15.723,15.873,15.948,15.921,15.784,15.593,15.423,15.304,15.271,15.326,15.295,15.03,14.657,14.361,14.176,14.051,13.957,13.888,13.84,13.813,13.833,13.891,13.979,14.104,14.236,14.31,14.334,14.329,14.304,14.261,14.202,14.134,14.069,14.033,14.001,13.986,14.082,14.152,13.689,13.172,12.929,12.679,12.504,12.374,12.319,12.334,12.463,12.702,12.923,13.028,12.976,12.821,12.775,12.744,12.506,12.249,12.136,12.137,12.125,12.108,12.095,12.09,12.1
14.282,14.271,14.258,14.247,14.245,14.264,14.325,14.461,14.682,14.978,15.215,15.426,15.667,15.905,16.074,16.166,16.182,16.065,15.828,15.581,15.398,15.306,15.334,15.365,15.184,14.81,14.454,14.219,14.074,13.974,13.902,13.852,13.823,13.818,13.852,13.911,13.98,14.043,14.091,14.107,14.099,14.076,14.046,14.014,13.985,13.96,13.954,13.957,13.96,14.034,14.158,13.915,13.375,13.06,12.771,12.579,12.397,12.29,12.31,12.497,12.785,13.024,13.117,13.084,12.915,12.806,12.815,12.635,12.349,12.159,12.137,12.141,12.131,12.125,12.125,12.131
14.234,14.225,14.213,14.203,14.205,14.232,14.311,14.476,14.731,15.044,15.283,15.516,15.789,16.035,16.175,16.243,16.299,16.264,16.054,15.758,15.51,15.361,15.344,15.4,15.296,14.949,14.549,14.265,14.098,13.993,13.921,13.871,13.839,13.824,13.827,13.844,13.867,13.889,13.903,13.905,13.901,13.895,13.891,13.89,13.894,13.898,13.908,13.924,13.938,13.997,14.126,14.073,13.614,13.167,12.921,12.667,12.456,12.287,12.282,12.466,12.764,13.023,13.082,13.017,12.907,12.814,12.852,12.724,12.406,12.202,12.136,12.147,12.148,12.145,12.145,12.148
14.186,14.18,14.169,14.161,14.165,14.201,14.294,14.481,14.763,15.087,15.331,15.582,15.874,16.103,16.181,16.189,16.251,16.308,16.191,15.908,15.621,15.426,15.365,15.419,15.372,15.065,14.641,14.314,14.125,14.018,13.948,13.898,13.865,13.846,13.839,13.84,13.844,13.849,13.853,13.859,13.867,13.879,13.893,13.905,13.915,13.918,13.922,13.928,13.933,13.977,14.091,14.126,13.835,13.365,13.078,12.802,12.543,12.312,12.241,12.379,12.666,12.975,13.061,12.952,12.869,12.84,12.885,12.787,12.479,12.251,12.143,12.142,12.152,12.154,12.153,12.154
14.139,14.136,14.127,14.12,14.127,14.167,14.271,14.468,14.776,15.105,15.356,15.619,15.92,16.123,16.127,16.071,16.135,16.238,16.212,15.988,15.704,15.486,15.394,15.434,15.425,15.158,14.728,14.367,14.159,14.05,13.982,13.934,13.903,13.886,13.881,13.882,13.885,13.89,13.899,13.912,13.93,13.947,13.96,13.968,13.972,13.968,13.962,13.956,13.947,13.978,14.074,14.13,13.96,13.525,13.157,12.936,12.656,12.386,12.219,12.264,12.484,12.844,13.062,13.024,12.932,12.922,12.934,12.823,12.527,12.277,12.163,12.14,12.143,12.148,12.145,12.145
14.093,14.096,14.088,14.082,14.089,14.131,14.239,14.439,14.764,15.098,15.356,15.624,15.928,16.107,16.053,15.949,16.019,16.122,16.139,15.982,15.736,15.526,15.424,15.45,15.463,15.236,14.812,14.43,14.204,14.089,14.022,13.978,13.952,13.942,13.941,13.942,13.945,13.952,13.965,13.982,13.998,14.01,14.016,14.019,14.018,14.008,13.996,13.984,13.964,13.987,14.072,14.13,13.991,13.551,13.145,13.004,12.783,12.463,12.246,12.179,12.284,12.548,12.878,13.039,13.032,13.005,12.959,12.817,12.543,12.289,12.198,12.153,12.139,12.133,12.131,12.13
14.05,14.06,14.054,14.047,14.053,14.092,14.199,14.4,14.726,15.066,15.33,15.593,15.9,16.076,15.994,15.859,15.899,15.979,16.002,15.904,15.715,15.539,15.448,15.47,15.495,15.302,14.901,14.512,14.268,14.14,14.069,14.029,14.011,14.006,14.002,13.999,14.002,14.014,14.032,14.048,14.057,14.062,14.064,14.064,14.057,14.04,14.021,14.002,13.977,14.001,14.082,14.135,13.956,13.443,13.039,12.978,12.86,12.565,12.334,12.198,12.152,12.264,12.487,12.75,12.911,12.929,12.877,12.739,12.515,12.301,12.213,12.157,12.134,12.124,12.122,12.121
14.015,14.03,14.025,14.017,14.018,14.05,14.148,14.349,14.661,15.008,15.279,15.531,15.837,16.042,15.972,15.792,15.787,15.84,15.846,15.792,15.661,15.531,15.466,15.492,15.521,15.363,14.999,14.619,14.358,14.21,14.13,14.091,14.076,14.066,14.055,14.05,14.06,14.081,14.1,14.11,14.115,14.119,14.121,14.112,14.088,14.056,14.031,14.005,13.983,14.028,14.105,14.132,13.82,13.24,12.911,12.923,12.883,12.636,12.417,12.311,12.215,12.144,12.177,12.317,12.515,12.655,12.635,12.584,12.43,12.267,12.202,12.146,12.119,12.114,12.109,12.105
13.986,14.005,14.002,13.992,13.988,14.007,14.088,14.276,14.569,14.924,15.208,15.444,15.739,15.992,15.985,15.773,15.7,15.734,15.72,15.688,15.605,15.52,15.485,15.518,15.545,15.421,15.109,14.753,14.48,14.307,14.212,14.168,14.144,14.122,14.104,14.107,14.128,14.153,14.169,14.175,14.181,14.183,14.168,14.128,14.081,14.043,14.019,13.99,14.008,14.072,14.138,14.055,13.522,12.971,12.841,12.923,12.867,12.666,12.503,12.411,12.344,12.266,12.179,12.139,12.181,12.324,12.308,12.344,12.351,12.227,12.181,12.153,12.13,12.115,12.1,12.096
13.965,13.988,13.986,13.975,13.964,13.969,14.025,14.183,14.456,14.815,15.118,15.344,15.607,15.902,16.008,15.82,15.65,15.661,15.645,15.619,15.568,15.517,15.508,15.549,15.572,15.476,15.223,14.905,14.628,14.433,14.318,14.257,14.215,14.179,14.163,14.176,14.203,14.224,14.236,14.244,14.24,14.211,14.149,14.078,14.034,14.015,14.004,14.006,14.076,14.106,14.171,13.825,13.175,12.801,12.82,12.847,12.751,12.604,12.518,12.503,12.511,12.465,12.374,12.312,12.204,12.155,12.104,12.122,12.222,12.147,12.123,12.139,12.148,12.141,12.124,12.145
13.953,13.979,13.979,13.967,13.949,13.938,13.966,14.087,14.328,14.678,15.006,15.238,15.457,15.753,15.986,15.925,15.676,15.61,15.612,15.583,15.555,15.527,15.539,15.582,15.603,15.531,15.334,15.059,14.788,14.576,14.44,14.355,14.29,14.245,14.235,14.254,14.275,14.29,14.299,14.29,14.24,14.149,14.061,14.022,14.016,14.027,14.045,14.09,14.129,14.09,13.98,13.411,12.895,12.723,12.726,12.674,12.619,12.63,12.7,12.778,12.873,12.829,12.698,12.563,12.391,12.25,12.138,12.064,12.091,12.033,12.011,12.058,12.131,12.169,12.16,12.147
13.958,13.981,13.981,13.968,13.946,13.921,13.918,13.994,14.204,14.517,14.868,15.128,15.318,15.56,15.862,16.001,15.819,15.608,15.599,15.572,15.557,15.545,15.572,15.618,15.637,15.583,15.43,15.197,14.942,14.725,14.569,14.457,14.374,14.326,14.318,14.329,14.339,14.348,14.335,14.262,14.141,14.047,14.017,14.04,14.073,14.104,14.127,14.154,14.076,13.963,13.573,13.012,12.715,12.658,12.67,12.694,12.782,12.913,13.057,13.158,13.242,13.281,13.192,12.942,12.624,12.442,12.323,12.199,12.092,12.007,11.961,12.001,12.117,12.165,12.124,12.041
13.971,13.99,13.99,13.978,13.954,13.92,13.89,13.914,14.066,14.345,14.7,15.002,15.201,15.377,15.644,15.933,15.985,15.745,15.607,15.598,15.578,15.577,15.606,15.655,15.673,15.631,15.509,15.311,15.079,14.865,14.694,14.563,14.468,14.415,14.397,14.391,14.392,14.381,14.302,14.148,14.035,14.019,14.048,14.089,14.125,14.156,14.149,14.126,14.034,13.916,13.225,12.756,12.657,12.678,12.762,12.902,13.094,13.242,13.31,13.344,13.358,13.376,13.393,13.311,13.061,12.751,12.565,12.403,12.224,12.084,11.988,11.975,12.076,12.074,11.982,11.905
13.989,14.004,14.004,13.993,13.971,13.935,13.887,13.864,13.948,14.185,14.507,14.846,15.091,15.247,15.42,15.701,15.975,15.97,15.719,15.647,15.631,15.634,15.653,15.697,15.711,15.676,15.572,15.403,15.195,14.989,14.812,14.669,14.565,14.5,14.462,14.44,14.426,14.361,14.182,14.037,14.012,14.04,14.06,14.096,14.121,14.135,14.094,14.03,13.953,13.677,12.898,12.649,12.668,12.779,12.963,13.159,13.283,13.35,13.363,13.344,13.326,13.328,13.353,13.371,13.313,13.129,12.899,12.669,12.425,12.216,12.05,11.96,12.004,11.965,11.889,11.891
14.01,14.021,14.021,14.012,13.993,13.959,13.907,13.849,13.86,14.024,14.312,14.658,14.955,15.151,15.281,15.443,15.727,16.004,15.985,15.756,15.705,15.697,15.71,15.742,15.746,15.712,15.62,15.471,15.285,15.092,14.916,14.768,14.651,14.564,14.505,14.473,14.431,14.258,14.064,14.02,14.033,13.969,14.065,14.072,14.067,14.071,14.029,13.913,13.72,13.25,12.71,12.628,12.728,12.871,13.052,13.225,13.335,13.337,13.296,13.245,13.232,13.246,13.274,13.314,13.349,13.313,13.18,12.919,12.626,12.351,12.115,11.952,11.936,11.893,11.881,11.959
14.027,14.036,14.036,14.029,14.014,13.987,13.94,13.87,13.821,13.9,14.144,14.458,14.784,15.036,15.201,15.31,15.433,15.717,16.023,16.013,15.84,15.781,15.766,15.779,15.772,15.732,15.648,15.515,15.349,15.17,14.999,14.848,14.715,14.608,14.534,14.492,14.365,14.147,14.032,13.9,13.606,13.455,13.808,13.99,14.025,14.023,13.978,13.799,13.399,12.935,12.632,12.664,12.765,12.841,13.084,13.288,13.343,13.267,13.161,13.142,13.153,13.18,13.203,13.248,13.334,13.436,13.328,13.036,12.741,12.455,12.172,11.95,11.887,11.862,11.906,12.001
14.041,14.049,14.049,14.043,14.031,14.009,13.972,13.909,13.828,13.818,13.982,14.275,14.597,14.887,15.101,15.258,15.329,15.395,15.684,16.012,16.034,15.928,15.868,15.841,15.811,15.756,15.67,15.544,15.391,15.224,15.059,14.898,14.745,14.62,14.551,14.461,14.24,14.034,13.873,13.584,13.161,13.245,13.638,13.944,13.999,13.989,13.942,13.713,13.143,12.771,12.604,12.648,12.668,12.76,13.138,13.351,13.308,13.141,13.096,13.154,13.169,13.157,13.204,13.299,13.393,13.445,13.3,12.971,12.76,12.528,12.221,11.957,11.86,11.848,11.922,11.998
14.048,14.057,14.057,14.051,14.04,14.023,13.994,13.945,13.865,13.795,13.862,14.105,14.415,14.724,14.964,15.168,15.319,15.331,15.374,15.654,15.956,16.024,15.99,15.942,15.885,15.808,15.706,15.575,15.421,15.258,15.087,14.903,14.728,14.614,14.546,14.374,14.139,13.96,13.691,13.286,13.128,13.246,13.474,13.854,14.065,14.013,13.911,13.611,12.979,12.698,12.559,12.543,12.484,12.791,13.235,13.377,13.241,13.079,13.122,13.198,13.22,13.256,13.298,13.29,13.266,13.219,13.044,12.816,12.742,12.572,12.263,11.972,11.847,11.84,11.913,11.979
14.049,14.06,14.06,14.054,14.043,14.026,14.002,13.965,13.902,13.813,13.793,13.959,14.255,14.561,14.821,15.036,15.254,15.355,15.338,15.416,15.653,15.908,16.002,16.013,15.965,15.876,15.754,15.606,15.44,15.264,15.066,14.858,14.704,14.602,14.428,14.189,14.026,13.881,13.594,13.287,13.376,13.119,13.177,13.518,13.884,14.065,13.981,13.58,12.872,12.692,12.558,12.488,12.465,12.899,13.354,13.367,13.167,13.069,13.174,13.25,13.27,13.283,13.164,12.983,12.9,12.85,12.751,12.667,12.68,12.579,12.294,11.99,11.845,11.837,11.883,11.969
14.048,14.059,14.058,14.05,14.038,14.021,13.998,13.967,13.92,13.842,13.771,13.85,14.101,14.402,14.682,14.899,15.146,15.334,15.357,15.395,15.51,15.713,15.909,16.007,16.007,15.925,15.788,15.618,15.425,15.213,14.983,14.779,14.629,14.46,14.257,14.102,14.011,13.837,13.565,13.73,13.633,13.272,13.113,13.053,13.552,13.974,14.067,13.755,12.944,12.636,12.549,12.451,12.521,13.03,13.441,13.328,13.116,13.081,13.203,13.272,13.229,13.053,12.816,12.715,12.601,12.568,12.549,12.544,12.65,12.595,12.315,12.006,11.849,11.835,11.856,11.979
14.049,14.058,14.053,14.042,14.027,14.008,13.986,13.957,13.918,13.858,13.777,13.784,13.974,14.258,14.548,14.765,15.016,15.276,15.357,15.405,15.496,15.628,15.815,15.954,15.995,15.922,15.775,15.58,15.353,15.11,14.881,14.705,14.544,14.363,14.215,14.142,14.114,14.007,13.839,13.921,13.538,13.2,13.129,13.169,13.111,13.423,13.934,13.978,13.34,12.779,12.54,12.443,12.687,13.239,13.509,13.274,13.084,13.104,13.255,13.266,13.125,12.794,12.497,12.515,12.451,12.446,12.471,12.545,12.657,12.601,12.322,12.015,11.856,11.833,11.864,12.007
14.071,14.06,14.044,14.027,14.009,13.989,13.966,13.939,13.904,13.855,13.784,13.751,13.877,14.144,14.419,14.64,14.87,15.182,15.33,15.398,15.504,15.617,15.762,15.89,15.93,15.852,15.691,15.473,15.222,14.979,14.78,14.604,14.375,14.121,13.946,13.898,14.021,14.099,13.978,13.711,13.261,13.155,13.18,13.225,13.173,13.122,13.396,13.916,13.737,13.211,12.824,12.753,13.043,13.484,13.53,13.228,13.071,13.114,13.281,13.258,13.061,12.653,12.401,12.397,12.395,12.408,12.493,12.598,12.671,12.58,12.306,12.015,11.866,11.828,11.909,12.039
14.083,14.051,14.027,14.006,13.986,13.965,13.942,13.915,13.882,13.84,13.783,13.739,13.802,14.024,14.301,14.523,14.716,15.055,15.274,15.355,15.479,15.596,15.707,15.795,15.803,15.706,15.526,15.291,15.039,14.814,14.622,14.403,14.096,13.714,13.396,13.327,13.572,13.639,13.511,13.235,13.15,13.195,13.248,13.294,13.29,13.16,13.204,13.638,13.863,13.619,13.301,13.224,13.442,13.643,13.469,13.176,13.064,13.093,13.249,13.236,12.987,12.561,12.381,12.363,12.376,12.406,12.511,12.619,12.648,12.516,12.26,11.999,11.869,11.846,12,12.052
14.052,14.025,14,13.979,13.958,13.937,13.914,13.887,13.856,13.819,13.772,13.735,13.755,13.925,14.198,14.419,14.562,14.898,15.192,15.283,15.402,15.521,15.606,15.647,15.613,15.493,15.308,15.089,14.871,14.67,14.443,14.144,13.771,13.382,13.113,13.176,13.18,13.174,13.127,13.119,13.169,13.236,13.279,13.32,13.341,13.236,13.177,13.41,13.735,13.777,13.643,13.569,13.697,13.654,13.343,13.123,13.052,13.052,13.185,13.347,13.015,12.542,12.372,12.347,12.354,12.404,12.469,12.548,12.538,12.39,12.175,11.968,11.897,11.958,12.077,11.993
14.01,13.989,13.967,13.947,13.926,13.906,13.883,13.858,13.828,13.796,13.758,13.732,13.726,13.841,14.121,14.333,14.418,14.712,15.081,15.2,15.293,15.398,15.464,15.467,15.404,15.28,15.123,14.959,14.8,14.608,14.312,13.92,13.543,13.231,13.16,13.152,13.122,13.097,13.086,13.106,13.198,13.279,13.297,13.312,13.338,13.248,13.264,13.442,13.688,13.814,13.746,13.773,13.768,13.497,13.193,13.076,13.025,13.011,13.031,13.16,13.117,12.655,12.387,12.332,12.323,12.352,12.395,12.408,12.387,12.258,12.094,11.989,12.008,12.07,12.019,11.865
13.968,13.951,13.931,13.912,13.893,13.873,13.851,13.828,13.801,13.773,13.744,13.728,13.709,13.771,14.028,14.265,14.301,14.501,14.926,15.113,15.184,15.26,15.311,15.299,15.225,15.109,14.978,14.848,14.707,14.502,14.167,13.756,13.427,13.21,13.159,13.145,13.108,13.068,13.059,13.127,13.257,13.334,13.297,13.27,13.298,13.297,13.481,13.619,13.751,13.821,13.825,13.829,13.545,13.235,13.093,13.01,12.954,12.929,12.979,12.99,13.142,12.803,12.426,12.341,12.296,12.293,12.303,12.299,12.258,12.176,12.097,12.073,12.081,12.027,11.892,11.802
13.925,13.91,13.892,13.875,13.858,13.84,13.82,13.799,13.774,13.752,13.73,13.721,13.69,13.718,13.943,14.205,14.229,14.284,14.714,15.005,15.087,15.134,15.153,15.132,15.047,14.909,14.747,14.591,14.443,14.248,13.957,13.632,13.351,13.181,13.151,13.129,13.077,13.041,13.062,13.17,13.308,13.374,13.299,13.205,13.219,13.313,13.565,13.764,13.849,13.861,13.793,13.462,13.167,13.05,12.961,12.873,12.845,12.859,12.888,12.926,13.196,12.987,12.52,12.367,12.308,12.262,12.244,12.23,12.204,12.164,12.122,12.078,11.998,11.881,11.805,11.892
13.88,13.869,13.854,13.839,13.823,13.807,13.789,13.77,13.749,13.731,13.715,13.71,13.666,13.679,13.863,14.151,14.213,14.101,14.455,14.847,14.987,15.038,15.021,14.961,14.838,14.652,14.437,14.252,14.102,13.93,13.7,13.467,13.241,13.16,13.144,13.099,13.049,13.034,13.079,13.181,13.315,13.415,13.384,13.261,13.26,13.436,13.696,13.841,13.783,13.586,13.311,13.06,12.956,12.873,12.772,12.742,12.738,12.755,12.78,12.859,13.136,13.157,12.712,12.413,12.349,12.278,12.225,12.188,12.157,12.122,12.065,11.973,11.861,11.798,11.875,12.102
13.835,13.827,13.816,13.803,13.79,13.775,13.759,13.743,13.725,13.71,13.698,13.691,13.636,13.649,13.791,14.095,14.24,14.009,14.192,14.634,14.857,14.931,14.943,14.842,14.677,14.457,14.226,14.034,13.865,13.684,13.488,13.286,13.173,13.149,13.111,13.062,13.034,13.04,13.079,13.147,13.257,13.394,13.48,13.48,13.488,13.566,13.63,13.557,13.358,13.152,12.974,12.873,12.794,12.715,12.675,12.675,12.663,12.682,12.704,12.77,12.935,13.216,12.949,12.551,12.393,12.327,12.244,12.175,12.105,12.036,11.957,11.858,11.792,11.843,12.031,12.263
13.791,13.788,13.779,13.769,13.758,13.745,13.732,13.717,13.701,13.689,13.678,13.664,13.603,13.624,13.739,14.044,14.259,13.979,13.991,14.386,14.701,14.77,14.862,14.802,14.635,14.417,14.193,13.967,13.726,13.508,13.298,13.179,13.143,13.109,13.071,13.048,13.043,13.043,13.055,13.076,13.118,13.201,13.302,13.348,13.364,13.337,13.252,13.133,12.992,12.913,12.847,12.776,12.721,12.696,12.678,12.668,12.673,12.669,12.701,12.766,12.815,13.097,13.103,12.75,12.478,12.381,12.286,12.183,12.073,11.954,11.861,11.797,11.806,11.926,12.115,12.346
13.751,13.751,13.746,13.738,13.728,13.718,13.705,13.693,13.678,13.667,13.657,13.629,13.571,13.603,13.709,13.97,14.239,13.986,13.837,14.147,14.542,14.619,14.705,14.772,14.649,14.438,14.171,13.864,13.57,13.313,13.174,13.132,13.107,13.084,13.078,13.076,13.062,13.043,13.027,13.019,13.02,13.034,13.062,13.088,13.087,13.053,13.001,12.957,12.939,12.923,12.86,12.774,12.715,12.708,12.695,12.683,12.698,12.746,12.813,12.888,12.878,12.986,13.144,12.924,12.605,12.443,12.334,12.196,12.05,11.896,11.801,11.783,11.841,11.973,12.176,12.373
13.712,13.718,13.715,13.709,13.701,13.691,13.681,13.669,13.656,13.645,13.634,13.593,13.545,13.587,13.697,13.917,14.201,14.023,13.771,13.958,14.373,14.484,14.503,14.654,14.567,14.312,13.969,13.608,13.335,13.169,13.127,13.114,13.108,13.113,13.121,13.116,13.102,13.077,13.041,13.003,12.973,12.954,12.946,12.947,12.949,12.949,12.949,12.95,12.956,12.948,12.855,12.744,12.692,12.694,12.684,12.72,12.821,12.929,13.016,13.096,13.053,13.002,13.14,13.038,12.73,12.514,12.378,12.2,12.021,11.853,11.767,11.78,11.846,11.993,12.225,12.404
13.679,13.688,13.687,13.682,13.675,13.667,13.657,13.646,13.634,13.622,13.61,13.565,13.527,13.575,13.695,13.89,14.161,14.031,13.742,13.847,14.234,14.355,14.249,14.37,14.287,13.98,13.612,13.326,13.169,13.126,13.123,13.122,13.128,13.134,13.135,13.138,13.144,13.145,13.131,13.094,13.047,13.012,12.996,13,13.015,13.022,13.005,12.975,12.957,12.901,12.783,12.688,12.67,12.679,12.746,12.898,13.06,13.155,13.205,13.259,13.208,13.073,13.143,13.103,12.82,12.577,12.411,12.189,11.983,11.821,11.747,11.764,11.8,11.967,12.219,12.409
13.655,13.663,13.662,13.658,13.652,13.644,13.635,13.624,13.612,13.598,13.583,13.544,13.518,13.57,13.7,13.889,14.126,14.028,13.731,13.836,14.176,14.253,13.958,13.942,13.858,13.565,13.299,13.147,13.117,13.12,13.118,13.116,13.116,13.114,13.11,13.112,13.12,13.141,13.178,13.199,13.193,13.17,13.153,13.147,13.142,13.125,13.086,13.041,12.978,12.844,12.706,12.653,12.675,12.746,12.937,13.149,13.275,13.288,13.293,13.33,13.272,13.126,13.158,13.133,12.866,12.617,12.42,12.157,11.944,11.797,11.729,11.724,11.719,11.913,12.188,12.386
13.634,13.641,13.64,13.636,13.63,13.622,13.613,13.602,13.59,13.575,13.555,13.526,13.515,13.571,13.713,13.907,14.094,13.998,13.736,13.899,14.235,14.214,13.779,13.585,13.469,13.264,13.124,13.102,13.113,13.105,13.082,13.068,13.086,13.121,13.163,13.169,13.12,13.093,13.114,13.157,13.209,13.231,13.231,13.213,13.183,13.157,13.136,13.103,13,12.804,12.668,12.666,12.739,12.934,13.186,13.347,13.356,13.294,13.29,13.309,13.255,13.161,13.18,13.127,12.871,12.624,12.382,12.096,11.902,11.78,11.714,11.723,11.682,11.883,12.165,12.331
13.612,13.62,13.619,13.615,13.609,13.601,13.592,13.581,13.568,13.553,13.532,13.513,13.517,13.579,13.731,13.933,14.054,13.915,13.749,14.007,14.344,14.217,13.75,13.456,13.288,13.128,13.064,13.097,13.119,13.099,13.06,13.027,13.077,13.193,13.302,13.336,13.295,13.228,13.124,13.085,13.139,13.194,13.234,13.233,13.186,13.14,13.128,13.103,12.973,12.76,12.671,12.733,12.896,13.178,13.374,13.414,13.337,13.252,13.243,13.257,13.231,13.201,13.19,13.084,12.83,12.569,12.289,12.026,11.869,11.779,11.73,11.683,11.706,11.935,12.167,12.281
13.592,13.601,13.6,13.595,13.589,13.581,13.571,13.56,13.547,13.53,13.512,13.508,13.528,13.596,13.757,13.947,13.984,13.834,13.775,14.082,14.43,14.261,13.824,13.549,13.355,13.164,13.066,13.067,13.083,13.065,13.018,13.008,13.103,13.262,13.393,13.431,13.408,13.364,13.292,13.207,13.137,13.154,13.22,13.253,13.21,13.14,13.108,13.048,12.871,12.699,12.714,12.858,13.108,13.339,13.417,13.386,13.3,13.238,13.241,13.256,13.245,13.22,13.156,12.99,12.724,12.445,12.175,11.97,11.848,11.776,11.73,11.688,11.823,12.06,12.212,12.246
13.575,13.582,13.581,13.576,13.569,13.56,13.55,13.539,13.525,13.509,13.499,13.512,13.547,13.623,13.794,13.946,13.896,13.776,13.73,14.033,14.461,14.423,14.011,13.712,13.494,13.269,13.104,13.032,13.009,12.994,13.002,13.059,13.171,13.288,13.368,13.398,13.385,13.352,13.328,13.3,13.262,13.231,13.236,13.256,13.217,13.148,13.103,12.986,12.756,12.682,12.816,13.017,13.238,13.359,13.387,13.355,13.308,13.293,13.294,13.281,13.241,13.169,13.03,12.805,12.522,12.253,12.046,11.917,11.838,11.791,11.774,11.879,12.074,12.22,12.245,12.214
13.559,13.564,13.562,13.556,13.549,13.54,13.529,13.518,13.505,13.491,13.494,13.528,13.577,13.662,13.839,13.904,13.805,13.747,13.632,13.85,14.334,14.494,14.128,13.72,13.463,13.254,13.082,12.999,13.003,13.064,13.168,13.238,13.262,13.258,13.242,13.224,13.211,13.206,13.217,13.24,13.262,13.267,13.27,13.255,13.193,13.131,13.085,12.915,12.692,12.748,12.935,13.101,13.229,13.309,13.339,13.327,13.305,13.282,13.246,13.186,13.093,12.952,12.751,12.507,12.266,12.096,12.013,11.985,11.98,12.002,12.083,12.195,12.282,12.289,12.247,12.19
13.542,13.546,13.542,13.536,13.529,13.519,13.509,13.497,13.486,13.48,13.503,13.559,13.618,13.704,13.871,13.843,13.786,13.727,13.486,13.444,13.828,14.097,13.861,13.484,13.279,13.151,13.098,13.153,13.225,13.219,13.156,13.087,13.036,13.005,12.99,12.984,12.989,13.008,13.046,13.096,13.146,13.18,13.203,13.191,13.142,13.108,13.045,12.824,12.691,12.853,12.988,13.06,13.13,13.179,13.189,13.164,13.124,13.069,12.994,12.894,12.765,12.605,12.428,12.266,12.162,12.147,12.177,12.216,12.254,12.286,12.313,12.343,12.342,12.282,12.235,12.171
13.523,13.527,13.523,13.517,13.508,13.499,13.488,13.478,13.471,13.479,13.527,13.601,13.664,13.758,13.868,13.803,13.794,13.675,13.354,13.142,13.269,13.458,13.435,13.289,13.204,13.192,13.183,13.156,13.079,12.966,12.915,12.914,12.932,12.954,12.972,12.983,12.979,12.973,12.982,13.005,13.042,13.075,13.093,13.091,13.075,13.083,12.971,12.733,12.753,12.918,12.957,12.967,12.986,12.983,12.943,12.881,12.81,12.732,12.648,12.557,12.459,12.361,12.28,12.235,12.239,12.256,12.278,12.317,12.344,12.355,12.361,12.357,12.301,12.221,12.193,12.148
13.503,13.507,13.503,13.496,13.488,13.479,13.469,13.462,13.463,13.49,13.56,13.645,13.71,13.819,13.849,13.761,13.807,13.636,13.277,13.098,13.123,13.205,13.249,13.226,13.184,13.117,13.011,12.933,12.92,12.928,12.931,12.932,12.935,12.944,12.96,12.981,13.003,13.011,13.008,13.005,13.009,13.019,13.032,13.041,13.047,13.051,12.849,12.68,12.831,12.919,12.883,12.85,12.825,12.773,12.692,12.602,12.522,12.454,12.399,12.351,12.306,12.264,12.225,12.191,12.17,12.192,12.292,12.353,12.31,12.27,12.269,12.251,12.178,12.156,12.12,11.95
13.482,13.486,13.483,13.477,13.468,13.459,13.451,13.448,13.46,13.505,13.591,13.684,13.765,13.832,13.782,13.729,13.844,13.639,13.295,13.177,13.208,13.23,13.194,13.109,13.02,12.952,12.896,12.867,12.863,12.855,12.849,12.846,12.845,12.849,12.864,12.891,12.93,12.976,13.012,13.027,13.03,13.033,13.037,13.044,13.052,12.912,12.704,12.728,12.885,12.877,12.793,12.723,12.652,12.547,12.417,12.295,12.206,12.154,12.129,12.117,12.11,12.101,12.075,12.086,12.12,12.246,12.395,12.254,12.028,11.982,12.06,12.077,12.083,12.033,11.861,11.655
13.462,13.467,13.464,13.457,13.449,13.44,13.435,13.438,13.461,13.515,13.612,13.732,13.81,13.821,13.675,13.689,13.85,13.678,13.359,13.254,13.265,13.217,13.077,12.945,12.885,12.857,12.83,12.811,12.805,12.804,12.802,12.797,12.788,12.776,12.767,12.767,12.782,12.813,12.859,12.906,12.943,12.973,13.003,12.996,12.861,12.652,12.666,12.827,12.888,12.816,12.701,12.595,12.477,12.329,12.179,12.078,12.052,12.075,12.097,12.093,12.079,12.064,11.997,12.005,12.008,12.242,12.416,11.984,11.819,11.847,11.959,12.065,11.839,11.628,11.547,11.364
13.444,13.448,13.444,13.437,13.43,13.423,13.421,13.43,13.459,13.515,13.635,13.79,13.883,13.764,13.572,13.572,13.725,13.628,13.381,13.268,13.223,13.092,12.933,12.841,12.812,12.796,12.791,12.804,12.825,12.837,12.835,12.821,12.802,12.776,12.741,12.706,12.676,12.653,12.644,12.662,12.709,12.758,12.755,12.665,12.595,12.654,12.786,12.874,12.852,12.749,12.616,12.478,12.324,12.158,12.031,11.997,12.055,12.15,12.199,12.192,12.204,12.215,12.199,12.156,12.068,12.243,12.389,11.864,11.816,11.874,11.851,11.791,11.548,11.4,11.227,11.437
13.426,13.429,13.425,13.418,13.411,13.406,13.408,13.422,13.45,13.506,13.664,13.862,13.913,13.702,13.453,13.407,13.526,13.493,13.356,13.244,13.118,12.948,12.83,12.786,12.776,12.786,12.827,12.884,12.928,12.945,12.935,12.91,12.882,12.851,12.808,12.756,12.71,12.66,12.596,12.525,12.488,12.493,12.509,12.545,12.625,12.747,12.837,12.85,12.793,12.68,12.536,12.38,12.208,12.046,11.946,11.944,12.054,12.187,12.292,12.353,12.402,12.431,12.413,12.381,12.247,12.208,12.28,11.717,11.713,11.747,11.695,11.564,0,0,0,0
13.409,13.411,13.406,13.399,13.392,13.389,13.394,13.412,13.436,13.49,13.64,13.864,13.89,13.64,13.365,13.26,13.359,13.394,13.32,13.194,13.009,12.844,12.773,12.761,12.773,12.818,12.891,12.962,13.01,13.028,13.023,13.003,12.978,12.949,12.907,12.852,12.801,12.762,12.709,12.63,12.528,12.437,12.415,12.483,12.598,12.74,12.821,12.783,12.697,12.608,12.48,12.316,12.141,11.984,11.899,11.963,12.139,12.264,12.365,12.43,12.452,12.465,12.456,12.442,12.293,12.279,12.187,11.718,0,0,0,0,0,0,0,0
13.388,13.391,13.386,13.379,13.373,13.372,13.381,13.4,13.418,13.462,13.605,13.785,13.807,13.584,13.315,13.212,13.3,13.346,13.297,13.147,12.932,12.784,12.744,12.756,12.798,12.874,12.956,13.013,13.046,13.067,13.076,13.073,13.062,13.043,13.004,12.943,12.879,12.831,12.806,12.786,12.741,12.664,12.553,12.444,12.461,12.58,12.716,12.778,12.675,12.507,12.38,12.234,12.077,11.966,11.935,12.149,12.349,12.356,12.427,12.531,12.44,12.449,12.441,12.442,12.319,12.083,0,0,0,0,0,0,0,0,0,0
13.367,13.372,13.367,13.36,13.355,13.354,13.366,13.387,13.4,13.42,13.524,13.644,13.675,13.512,13.295,13.23,13.297,13.329,13.293,13.134,12.897,12.746,12.721,12.763,12.856,12.973,13.048,13.072,13.087,13.104,13.114,13.121,13.126,13.123,13.101,13.054,12.987,12.917,12.856,12.817,12.818,12.845,12.827,12.765,12.695,12.619,12.542,12.539,12.633,12.584,12.397,12.246,12.145,12.08,12.186,12.366,12.48,12.383,12.456,12.589,12.374,12.498,12.484,12.486,12.302,0,0,0,0,0,0,0,0,0,0,0
13.349,13.355,13.349,13.342,13.336,13.336,13.349,13.375,13.385,13.379,13.435,13.529,13.554,13.439,13.291,13.256,13.292,13.316,13.3,13.164,12.918,12.737,12.704,12.78,12.927,13.058,13.105,13.112,13.125,13.136,13.143,13.154,13.164,13.168,13.162,13.142,13.103,13.043,12.964,12.888,12.846,12.839,12.852,12.891,12.937,12.956,12.856,12.677,12.487,12.536,12.484,12.399,12.344,12.342,12.423,12.521,12.568,12.417,12.416,12.564,12.408,12.568,12.497,12.535,0,0,0,0,0,0,0,0,0,0,0,0
13.335,13.339,13.333,13.325,13.319,13.318,13.331,13.362,13.378,13.352,13.362,13.414,13.437,13.377,13.291,13.269,13.277,13.298,13.305,13.218,13,12.788,12.723,12.811,12.988,13.107,13.124,13.122,13.123,13.122,13.128,13.144,13.163,13.182,13.19,13.182,13.159,13.129,13.096,13.004,12.895,12.864,12.888,12.901,12.904,12.898,12.897,12.844,12.786,12.733,12.604,12.517,12.486,12.47,12.542,12.658,12.688,12.447,12.279,12.668,12.335,12.472,12.479,12.507,0,0,0,0,0,0,0,0,0,0,0,0
