18.72,18.683,18.687,18.68,18.663,18.656,18.663,18.697,18.738,18.769,18.786,18.793,18.809,18.867,18.968,19.095,19.217,19.281,19.321,19.348,19.366,19.376,19.38,19.381,19.378,19.372,19.362,19.352,19.341,19.325,19.307,19.286,19.262,19.234,19.203,19.17,19.141,19.101,19.059,19.011,18.958,18.908,18.853,18.798,18.741,18.696,18.653,18.609,18.568,18.525,18.481,18.435,18.389,18.349,18.31,18.271,18.233,18.196,18.163,18.127,18.09,18.06,18.049,18.062,18.056,18.036,18.008,17.975,17.937,17.898,17.858,17.82,17.783,17.744,17.708,17.68
18.757,18.759,18.768,18.765,18.758,18.754,18.758,18.773,18.796,18.822,18.844,18.868,18.901,18.956,19.035,19.126,19.212,19.276,19.321,19.35,19.368,19.378,19.382,19.382,19.379,19.374,19.367,19.358,19.346,19.332,19.315,19.294,19.27,19.244,19.214,19.182,19.147,19.104,19.061,19.015,18.967,18.916,18.863,18.812,18.762,18.72,18.679,18.635,18.588,18.538,18.489,18.442,18.398,18.356,18.316,18.278,18.241,18.204,18.168,18.132,18.097,18.071,18.067,18.075,18.065,18.044,18.016,17.982,17.946,17.907,17.867,17.828,17.791,17.754,17.722,17.697
18.752,18.76,18.768,18.766,18.758,18.754,18.759,18.774,18.797,18.822,18.845,18.869,18.902,18.957,19.035,19.126,19.212,19.28,19.328,19.357,19.373,19.381,19.384,19.383,19.38,19.374,19.367,19.358,19.346,19.332,19.315,19.294,19.27,19.244,19.214,19.182,19.147,19.107,19.062,19.015,18.966,18.916,18.864,18.812,18.763,18.717,18.674,18.629,18.583,18.535,18.489,18.443,18.4,18.359,18.32,18.284,18.25,18.218,18.186,18.151,18.118,18.094,18.089,18.086,18.073,18.052,18.024,17.992,17.955,17.915,17.873,17.832,17.792,17.755,17.724,17.698
18.741,18.748,18.754,18.749,18.74,18.735,18.74,18.757,18.783,18.811,18.833,18.851,18.879,18.935,19.021,19.124,19.221,19.294,19.342,19.369,19.381,19.386,19.386,19.384,19.379,19.373,19.365,19.356,19.344,19.329,19.311,19.29,19.266,19.239,19.209,19.176,19.139,19.1,19.056,19.01,18.959,18.907,18.855,18.802,18.75,18.7,18.651,18.604,18.559,18.515,18.472,18.43,18.388,18.348,18.31,18.275,18.245,18.218,18.19,18.159,18.129,18.107,18.098,18.091,18.079,18.061,18.037,18.006,17.968,17.926,17.88,17.834,17.791,17.752,17.719,17.694
18.728,18.735,18.739,18.732,18.723,18.716,18.719,18.737,18.768,18.8,18.821,18.829,18.846,18.899,18.997,19.118,19.232,19.314,19.361,19.383,19.391,19.392,19.389,19.385,19.379,19.372,19.364,19.353,19.341,19.325,19.306,19.284,19.259,19.23,19.199,19.164,19.126,19.084,19.039,18.991,18.941,18.89,18.834,18.78,18.727,18.675,18.626,18.578,18.532,18.488,18.445,18.403,18.361,18.321,18.283,18.248,18.218,18.193,18.168,18.142,18.117,18.097,18.089,18.087,18.082,18.071,18.052,18.023,17.984,17.937,17.886,17.834,17.786,17.743,17.708,17.683
18.719,18.725,18.727,18.72,18.71,18.702,18.702,18.719,18.753,18.791,18.811,18.807,18.807,18.852,18.959,19.103,19.239,19.334,19.382,19.4,19.401,19.397,19.392,19.385,19.378,19.371,19.362,19.351,19.337,19.321,19.301,19.277,19.25,19.22,19.186,19.148,19.106,19.061,19.012,18.961,18.909,18.855,18.801,18.747,18.694,18.642,18.593,18.545,18.498,18.45,18.406,18.362,18.32,18.279,18.24,18.203,18.171,18.145,18.122,18.101,18.082,18.069,18.064,18.067,18.074,18.077,18.065,18.037,17.997,17.947,17.889,17.831,17.776,17.728,17.692,17.666
18.712,18.718,18.718,18.712,18.702,18.692,18.688,18.7,18.735,18.781,18.805,18.792,18.769,18.795,18.902,19.065,19.229,19.345,19.399,19.413,19.409,19.401,19.393,19.385,19.377,19.369,19.36,19.348,19.334,19.317,19.295,19.269,19.24,19.207,19.169,19.128,19.081,19.03,18.977,18.921,18.865,18.809,18.752,18.697,18.642,18.59,18.539,18.489,18.441,18.394,18.348,18.304,18.261,18.218,18.179,18.145,18.115,18.09,18.07,18.054,18.044,18.043,18.051,18.063,18.073,18.071,18.054,18.022,17.985,17.94,17.879,17.816,17.757,17.707,17.669,17.643
18.705,18.713,18.713,18.706,18.696,18.683,18.674,18.679,18.714,18.766,18.798,18.785,18.742,18.736,18.824,18.99,19.178,19.328,19.401,19.417,19.411,19.401,19.39,19.382,19.374,19.366,19.357,19.346,19.331,19.312,19.289,19.26,19.227,19.19,19.148,19.101,19.048,18.991,18.931,18.87,18.81,18.752,18.694,18.637,18.581,18.525,18.47,18.416,18.362,18.31,18.259,18.212,18.17,18.134,18.106,18.079,18.059,18.045,18.034,18.03,18.034,18.051,18.08,18.111,18.131,18.129,18.098,18.042,17.969,17.893,17.829,17.778,17.724,17.673,17.633,17.605
18.694,18.711,18.711,18.703,18.69,18.674,18.658,18.656,18.686,18.743,18.782,18.781,18.735,18.692,18.737,18.877,19.066,19.251,19.367,19.404,19.403,19.392,19.382,19.374,19.368,19.361,19.354,19.343,19.328,19.307,19.28,19.246,19.207,19.164,19.116,19.063,19.004,18.94,18.874,18.809,18.746,18.686,18.627,18.567,18.506,18.442,18.376,18.312,18.249,18.19,18.136,18.09,18.057,18.038,18.033,18.035,18.034,18.038,18.044,18.055,18.077,18.116,18.166,18.206,18.217,18.191,18.13,18.048,17.962,17.881,17.807,17.741,17.681,17.624,17.573,17.536
18.69,18.711,18.71,18.702,18.687,18.665,18.642,18.631,18.655,18.711,18.755,18.768,18.742,18.68,18.67,18.756,18.909,19.096,19.262,19.352,19.375,19.372,19.365,19.359,19.356,19.354,19.349,19.34,19.324,19.299,19.263,19.219,19.168,19.115,19.062,19.005,18.943,18.875,18.807,18.74,18.673,18.606,18.542,18.479,18.406,18.32,18.225,18.137,18.068,18.019,17.989,17.979,17.987,18.006,18.028,18.051,18.072,18.093,18.118,18.151,18.197,18.25,18.291,18.298,18.261,18.192,18.11,18.029,17.958,17.896,17.84,17.783,17.718,17.641,17.564,17.509
18.694,18.712,18.712,18.703,18.687,18.661,18.629,18.607,18.62,18.673,18.719,18.74,18.741,18.692,18.644,18.671,18.767,18.908,19.077,19.223,19.304,19.331,19.335,19.334,19.335,19.337,19.337,19.328,19.306,19.27,19.219,19.159,19.098,19.043,18.991,18.936,18.871,18.801,18.734,18.666,18.587,18.504,18.428,18.347,18.243,18.124,18.02,17.955,17.932,17.937,17.959,17.992,18.022,18.039,18.049,18.06,18.08,18.112,18.156,18.213,18.272,18.313,18.316,18.277,18.215,18.148,18.083,18.031,17.988,17.948,17.91,17.868,17.809,17.726,17.625,17.532
18.707,18.717,18.716,18.709,18.692,18.665,18.627,18.592,18.587,18.629,18.681,18.707,18.723,18.702,18.646,18.628,18.675,18.76,18.881,19.027,19.154,19.232,19.268,19.282,19.288,19.292,19.294,19.284,19.258,19.213,19.152,19.085,19.025,18.976,18.928,18.867,18.79,18.714,18.65,18.583,18.494,18.394,18.294,18.184,18.066,17.97,17.925,17.93,17.959,17.985,17.996,17.995,17.985,17.972,17.961,17.954,17.955,17.97,18.007,18.068,18.149,18.229,18.27,18.245,18.177,18.117,18.075,18.045,18.019,17.996,17.976,17.949,17.902,17.829,17.731,17.617
18.716,18.722,18.723,18.718,18.705,18.679,18.641,18.595,18.565,18.583,18.637,18.671,18.694,18.696,18.655,18.611,18.622,18.67,18.735,18.833,18.956,19.067,19.141,19.181,19.2,19.208,19.211,19.202,19.178,19.133,19.075,19.015,18.967,18.926,18.872,18.79,18.694,18.617,18.564,18.499,18.403,18.287,18.164,18.048,17.965,17.937,17.952,17.972,17.978,17.97,17.949,17.921,17.891,17.856,17.815,17.772,17.741,17.73,17.743,17.791,17.879,18.002,18.133,18.22,18.206,18.123,18.065,18.053,18.047,18.038,18.029,18.011,17.979,17.928,17.852,17.75
18.721,18.728,18.732,18.731,18.723,18.705,18.671,18.621,18.568,18.548,18.584,18.63,18.659,18.676,18.659,18.611,18.592,18.622,18.657,18.697,18.772,18.875,18.973,19.042,19.08,19.096,19.1,19.094,19.076,19.042,18.998,18.958,18.926,18.882,18.798,18.681,18.577,18.519,18.481,18.415,18.315,18.191,18.067,17.98,17.952,17.965,17.974,17.97,17.96,17.943,17.923,17.901,17.875,17.841,17.799,17.748,17.695,17.642,17.599,17.579,17.596,17.669,17.808,17.988,18.15,18.206,18.134,18.061,18.052,18.062,18.065,18.056,18.037,18.002,17.95,17.871
18.725,18.734,18.741,18.745,18.745,18.737,18.714,18.668,18.6,18.542,18.537,18.582,18.621,18.646,18.651,18.616,18.577,18.588,18.622,18.638,18.653,18.704,18.79,18.883,18.953,18.991,19.001,18.995,18.981,18.962,18.942,18.926,18.901,18.83,18.694,18.543,18.458,18.434,18.401,18.33,18.23,18.115,18.015,17.971,17.977,17.982,17.971,17.964,17.963,17.965,17.968,17.966,17.953,17.929,17.894,17.85,17.796,17.73,17.657,17.588,17.529,17.492,17.507,17.607,17.795,18.019,18.178,18.174,18.118,18.089,18.088,18.097,18.088,18.057,18.004,17.946
18.727,18.738,18.75,18.759,18.767,18.77,18.761,18.728,18.66,18.574,18.516,18.528,18.577,18.61,18.63,18.619,18.574,18.56,18.589,18.613,18.611,18.608,18.635,18.698,18.787,18.871,18.924,18.938,18.93,18.92,18.919,18.92,18.889,18.776,18.585,18.417,18.367,18.363,18.323,18.245,18.152,18.059,17.996,17.988,17.997,17.98,17.963,17.969,17.992,18.021,18.043,18.046,18.029,18,17.963,17.919,17.863,17.794,17.717,17.639,17.566,17.498,17.437,17.4,17.439,17.593,17.841,18.076,18.163,18.174,18.162,18.158,18.151,18.112,18.044,17.986
18.726,18.741,18.756,18.77,18.784,18.797,18.802,18.786,18.731,18.638,18.539,18.491,18.524,18.571,18.599,18.612,18.578,18.543,18.553,18.576,18.575,18.56,18.555,18.572,18.617,18.694,18.788,18.863,18.898,18.905,18.913,18.924,18.9,18.779,18.543,18.336,18.299,18.307,18.254,18.173,18.09,18.023,17.996,18.01,18.007,17.973,17.961,17.991,18.051,18.116,18.15,18.134,18.092,18.05,18.012,17.963,17.89,17.797,17.694,17.595,17.51,17.447,17.401,17.374,17.36,17.347,17.407,17.635,17.906,18.057,18.123,18.144,18.135,18.109,18.07,18.004
18.722,18.74,18.759,18.777,18.795,18.814,18.83,18.83,18.794,18.715,18.602,18.495,18.47,18.525,18.56,18.59,18.583,18.538,18.524,18.54,18.538,18.509,18.483,18.477,18.495,18.537,18.609,18.705,18.797,18.856,18.884,18.903,18.91,18.85,18.636,18.334,18.238,18.267,18.217,18.135,18.057,18.002,18.001,18.036,18.024,17.975,17.97,18.031,18.139,18.24,18.268,18.216,18.147,18.099,18.057,17.987,17.883,17.763,17.642,17.531,17.441,17.382,17.342,17.32,17.313,17.314,17.314,17.352,17.41,17.628,17.818,17.93,17.982,17.996,18.004,17.988
18.717,18.737,18.759,18.779,18.8,18.822,18.843,18.855,18.838,18.78,18.682,18.546,18.442,18.467,18.519,18.552,18.575,18.545,18.508,18.51,18.513,18.483,18.437,18.409,18.413,18.447,18.496,18.556,18.641,18.734,18.802,18.841,18.868,18.887,18.806,18.499,18.222,18.216,18.213,18.148,18.077,18.008,17.989,18.05,18.069,18.003,17.994,18.08,18.23,18.36,18.378,18.292,18.191,18.149,18.087,17.97,17.837,17.699,17.566,17.452,17.375,17.346,17.342,17.352,17.361,17.359,17.346,17.33,17.311,17.338,17.451,17.586,17.7,17.792,17.87,17.92
18.71,18.733,18.756,18.778,18.8,18.823,18.846,18.863,18.86,18.822,18.751,18.625,18.461,18.408,18.471,18.507,18.545,18.55,18.507,18.487,18.494,18.478,18.424,18.375,18.377,18.436,18.512,18.555,18.58,18.631,18.7,18.759,18.801,18.848,18.883,18.745,18.366,18.188,18.193,18.174,18.133,18.07,17.998,18.018,18.102,18.074,18.041,18.125,18.299,18.456,18.479,18.387,18.238,18.179,18.061,17.912,17.766,17.607,17.456,17.355,17.327,17.361,17.423,17.483,17.528,17.545,17.53,17.488,17.427,17.364,17.325,17.356,17.442,17.555,17.689,17.822
18.705,18.729,18.752,18.775,18.797,18.82,18.843,18.863,18.868,18.844,18.796,18.702,18.525,18.379,18.41,18.461,18.494,18.535,18.513,18.476,18.473,18.474,18.429,18.36,18.356,18.454,18.594,18.678,18.675,18.653,18.667,18.706,18.748,18.799,18.874,18.884,18.607,18.293,18.193,18.178,18.164,18.135,18.066,18,18.065,18.13,18.115,18.17,18.334,18.498,18.524,18.435,18.273,18.16,17.999,17.853,17.671,17.471,17.325,17.293,17.368,17.496,17.627,17.73,17.794,17.822,17.813,17.768,17.689,17.58,17.464,17.368,17.339,17.385,17.499,17.68
18.701,18.724,18.748,18.771,18.793,18.816,18.84,18.861,18.871,18.857,18.821,18.757,18.608,18.397,18.346,18.412,18.438,18.493,18.51,18.474,18.452,18.459,18.438,18.36,18.33,18.444,18.639,18.783,18.809,18.766,18.736,18.747,18.786,18.849,18.926,18.939,18.748,18.43,18.247,18.184,18.162,18.146,18.119,18.039,18.018,18.113,18.164,18.213,18.346,18.484,18.512,18.386,18.256,18.09,17.958,17.776,17.525,17.312,17.248,17.35,17.541,17.734,17.881,17.975,18.027,18.049,18.05,18.028,17.974,17.875,17.733,17.57,17.432,17.362,17.385,17.53
18.697,18.72,18.744,18.767,18.79,18.813,18.837,18.859,18.874,18.867,18.836,18.789,18.684,18.457,18.31,18.352,18.388,18.434,18.486,18.474,18.44,18.437,18.439,18.374,18.299,18.373,18.577,18.771,18.87,18.883,18.872,18.878,18.896,18.907,18.884,18.798,18.627,18.397,18.246,18.177,18.149,18.131,18.119,18.08,18.012,18.061,18.159,18.231,18.337,18.44,18.464,18.28,18.193,18.057,17.914,17.639,17.35,17.209,17.287,17.518,17.774,17.962,18.065,18.109,18.125,18.131,18.136,18.132,18.111,18.061,17.964,17.81,17.626,17.467,17.382,17.436
18.693,18.717,18.741,18.764,18.787,18.811,18.835,18.858,18.877,18.876,18.849,18.805,18.737,18.533,18.319,18.299,18.342,18.376,18.442,18.464,18.435,18.417,18.428,18.399,18.289,18.271,18.4,18.56,18.67,18.72,18.729,18.716,18.684,18.63,18.556,18.462,18.353,18.252,18.192,18.161,18.144,18.127,18.108,18.093,18.026,18.024,18.129,18.225,18.31,18.407,18.4,18.219,18.138,18.064,17.817,17.476,17.226,17.201,17.404,17.712,17.966,18.091,18.116,18.103,18.089,18.085,18.092,18.109,18.126,18.131,18.093,17.987,17.815,17.619,17.456,17.412
18.69,18.714,18.738,18.762,18.786,18.81,18.834,18.859,18.879,18.883,18.858,18.81,18.768,18.603,18.363,18.283,18.301,18.333,18.39,18.441,18.429,18.403,18.409,18.414,18.324,18.203,18.187,18.218,18.244,18.263,18.275,18.277,18.269,18.25,18.224,18.193,18.166,18.15,18.147,18.15,18.15,18.137,18.108,18.085,18.035,18.012,18.107,18.207,18.298,18.395,18.342,18.231,18.184,18.025,17.699,17.363,17.178,17.242,17.52,17.856,18.067,18.108,18.069,18.034,18.018,18.016,18.021,18.037,18.068,18.109,18.132,18.089,17.954,17.757,17.551,17.433
18.688,18.712,18.736,18.761,18.785,18.809,18.834,18.859,18.881,18.887,18.862,18.811,18.783,18.655,18.417,18.299,18.284,18.304,18.346,18.409,18.418,18.392,18.389,18.409,18.37,18.229,18.136,18.104,18.097,18.112,18.118,18.103,18.083,18.071,18.068,18.072,18.08,18.095,18.118,18.143,18.151,18.134,18.101,18.071,18.03,18.012,18.099,18.214,18.328,18.381,18.31,18.289,18.208,17.963,17.63,17.317,17.168,17.274,17.589,17.93,18.099,18.079,18.017,17.997,17.996,18,18.009,18.016,18.028,18.066,18.118,18.131,18.043,17.859,17.633,17.469
18.687,18.711,18.735,18.76,18.784,18.809,18.834,18.859,18.881,18.888,18.859,18.806,18.788,18.687,18.466,18.324,18.292,18.292,18.317,18.377,18.405,18.383,18.372,18.392,18.394,18.279,18.154,18.112,18.142,18.199,18.188,18.127,18.08,18.057,18.044,18.042,18.056,18.085,18.118,18.134,18.127,18.106,18.077,18.041,18.006,18.021,18.135,18.275,18.373,18.381,18.355,18.33,18.188,17.949,17.63,17.323,17.173,17.276,17.597,17.946,18.1,18.055,17.993,17.992,17.993,17.992,18.01,18.025,18.026,18.042,18.095,18.138,18.091,17.925,17.691,17.501
18.686,18.711,18.735,18.76,18.784,18.809,18.834,18.858,18.878,18.884,18.846,18.798,18.786,18.704,18.506,18.351,18.307,18.297,18.305,18.351,18.389,18.375,18.359,18.375,18.394,18.317,18.185,18.142,18.203,18.244,18.158,18.074,18.053,18.055,18.057,18.063,18.079,18.098,18.103,18.09,18.071,18.05,18.022,17.995,18.003,18.088,18.238,18.366,18.424,18.425,18.411,18.334,18.212,18.001,17.701,17.387,17.193,17.246,17.547,17.912,18.091,18.05,17.986,17.987,17.976,17.966,17.995,18.027,18.033,18.036,18.082,18.136,18.11,17.957,17.718,17.518
18.686,18.711,18.735,18.76,18.785,18.81,18.834,18.856,18.873,18.874,18.824,18.786,18.78,18.711,18.535,18.378,18.32,18.307,18.304,18.333,18.37,18.365,18.351,18.364,18.386,18.331,18.206,18.178,18.257,18.233,18.114,18.065,18.06,18.062,18.068,18.072,18.068,18.053,18.031,18.011,17.998,17.987,17.984,18.012,18.097,18.235,18.374,18.457,18.478,18.458,18.41,18.367,18.288,18.115,17.848,17.521,17.254,17.207,17.446,17.828,18.069,18.058,17.987,17.98,17.967,17.95,17.983,18.02,18.031,18.036,18.08,18.136,18.109,17.954,17.707,17.529
18.687,18.712,18.736,18.761,18.786,18.81,18.834,18.854,18.864,18.857,18.798,18.774,18.772,18.709,18.552,18.401,18.333,18.318,18.309,18.321,18.351,18.352,18.344,18.359,18.377,18.325,18.217,18.223,18.288,18.204,18.106,18.075,18.052,18.038,18.027,18.013,17.998,17.985,17.979,17.978,17.987,18.012,18.064,18.156,18.281,18.407,18.492,18.515,18.487,18.443,18.438,18.449,18.399,18.278,18.063,17.743,17.396,17.204,17.32,17.686,18.015,18.074,17.996,17.98,17.975,17.952,17.972,18.004,18.022,18.04,18.09,18.136,18.089,17.912,17.665,17.554
18.688,18.713,18.738,18.763,18.788,18.812,18.834,18.85,18.853,18.833,18.771,18.763,18.762,18.7,18.557,18.417,18.346,18.33,18.321,18.313,18.331,18.338,18.338,18.356,18.366,18.308,18.229,18.269,18.288,18.184,18.123,18.087,18.057,18.042,18.031,18.026,18.027,18.035,18.049,18.074,18.115,18.178,18.264,18.366,18.462,18.526,18.537,18.5,18.456,18.468,18.524,18.542,18.519,18.454,18.309,18.04,17.655,17.303,17.22,17.492,17.896,18.078,18.017,17.982,17.993,17.969,17.972,17.998,18.023,18.058,18.108,18.127,18.039,17.834,17.618,17.615
18.689,18.715,18.74,18.766,18.791,18.814,18.834,18.846,18.84,18.806,18.751,18.752,18.749,18.688,18.553,18.424,18.355,18.343,18.339,18.319,18.315,18.323,18.331,18.354,18.353,18.29,18.251,18.317,18.319,18.259,18.238,18.209,18.19,18.183,18.183,18.191,18.205,18.225,18.252,18.289,18.339,18.399,18.464,18.52,18.551,18.541,18.498,18.459,18.482,18.558,18.607,18.616,18.612,18.587,18.516,18.345,18.012,17.559,17.23,17.291,17.691,18.032,18.047,17.981,18.005,18.001,17.992,18.015,18.044,18.083,18.113,18.087,17.954,17.743,17.602,17.704
18.69,18.717,18.743,18.769,18.794,18.817,18.835,18.843,18.828,18.78,18.737,18.741,18.735,18.672,18.543,18.424,18.361,18.354,18.356,18.338,18.316,18.312,18.325,18.35,18.338,18.279,18.286,18.373,18.387,18.383,18.395,18.388,18.389,18.396,18.405,18.417,18.43,18.445,18.463,18.485,18.512,18.537,18.554,18.553,18.528,18.486,18.459,18.49,18.571,18.635,18.654,18.656,18.651,18.641,18.621,18.556,18.363,17.957,17.438,17.179,17.422,17.886,18.07,17.987,17.992,18.027,18.018,18.038,18.064,18.087,18.081,18.007,17.849,17.674,17.634,17.802
18.692,18.719,18.746,18.773,18.798,18.82,18.837,18.84,18.817,18.759,18.726,18.729,18.72,18.655,18.535,18.426,18.368,18.361,18.366,18.354,18.328,18.313,18.323,18.345,18.321,18.279,18.33,18.433,18.466,18.497,18.526,18.529,18.533,18.537,18.54,18.543,18.546,18.549,18.551,18.553,18.552,18.545,18.528,18.5,18.469,18.456,18.492,18.572,18.646,18.678,18.683,18.675,18.657,18.638,18.628,18.623,18.572,18.35,17.846,17.278,17.176,17.618,18.032,18.018,17.955,18.019,18.028,18.037,18.051,18.048,18.006,17.904,17.758,17.655,17.706,17.887
18.695,18.722,18.749,18.775,18.801,18.823,18.839,18.839,18.807,18.743,18.716,18.715,18.704,18.642,18.534,18.436,18.378,18.365,18.367,18.359,18.339,18.323,18.33,18.338,18.306,18.29,18.378,18.487,18.529,18.574,18.603,18.603,18.596,18.583,18.568,18.555,18.545,18.537,18.529,18.519,18.506,18.489,18.469,18.451,18.452,18.49,18.566,18.646,18.697,18.716,18.72,18.709,18.681,18.645,18.611,18.599,18.608,18.567,18.283,17.64,17.101,17.275,17.858,18.068,17.935,17.964,18.009,18.002,18.004,17.976,17.915,17.814,17.713,17.688,17.792,17.946
18.696,18.723,18.75,18.778,18.804,18.826,18.841,18.837,18.798,18.731,18.704,18.698,18.687,18.632,18.543,18.457,18.393,18.367,18.363,18.359,18.347,18.337,18.338,18.328,18.295,18.31,18.423,18.529,18.567,18.61,18.635,18.629,18.615,18.595,18.573,18.555,18.537,18.519,18.501,18.484,18.468,18.455,18.447,18.453,18.488,18.555,18.637,18.703,18.743,18.764,18.771,18.76,18.731,18.688,18.633,18.583,18.569,18.594,18.536,18.113,17.314,16.992,17.52,18.058,17.983,17.898,17.964,17.954,17.941,17.905,17.843,17.769,17.723,17.755,17.867,17.977
18.696,18.723,18.75,18.778,18.805,18.828,18.843,18.836,18.79,18.72,18.692,18.676,18.664,18.622,18.555,18.483,18.412,18.368,18.355,18.356,18.354,18.348,18.338,18.313,18.289,18.334,18.462,18.556,18.582,18.617,18.64,18.629,18.611,18.594,18.585,18.585,18.584,18.57,18.542,18.506,18.475,18.46,18.464,18.49,18.543,18.617,18.69,18.746,18.783,18.805,18.808,18.794,18.769,18.733,18.678,18.608,18.552,18.551,18.587,18.439,17.76,16.934,17.09,17.869,18.09,17.884,17.909,17.923,17.895,17.865,17.818,17.779,17.775,17.829,17.92,17.987
18.692,18.72,18.748,18.777,18.805,18.829,18.843,18.834,18.782,18.712,18.679,18.649,18.63,18.602,18.561,18.509,18.436,18.371,18.339,18.339,18.346,18.341,18.323,18.295,18.29,18.36,18.492,18.571,18.579,18.603,18.63,18.62,18.598,18.582,18.578,18.594,18.622,18.636,18.622,18.58,18.53,18.499,18.502,18.537,18.594,18.662,18.725,18.773,18.803,18.814,18.805,18.788,18.774,18.754,18.708,18.636,18.562,18.527,18.559,18.561,18.181,17.174,16.727,17.47,18.128,17.968,17.872,17.912,17.886,17.867,17.84,17.827,17.842,17.891,17.949,17.982
18.686,18.714,18.744,18.773,18.803,18.828,18.843,18.832,18.777,18.708,18.67,18.618,18.583,18.563,18.55,18.531,18.471,18.387,18.324,18.305,18.311,18.31,18.294,18.278,18.295,18.383,18.515,18.58,18.564,18.567,18.6,18.604,18.585,18.567,18.558,18.567,18.6,18.646,18.675,18.661,18.611,18.564,18.554,18.582,18.632,18.688,18.738,18.772,18.787,18.779,18.756,18.741,18.747,18.749,18.717,18.646,18.567,18.519,18.534,18.574,18.419,17.6,16.572,16.952,17.929,18.097,17.9,17.901,17.899,17.886,17.879,17.878,17.896,17.927,17.957,17.972
18.676,18.706,18.737,18.768,18.799,18.826,18.843,18.832,18.776,18.707,18.668,18.594,18.528,18.5,18.506,18.531,18.512,18.433,18.336,18.273,18.258,18.263,18.262,18.265,18.303,18.402,18.533,18.594,18.557,18.522,18.539,18.559,18.554,18.544,18.536,18.536,18.55,18.591,18.656,18.702,18.689,18.638,18.608,18.62,18.654,18.693,18.723,18.736,18.728,18.701,18.672,18.673,18.705,18.728,18.707,18.638,18.559,18.51,18.522,18.564,18.515,17.99,16.667,16.461,17.461,18.064,17.988,17.928,17.912,17.908,17.909,17.915,17.928,17.943,17.957,17.965
18.665,18.697,18.729,18.762,18.794,18.823,18.842,18.834,18.779,18.71,18.678,18.593,18.483,18.42,18.416,18.473,18.524,18.504,18.412,18.3,18.226,18.209,18.227,18.256,18.314,18.417,18.547,18.625,18.595,18.527,18.498,18.502,18.506,18.507,18.508,18.51,18.515,18.532,18.577,18.658,18.721,18.709,18.663,18.648,18.66,18.675,18.68,18.667,18.639,18.605,18.596,18.627,18.678,18.707,18.682,18.612,18.538,18.499,18.516,18.557,18.537,18.249,16.969,16.122,16.828,17.658,17.93,17.992,17.954,17.914,17.917,17.918,17.925,17.933,17.942,17.964
18.653,18.687,18.721,18.755,18.788,18.819,18.842,18.839,18.787,18.713,18.694,18.626,18.482,18.357,18.293,18.331,18.437,18.521,18.52,18.432,18.307,18.211,18.186,18.224,18.3,18.412,18.548,18.663,18.69,18.644,18.591,18.558,18.54,18.531,18.527,18.522,18.515,18.511,18.522,18.565,18.652,18.725,18.723,18.688,18.668,18.659,18.644,18.618,18.586,18.57,18.584,18.628,18.676,18.688,18.645,18.57,18.509,18.488,18.517,18.555,18.533,18.393,17.42,16.029,16.25,16.942,17.424,17.805,18.008,18.014,17.984,17.973,17.97,17.978,17.995,18.019
18.642,18.678,18.714,18.749,18.783,18.814,18.839,18.842,18.797,18.716,18.702,18.68,18.54,18.361,18.204,18.146,18.226,18.379,18.51,18.558,18.509,18.393,18.268,18.196,18.212,18.3,18.433,18.582,18.694,18.736,18.734,18.714,18.689,18.666,18.645,18.621,18.592,18.558,18.531,18.525,18.557,18.632,18.702,18.718,18.701,18.679,18.655,18.628,18.607,18.6,18.618,18.655,18.678,18.655,18.59,18.519,18.481,18.485,18.525,18.556,18.523,18.447,17.951,16.237,15.996,16.346,16.598,16.986,17.448,17.79,17.976,18.033,18.042,18.038,18.016,17.943
18.632,18.669,18.708,18.745,18.778,18.808,18.834,18.843,18.808,18.722,18.692,18.714,18.622,18.438,18.218,18.046,18.014,18.119,18.286,18.451,18.569,18.611,18.57,18.467,18.347,18.264,18.255,18.319,18.421,18.515,18.589,18.642,18.679,18.701,18.713,18.713,18.698,18.661,18.609,18.562,18.539,18.553,18.599,18.646,18.668,18.668,18.654,18.634,18.618,18.622,18.645,18.664,18.649,18.592,18.52,18.473,18.468,18.497,18.542,18.558,18.506,18.436,18.271,16.752,16.175,16.376,16.323,16.263,16.423,16.739,17.078,17.354,17.527,17.618,17.653,17.571
18.614,18.658,18.702,18.742,18.775,18.803,18.826,18.84,18.82,18.739,18.678,18.708,18.672,18.524,18.302,18.088,17.976,17.979,18.052,18.167,18.31,18.46,18.588,18.668,18.69,18.654,18.568,18.464,18.386,18.355,18.358,18.383,18.425,18.478,18.538,18.6,18.653,18.683,18.677,18.639,18.593,18.563,18.559,18.574,18.591,18.601,18.602,18.605,18.617,18.638,18.649,18.629,18.574,18.507,18.459,18.451,18.481,18.526,18.564,18.553,18.473,18.406,18.32,17.647,16.623,16.815,16.944,16.678,16.341,16.199,16.27,16.421,16.621,16.812,16.949,16.944
18.604,18.653,18.699,18.739,18.773,18.799,18.819,18.833,18.829,18.77,18.681,18.684,18.688,18.596,18.419,18.217,18.085,18.029,18.009,18.025,18.086,18.179,18.287,18.398,18.506,18.605,18.691,18.74,18.738,18.681,18.593,18.504,18.432,18.389,18.379,18.405,18.462,18.537,18.603,18.637,18.635,18.613,18.592,18.584,18.587,18.594,18.607,18.623,18.635,18.628,18.593,18.535,18.475,18.439,18.438,18.472,18.523,18.567,18.583,18.527,18.413,18.356,18.293,18.287,17.342,17.004,17.438,17.588,17.205,16.663,16.453,16.299,16.248,16.243,16.299,16.299
18.6,18.652,18.7,18.74,18.773,18.796,18.813,18.824,18.829,18.805,18.713,18.667,18.686,18.654,18.562,18.426,18.296,18.191,18.093,18.017,17.999,18.033,18.099,18.18,18.265,18.352,18.471,18.601,18.708,18.776,18.793,18.755,18.679,18.585,18.492,18.418,18.38,18.391,18.444,18.512,18.567,18.595,18.603,18.603,18.606,18.611,18.612,18.602,18.573,18.527,18.474,18.432,18.418,18.435,18.477,18.534,18.585,18.609,18.579,18.459,18.32,18.291,18.268,18.303,17.959,17.625,17.441,17.95,18.189,17.49,17.232,17.013,16.834,16.486,16.103,15.981
18.607,18.659,18.706,18.744,18.776,18.797,18.811,18.817,18.816,18.819,18.768,18.675,18.665,18.668,18.641,18.594,18.533,18.461,18.352,18.196,18.067,18.008,18.018,18.079,18.16,18.196,18.258,18.379,18.528,18.669,18.781,18.84,18.84,18.79,18.711,18.613,18.509,18.424,18.384,18.396,18.439,18.486,18.521,18.54,18.546,18.539,18.518,18.484,18.445,18.413,18.402,18.418,18.456,18.51,18.568,18.621,18.647,18.622,18.522,18.335,18.222,18.258,18.269,18.23,18.29,18.171,17.946,18.277,18.232,18.086,17.902,17.735,17.894,17.806,17.065,16.314
18.621,18.67,18.714,18.75,18.78,18.8,18.813,18.815,18.802,18.801,18.809,18.723,18.654,18.647,18.637,18.621,18.597,18.569,18.529,18.445,18.284,18.125,18.045,18.046,18.11,18.149,18.166,18.228,18.344,18.489,18.646,18.781,18.863,18.88,18.849,18.788,18.703,18.597,18.49,18.416,18.388,18.394,18.413,18.429,18.432,18.423,18.405,18.389,18.39,18.414,18.46,18.519,18.58,18.632,18.674,18.696,18.668,18.571,18.394,18.18,18.17,18.28,18.299,18.289,18.37,18.467,18.5,18.11,17.608,17.839,17.898,17.881,17.83,17.893,17.997,17.957
18.639,18.683,18.724,18.757,18.784,18.802,18.815,18.819,18.799,18.77,18.789,18.783,18.695,18.641,18.615,18.587,18.557,18.529,18.512,18.493,18.402,18.24,18.1,18.069,18.088,18.093,18.091,18.124,18.208,18.333,18.497,18.671,18.807,18.884,18.902,18.879,18.832,18.763,18.667,18.561,18.473,18.42,18.395,18.386,18.382,18.382,18.395,18.431,18.489,18.56,18.628,18.683,18.717,18.734,18.738,18.715,18.618,18.446,18.211,18.047,18.196,18.344,18.359,18.426,18.503,18.638,18.529,17.791,17.825,17.879,17.688,17.469,17.351,17.435,17.719,18.042
18.656,18.695,18.733,18.764,18.789,18.804,18.816,18.824,18.81,18.761,18.735,18.767,18.753,18.694,18.642,18.597,18.556,18.518,18.496,18.47,18.4,18.266,18.127,18.086,18.072,18.023,17.976,17.996,18.076,18.199,18.376,18.578,18.742,18.85,18.905,18.914,18.896,18.862,18.807,18.727,18.635,18.556,18.502,18.474,18.471,18.498,18.553,18.624,18.695,18.75,18.777,18.779,18.765,18.746,18.728,18.671,18.509,18.273,18.014,18,18.28,18.417,18.434,18.566,18.641,18.642,18.343,17.886,18.175,17.872,17.587,17.381,17.161,17.21,17.491,17.824
18.667,18.704,18.74,18.769,18.792,18.804,18.815,18.827,18.825,18.784,18.725,18.704,18.713,18.707,18.678,18.638,18.595,18.559,18.54,18.489,18.382,18.243,18.122,18.068,18.002,17.897,17.835,17.901,18.016,18.13,18.292,18.505,18.699,18.826,18.896,18.924,18.924,18.911,18.886,18.841,18.78,18.718,18.672,18.654,18.674,18.718,18.763,18.798,18.815,18.804,18.77,18.729,18.7,18.688,18.681,18.606,18.38,18.091,17.89,18.049,18.385,18.471,18.49,18.646,18.741,18.682,18.291,17.789,17.96,18.009,17.708,17.396,17.03,17.222,17.757,18.038
18.674,18.71,18.745,18.774,18.794,18.803,18.812,18.826,18.834,18.815,18.764,18.711,18.679,18.66,18.645,18.624,18.6,18.586,18.583,18.512,18.366,18.208,18.091,18,17.881,17.753,17.747,17.938,18.109,18.163,18.258,18.468,18.69,18.83,18.899,18.93,18.939,18.936,18.926,18.905,18.872,18.839,18.819,18.827,18.84,18.831,18.816,18.805,18.775,18.716,18.651,18.609,18.601,18.626,18.648,18.548,18.259,17.951,17.88,18.159,18.473,18.504,18.508,18.667,18.809,18.784,18.341,18.057,18.149,17.86,17.617,17.27,16.849,17.179,17.901,18.258
18.675,18.712,18.748,18.776,18.794,18.8,18.807,18.821,18.833,18.828,18.798,18.753,18.71,18.673,18.646,18.624,18.611,18.62,18.604,18.482,18.3,18.135,18.006,17.881,17.742,17.647,17.761,18.115,18.356,18.328,18.314,18.495,18.723,18.854,18.912,18.94,18.952,18.955,18.952,18.938,18.917,18.901,18.902,18.898,18.827,18.778,18.775,18.756,18.676,18.585,18.527,18.51,18.531,18.593,18.637,18.479,18.157,17.919,17.977,18.303,18.535,18.529,18.526,18.67,18.84,18.898,18.589,18.41,18.134,17.889,17.714,17.234,16.697,16.86,17.457,17.775
18.674,18.713,18.75,18.778,18.793,18.796,18.799,18.812,18.825,18.823,18.796,18.758,18.723,18.696,18.678,18.663,18.664,18.656,18.558,18.363,18.162,18.007,17.872,17.745,17.637,17.616,17.861,18.334,18.61,18.53,18.433,18.573,18.768,18.865,18.916,18.95,18.966,18.968,18.959,18.945,18.938,18.931,18.921,18.81,18.728,18.759,18.763,18.68,18.555,18.504,18.507,18.526,18.546,18.619,18.632,18.433,18.135,17.975,18.163,18.452,18.574,18.554,18.534,18.662,18.85,18.901,18.645,18.265,17.937,17.944,17.817,17.237,16.607,16.36,16.503,16.627
18.671,18.713,18.752,18.779,18.789,18.789,18.789,18.8,18.813,18.811,18.783,18.743,18.711,18.695,18.696,18.69,18.667,18.571,18.368,18.145,17.985,17.856,17.736,17.653,17.612,17.661,17.965,18.474,18.736,18.636,18.541,18.658,18.795,18.85,18.894,18.934,18.956,18.961,18.953,18.936,18.908,18.899,18.838,18.634,18.736,18.749,18.72,18.605,18.536,18.567,18.605,18.662,18.708,18.68,18.542,18.279,18.058,18.1,18.353,18.558,18.601,18.575,18.557,18.684,18.815,18.802,18.5,18.007,17.872,17.867,17.772,17.302,16.724,16.234,15.881,15.663
18.671,18.714,18.754,18.778,18.784,18.78,18.778,18.788,18.799,18.795,18.768,18.731,18.704,18.696,18.699,18.656,18.526,18.307,18.076,17.934,17.836,17.727,17.653,17.645,17.665,17.712,18.035,18.541,18.769,18.68,18.623,18.711,18.792,18.816,18.861,18.909,18.931,18.933,18.933,18.938,18.86,18.746,18.693,18.617,18.686,18.72,18.718,18.632,18.598,18.597,18.581,18.547,18.488,18.383,18.23,18.095,18.083,18.252,18.471,18.591,18.618,18.594,18.647,18.718,18.743,18.642,18.347,18.04,17.855,17.769,17.685,17.266,16.886,16.649,16.409,16.093
18.676,18.719,18.757,18.777,18.78,18.772,18.768,18.777,18.783,18.774,18.744,18.711,18.691,18.68,18.628,18.484,18.223,17.974,17.86,17.815,17.724,17.65,17.644,17.678,17.692,17.742,18.118,18.586,18.774,18.716,18.692,18.738,18.767,18.794,18.845,18.883,18.902,18.91,18.902,18.84,18.686,18.567,18.527,18.54,18.628,18.711,18.716,18.642,18.596,18.575,18.571,18.573,18.569,18.554,18.525,18.479,18.441,18.479,18.546,18.606,18.63,18.642,18.754,18.744,18.657,18.506,18.17,18.123,17.658,17.637,17.482,17.07,16.695,16.687,16.589,16.001
18.685,18.725,18.76,18.776,18.777,18.765,18.76,18.767,18.768,18.75,18.713,18.679,18.655,18.602,18.438,18.164,17.881,17.788,17.795,17.727,17.637,17.628,17.631,17.629,17.646,17.812,18.225,18.623,18.772,18.729,18.697,18.713,18.739,18.786,18.837,18.868,18.883,18.88,18.812,18.643,18.437,18.315,18.316,18.464,18.519,18.591,18.596,18.539,18.495,18.458,18.439,18.452,18.506,18.601,18.701,18.776,18.793,18.715,18.68,18.675,18.66,18.698,18.8,18.755,18.602,18.348,18.21,17.882,17.121,17.426,17.174,16.353,15.82,15.73,15.542,15.272
18.692,18.73,18.762,18.777,18.774,18.76,18.754,18.759,18.754,18.723,18.67,18.625,18.573,18.428,18.162,17.82,17.714,17.77,17.73,17.625,17.592,17.57,17.532,17.54,17.655,17.943,18.331,18.654,18.781,18.752,18.719,18.735,18.772,18.818,18.855,18.868,18.827,18.703,18.502,18.266,18.068,17.999,18.153,18.327,18.31,18.297,18.217,18.067,17.924,17.785,17.661,17.59,17.664,17.927,18.198,18.465,18.744,18.863,18.802,18.781,18.756,18.788,18.785,18.751,18.518,18.337,18.421,16.859,16.414,16.639,16.507,16.027,0,0,0,0
18.697,18.735,18.766,18.778,18.771,18.755,18.749,18.752,18.736,18.685,18.606,18.541,18.441,18.219,17.898,17.657,17.714,17.724,17.625,17.557,17.504,17.457,17.468,17.565,17.775,18.087,18.417,18.658,18.762,18.767,18.756,18.765,18.78,18.781,18.725,18.587,18.392,18.178,17.978,17.808,17.684,17.709,17.991,18.167,18.026,17.895,17.799,17.676,17.58,17.471,17.225,16.865,16.834,17.151,17.475,17.809,18.31,18.846,18.827,18.804,18.794,18.776,18.705,18.644,18.398,17.502,16.909,16.645,0,0,0,0,0,0,0,0
18.7,18.738,18.768,18.778,18.768,18.75,18.745,18.742,18.711,18.623,18.515,18.431,18.314,18.079,17.72,17.639,17.697,17.635,17.538,17.446,17.395,17.43,17.525,17.681,17.915,18.183,18.4,18.508,18.529,18.514,18.515,18.521,18.472,18.346,18.156,17.938,17.749,17.624,17.563,17.533,17.516,17.562,17.852,18.15,18.069,17.893,17.831,17.81,17.789,17.749,17.346,16.619,16.805,17.168,17.243,17.404,17.873,18.54,18.781,18.762,18.735,18.684,18.765,18.583,17.891,17.475,0,0,0,0,0,0,0,0,0,0
18.703,18.741,18.771,18.779,18.766,18.745,18.739,18.73,18.673,18.542,18.409,18.331,18.249,17.999,17.626,17.618,17.64,17.532,17.405,17.332,17.37,17.486,17.615,17.776,17.961,18.103,18.142,18.1,18.057,18.055,18.06,18.012,17.894,17.728,17.559,17.432,17.379,17.403,17.473,17.528,17.549,17.666,18.004,18.17,17.96,17.775,17.704,17.629,17.583,17.52,17.101,16.337,16.886,17.364,17.393,17.479,17.883,18.393,18.675,18.792,18.702,18.605,18.482,18.033,17.76,0,0,0,0,0,0,0,0,0,0,0
18.705,18.744,18.772,18.78,18.764,18.741,18.733,18.714,18.628,18.454,18.306,18.254,18.22,17.932,17.572,17.589,17.55,17.393,17.284,17.266,17.365,17.5,17.619,17.725,17.807,17.827,17.775,17.699,17.658,17.649,17.624,17.557,17.466,17.374,17.297,17.258,17.308,17.44,17.593,17.703,17.754,17.804,17.728,17.426,17.155,16.98,16.852,16.807,17.04,16.959,16.682,16.211,16.649,16.972,16.947,17.178,17.776,18.272,18.568,18.675,18.59,18.351,17.993,17.69,0,0,0,0,0,0,0,0,0,0,0,0
18.707,18.746,18.773,18.779,18.762,18.738,18.727,18.699,18.583,18.375,18.216,18.19,18.2,17.893,17.538,17.535,17.454,17.288,17.196,17.199,17.279,17.376,17.462,17.525,17.565,17.579,17.556,17.506,17.461,17.442,17.432,17.396,17.324,17.238,17.194,17.212,17.288,17.386,17.489,17.563,17.537,17.384,17.134,16.902,16.739,16.471,16.154,16.094,16.692,16.809,16.597,16.002,15.89,15.939,15.798,16.22,17.006,17.482,17.807,18.026,18.2,18.111,17.547,17.236,0,0,0,0,0,0,0,0,0,0,0,0
