18.518,18.521,18.536,18.542,18.54,18.521,18.518,18.521,18.53,18.534,18.534,18.539,18.561,18.664,18.754,18.845,18.926,18.981,19.02,19.047,19.063,19.07,19.072,19.071,19.073,19.075,19.076,19.076,19.073,19.065,19.051,19.03,19.003,18.975,18.947,18.919,18.89,18.843,18.799,18.754,18.702,18.659,18.62,18.578,18.534,18.486,18.426,18.362,18.301,18.244,18.192,18.144,18.098,18.054,18.01,17.967,17.921,17.875,17.827,17.78,17.73,17.675,17.62,17.549,17.472,17.398,17.349,17.303,17.27,17.252,17.23,17.198,17.166,17.15,17.136,17.121
18.516,18.529,18.543,18.55,18.552,18.553,18.556,18.563,18.574,18.585,18.596,18.612,18.641,18.694,18.763,18.843,18.92,18.981,19.025,19.055,19.073,19.08,19.08,19.078,19.077,19.078,19.079,19.078,19.075,19.066,19.052,19.031,19.006,18.979,18.951,18.923,18.892,18.856,18.817,18.774,18.727,18.682,18.634,18.582,18.527,18.47,18.41,18.35,18.294,18.242,18.194,18.149,18.106,18.064,18.022,17.979,17.935,17.889,17.84,17.788,17.732,17.672,17.607,17.537,17.466,17.398,17.345,17.306,17.279,17.258,17.236,17.211,17.186,17.163,17.143,17.124
18.526,18.536,18.547,18.552,18.553,18.553,18.556,18.563,18.574,18.586,18.598,18.613,18.642,18.694,18.767,18.849,18.927,18.991,19.037,19.068,19.085,19.091,19.089,19.085,19.081,19.08,19.081,19.08,19.077,19.069,19.055,19.035,19.012,18.985,18.956,18.926,18.893,18.856,18.817,18.774,18.728,18.678,18.624,18.567,18.507,18.446,18.386,18.33,18.278,18.23,18.185,18.142,18.1,18.059,18.018,17.976,17.933,17.886,17.836,17.782,17.724,17.662,17.596,17.529,17.462,17.401,17.353,17.319,17.293,17.269,17.243,17.214,17.186,17.162,17.142,17.125
18.53,18.539,18.547,18.548,18.546,18.544,18.544,18.551,18.562,18.575,18.584,18.594,18.621,18.679,18.763,18.857,18.942,19.01,19.058,19.087,19.101,19.104,19.099,19.091,19.085,19.082,19.082,19.082,19.079,19.071,19.057,19.039,19.015,18.988,18.958,18.924,18.888,18.849,18.807,18.761,18.712,18.658,18.601,18.54,18.477,18.416,18.358,18.304,18.255,18.21,18.166,18.125,18.085,18.045,18.004,17.962,17.918,17.87,17.819,17.764,17.705,17.643,17.579,17.516,17.458,17.406,17.367,17.339,17.316,17.289,17.256,17.219,17.183,17.155,17.135,17.12
18.53,18.536,18.541,18.54,18.535,18.53,18.528,18.532,18.545,18.56,18.567,18.568,18.591,18.658,18.759,18.869,18.967,19.039,19.086,19.111,19.12,19.119,19.109,19.098,19.088,19.082,19.082,19.082,19.08,19.072,19.059,19.04,19.015,18.986,18.953,18.917,18.877,18.833,18.787,18.737,18.683,18.626,18.565,18.503,18.44,18.38,18.324,18.274,18.227,18.183,18.141,18.1,18.06,18.02,17.979,17.936,17.89,17.84,17.785,17.727,17.666,17.605,17.547,17.495,17.45,17.415,17.391,17.375,17.356,17.326,17.283,17.231,17.181,17.143,17.119,17.106
18.523,18.528,18.531,18.528,18.521,18.514,18.508,18.51,18.524,18.544,18.55,18.539,18.555,18.633,18.756,18.887,18.998,19.076,19.121,19.14,19.142,19.135,19.12,19.103,19.088,19.081,19.08,19.081,19.079,19.072,19.058,19.037,19.011,18.979,18.942,18.901,18.856,18.808,18.756,18.7,18.643,18.583,18.521,18.459,18.397,18.339,18.286,18.237,18.192,18.149,18.107,18.066,18.026,17.985,17.942,17.896,17.846,17.79,17.731,17.668,17.606,17.548,17.501,17.467,17.446,17.438,17.44,17.442,17.431,17.396,17.338,17.264,17.19,17.132,17.099,17.087
18.512,18.515,18.518,18.514,18.506,18.497,18.488,18.486,18.498,18.526,18.536,18.511,18.513,18.601,18.748,18.901,19.03,19.115,19.158,19.17,19.164,19.15,19.128,19.105,19.086,19.076,19.076,19.078,19.077,19.069,19.053,19.03,19,18.963,18.921,18.875,18.824,18.77,18.711,18.651,18.591,18.531,18.47,18.409,18.349,18.291,18.239,18.191,18.147,18.104,18.062,18.019,17.977,17.933,17.886,17.834,17.777,17.714,17.648,17.582,17.522,17.476,17.45,17.446,17.461,17.491,17.528,17.556,17.556,17.516,17.438,17.334,17.224,17.133,17.079,17.064
18.497,18.5,18.503,18.498,18.489,18.48,18.47,18.463,18.47,18.505,18.527,18.491,18.471,18.559,18.723,18.895,19.042,19.141,19.187,19.195,19.183,19.161,19.133,19.103,19.079,19.068,19.069,19.073,19.072,19.062,19.042,19.014,18.977,18.934,18.884,18.832,18.776,18.717,18.655,18.593,18.534,18.476,18.416,18.353,18.29,18.231,18.178,18.131,18.086,18.042,17.997,17.951,17.903,17.85,17.792,17.73,17.664,17.597,17.533,17.475,17.431,17.411,17.421,17.458,17.515,17.59,17.669,17.726,17.734,17.688,17.592,17.457,17.302,17.16,17.064,17.036
18.481,18.483,18.485,18.48,18.471,18.462,18.453,18.442,18.442,18.477,18.521,18.486,18.435,18.504,18.669,18.849,19.014,19.132,19.192,19.205,19.19,19.164,19.13,19.095,19.068,19.057,19.06,19.065,19.061,19.047,19.02,18.982,18.934,18.878,18.821,18.765,18.71,18.654,18.594,18.535,18.478,18.42,18.355,18.284,18.216,18.155,18.103,18.054,18.006,17.956,17.903,17.844,17.779,17.708,17.634,17.563,17.501,17.451,17.416,17.396,17.392,17.412,17.46,17.533,17.627,17.742,17.851,17.914,17.913,17.863,17.772,17.631,17.441,17.239,17.076,17.004
18.462,18.464,18.466,18.46,18.45,18.44,18.432,18.423,18.418,18.447,18.509,18.497,18.418,18.443,18.589,18.762,18.929,19.067,19.149,19.181,19.175,19.149,19.114,19.081,19.056,19.045,19.043,19.04,19.026,18.999,18.959,18.905,18.843,18.782,18.73,18.687,18.645,18.597,18.537,18.474,18.415,18.352,18.275,18.196,18.127,18.07,18.018,17.963,17.902,17.834,17.756,17.672,17.584,17.501,17.434,17.39,17.377,17.389,17.418,17.452,17.486,17.524,17.576,17.657,17.773,17.907,17.989,18.004,17.976,17.939,17.889,17.794,17.624,17.391,17.155,16.998
18.442,18.444,18.445,18.437,18.425,18.413,18.405,18.4,18.398,18.419,18.486,18.511,18.425,18.392,18.497,18.648,18.799,18.941,19.044,19.099,19.115,19.105,19.085,19.063,19.041,19.018,18.995,18.971,18.939,18.899,18.85,18.795,18.74,18.696,18.663,18.633,18.592,18.531,18.452,18.377,18.315,18.244,18.162,18.093,18.039,17.986,17.924,17.847,17.755,17.654,17.552,17.462,17.396,17.363,17.366,17.398,17.449,17.509,17.566,17.613,17.643,17.66,17.687,17.756,17.869,17.965,18.01,17.993,17.95,17.917,17.889,17.846,17.758,17.58,17.323,17.075
18.419,18.421,18.423,18.412,18.396,18.381,18.372,18.371,18.376,18.395,18.456,18.515,18.453,18.365,18.41,18.531,18.653,18.775,18.884,18.962,19.005,19.019,19.015,19.001,18.979,18.952,18.921,18.887,18.849,18.807,18.762,18.716,18.677,18.647,18.623,18.591,18.53,18.429,18.319,18.243,18.186,18.119,18.056,18.009,17.958,17.889,17.798,17.689,17.574,17.477,17.418,17.4,17.417,17.455,17.498,17.54,17.578,17.613,17.645,17.674,17.696,17.709,17.728,17.77,17.843,17.926,17.969,17.947,17.9,17.861,17.825,17.798,17.771,17.696,17.514,17.239
18.397,18.399,18.399,18.386,18.366,18.346,18.333,18.334,18.351,18.374,18.421,18.502,18.49,18.373,18.344,18.425,18.518,18.606,18.692,18.767,18.823,18.857,18.872,18.874,18.865,18.849,18.826,18.797,18.763,18.725,18.689,18.658,18.634,18.618,18.604,18.562,18.451,18.289,18.17,18.119,18.076,18.026,17.981,17.931,17.857,17.758,17.644,17.539,17.474,17.463,17.489,17.529,17.568,17.589,17.589,17.583,17.584,17.592,17.604,17.622,17.646,17.672,17.695,17.722,17.771,17.844,17.897,17.885,17.839,17.794,17.748,17.719,17.714,17.709,17.634,17.422
18.368,18.377,18.377,18.361,18.338,18.312,18.292,18.292,18.319,18.357,18.39,18.469,18.516,18.417,18.316,18.34,18.411,18.472,18.523,18.571,18.614,18.649,18.676,18.695,18.709,18.717,18.717,18.707,18.688,18.663,18.638,18.62,18.612,18.615,18.612,18.544,18.361,18.152,18.053,18.031,18.001,17.96,17.909,17.832,17.73,17.622,17.538,17.512,17.547,17.606,17.647,17.656,17.639,17.613,17.597,17.596,17.603,17.603,17.594,17.582,17.577,17.585,17.608,17.643,17.689,17.751,17.811,17.823,17.789,17.744,17.703,17.678,17.667,17.676,17.672,17.557
18.342,18.357,18.357,18.34,18.313,18.282,18.258,18.254,18.286,18.338,18.369,18.423,18.51,18.474,18.339,18.288,18.328,18.382,18.42,18.443,18.462,18.48,18.5,18.522,18.547,18.574,18.601,18.622,18.633,18.632,18.622,18.612,18.614,18.631,18.638,18.546,18.298,18.054,17.977,17.974,17.947,17.901,17.83,17.73,17.625,17.556,17.553,17.617,17.7,17.745,17.737,17.699,17.663,17.646,17.649,17.663,17.676,17.671,17.649,17.618,17.587,17.563,17.551,17.556,17.584,17.642,17.726,17.787,17.781,17.744,17.723,17.709,17.677,17.653,17.665,17.633
18.323,18.341,18.341,18.324,18.294,18.261,18.234,18.229,18.258,18.316,18.357,18.382,18.471,18.507,18.398,18.288,18.27,18.306,18.348,18.375,18.385,18.388,18.393,18.405,18.423,18.448,18.478,18.513,18.549,18.579,18.598,18.608,18.618,18.642,18.665,18.581,18.294,18.003,17.927,17.934,17.904,17.848,17.766,17.664,17.584,17.573,17.638,17.734,17.796,17.812,17.803,17.785,17.763,17.736,17.707,17.69,17.69,17.673,17.636,17.597,17.562,17.537,17.525,17.52,17.52,17.531,17.569,17.65,17.743,17.795,17.797,17.772,17.732,17.663,17.644,17.663
18.309,18.331,18.332,18.314,18.285,18.252,18.225,18.22,18.243,18.295,18.345,18.355,18.414,18.496,18.453,18.333,18.259,18.253,18.283,18.318,18.339,18.344,18.344,18.348,18.359,18.373,18.392,18.419,18.456,18.502,18.545,18.582,18.61,18.64,18.677,18.636,18.354,18.001,17.891,17.9,17.872,17.815,17.735,17.642,17.585,17.609,17.701,17.799,17.861,17.902,17.943,17.972,17.955,17.876,17.763,17.686,17.672,17.636,17.582,17.522,17.466,17.424,17.404,17.412,17.442,17.481,17.515,17.54,17.576,17.627,17.675,17.725,17.745,17.684,17.623,17.657
18.296,18.328,18.327,18.307,18.28,18.251,18.23,18.225,18.24,18.28,18.33,18.341,18.36,18.445,18.473,18.389,18.291,18.242,18.244,18.273,18.3,18.313,18.314,18.311,18.308,18.303,18.305,18.326,18.37,18.427,18.487,18.542,18.591,18.634,18.678,18.675,18.446,18.052,17.875,17.873,17.856,17.808,17.736,17.649,17.597,17.626,17.725,17.831,17.913,18.001,18.11,18.183,18.145,17.981,17.793,17.685,17.651,17.593,17.522,17.442,17.363,17.295,17.249,17.235,17.257,17.31,17.383,17.456,17.516,17.566,17.601,17.614,17.622,17.625,17.596,17.627
18.296,18.327,18.322,18.308,18.285,18.261,18.243,18.237,18.244,18.269,18.314,18.331,18.322,18.376,18.447,18.426,18.339,18.26,18.23,18.244,18.271,18.288,18.286,18.271,18.249,18.227,18.223,18.255,18.324,18.408,18.483,18.543,18.594,18.639,18.679,18.694,18.522,18.132,17.888,17.855,17.848,17.816,17.761,17.678,17.614,17.626,17.719,17.835,17.933,18.049,18.198,18.292,18.209,17.944,17.747,17.672,17.609,17.526,17.428,17.319,17.214,17.128,17.072,17.054,17.071,17.121,17.203,17.304,17.398,17.47,17.527,17.57,17.585,17.569,17.55,17.589
18.318,18.329,18.328,18.32,18.305,18.288,18.274,18.261,18.254,18.263,18.298,18.321,18.305,18.314,18.386,18.425,18.382,18.298,18.233,18.221,18.242,18.262,18.261,18.24,18.207,18.173,18.164,18.206,18.305,18.431,18.534,18.597,18.635,18.669,18.703,18.705,18.542,18.187,17.926,17.858,17.843,17.821,17.791,17.729,17.648,17.625,17.692,17.811,17.924,18.051,18.219,18.322,18.17,17.853,17.701,17.641,17.546,17.437,17.308,17.173,17.053,16.968,16.928,16.926,16.955,17.003,17.067,17.151,17.264,17.379,17.461,17.516,17.56,17.576,17.547,17.558
18.326,18.333,18.338,18.338,18.332,18.326,18.318,18.301,18.272,18.263,18.284,18.309,18.3,18.278,18.315,18.384,18.398,18.346,18.262,18.212,18.212,18.233,18.242,18.225,18.188,18.141,18.112,18.141,18.252,18.412,18.559,18.649,18.693,18.717,18.721,18.66,18.463,18.161,17.942,17.863,17.829,17.8,17.786,17.771,17.706,17.645,17.668,17.768,17.889,18.031,18.219,18.309,18.033,17.778,17.69,17.602,17.481,17.341,17.183,17.033,16.925,16.878,16.886,16.932,16.995,17.06,17.116,17.159,17.206,17.286,17.388,17.468,17.527,17.572,17.563,17.55
18.331,18.336,18.348,18.357,18.363,18.369,18.372,18.355,18.31,18.27,18.272,18.294,18.295,18.268,18.261,18.318,18.372,18.373,18.31,18.231,18.195,18.202,18.221,18.22,18.189,18.135,18.077,18.065,18.141,18.291,18.452,18.566,18.616,18.613,18.556,18.429,18.234,18.029,17.901,17.846,17.811,17.779,17.756,17.761,17.75,17.688,17.668,17.729,17.841,18.006,18.223,18.269,17.897,17.748,17.682,17.567,17.422,17.243,17.056,16.913,16.853,16.879,16.963,17.067,17.167,17.25,17.312,17.345,17.346,17.341,17.372,17.431,17.49,17.551,17.57,17.554
18.323,18.337,18.356,18.374,18.391,18.41,18.427,18.422,18.369,18.293,18.263,18.277,18.284,18.27,18.237,18.251,18.315,18.356,18.343,18.272,18.203,18.179,18.192,18.208,18.197,18.149,18.077,18.012,18.008,18.075,18.177,18.257,18.286,18.261,18.194,18.095,17.988,17.908,17.869,17.85,17.835,17.811,17.773,17.75,17.762,17.728,17.689,17.715,17.806,18.003,18.225,18.111,17.835,17.763,17.677,17.54,17.35,17.119,16.92,16.827,16.861,16.986,17.145,17.29,17.401,17.481,17.536,17.566,17.56,17.514,17.466,17.453,17.472,17.524,17.565,17.558
18.317,18.336,18.362,18.388,18.413,18.442,18.473,18.488,18.446,18.343,18.265,18.258,18.266,18.266,18.239,18.205,18.248,18.303,18.331,18.303,18.233,18.176,18.162,18.182,18.194,18.164,18.098,18.018,17.959,17.946,17.962,17.981,17.983,17.963,17.932,17.901,17.883,17.875,17.875,17.879,17.881,17.865,17.82,17.766,17.759,17.752,17.717,17.716,17.808,18.087,18.224,17.943,17.851,17.795,17.674,17.497,17.235,16.965,16.807,16.818,16.973,17.189,17.387,17.528,17.613,17.662,17.691,17.709,17.711,17.674,17.601,17.53,17.49,17.507,17.553,17.561
18.311,18.335,18.365,18.396,18.427,18.462,18.502,18.536,18.523,18.415,18.286,18.244,18.241,18.253,18.243,18.188,18.187,18.24,18.28,18.29,18.252,18.19,18.147,18.15,18.175,18.169,18.114,18.039,17.971,17.931,17.91,17.885,17.853,17.819,17.795,17.783,17.782,17.787,17.805,17.84,17.88,17.889,17.845,17.782,17.766,17.768,17.722,17.727,17.92,18.186,18.122,17.935,17.928,17.844,17.663,17.417,17.087,16.833,16.767,16.906,17.166,17.426,17.607,17.698,17.731,17.739,17.74,17.743,17.752,17.749,17.703,17.618,17.532,17.506,17.542,17.56
18.306,18.334,18.367,18.401,18.435,18.472,18.514,18.558,18.577,18.49,18.325,18.245,18.215,18.232,18.229,18.193,18.143,18.182,18.224,18.239,18.229,18.191,18.142,18.126,18.151,18.164,18.124,18.056,17.991,17.939,17.889,17.821,17.758,17.731,17.734,17.735,17.737,17.744,17.751,17.78,17.848,17.889,17.844,17.782,17.76,17.741,17.724,17.848,18.102,18.186,18.044,18.054,18.027,17.877,17.633,17.312,16.96,16.762,16.796,17.047,17.373,17.623,17.739,17.762,17.746,17.725,17.712,17.71,17.723,17.748,17.747,17.685,17.579,17.514,17.535,17.561
18.302,18.333,18.368,18.404,18.439,18.476,18.518,18.563,18.598,18.544,18.373,18.264,18.196,18.207,18.197,18.195,18.124,18.128,18.179,18.193,18.179,18.159,18.129,18.108,18.128,18.153,18.128,18.065,18.002,17.934,17.847,17.761,17.746,17.791,17.797,17.773,17.765,17.776,17.785,17.812,17.855,17.845,17.779,17.736,17.726,17.751,17.856,18.059,18.198,18.166,18.169,18.205,18.1,17.885,17.594,17.226,16.887,16.739,16.851,17.186,17.543,17.746,17.785,17.753,17.716,17.69,17.675,17.669,17.679,17.716,17.753,17.724,17.616,17.526,17.532,17.563
18.299,18.334,18.37,18.407,18.442,18.481,18.522,18.566,18.604,18.568,18.412,18.296,18.188,18.185,18.164,18.17,18.118,18.088,18.134,18.164,18.142,18.117,18.101,18.091,18.111,18.142,18.127,18.067,17.999,17.909,17.806,17.776,17.863,17.905,17.849,17.788,17.774,17.789,17.795,17.794,17.783,17.75,17.726,17.743,17.802,17.916,18.076,18.208,18.244,18.277,18.345,18.285,18.117,17.889,17.578,17.186,16.857,16.734,16.899,17.291,17.656,17.805,17.784,17.734,17.706,17.69,17.677,17.661,17.657,17.69,17.746,17.743,17.639,17.535,17.534,17.569
18.298,18.333,18.371,18.409,18.446,18.485,18.527,18.571,18.608,18.575,18.439,18.329,18.187,18.168,18.14,18.122,18.096,18.065,18.095,18.135,18.122,18.091,18.077,18.074,18.098,18.132,18.124,18.063,17.981,17.872,17.799,17.884,18.026,18.029,17.939,17.842,17.784,17.763,17.761,17.76,17.767,17.787,17.832,17.908,18.013,18.135,18.239,18.302,18.359,18.428,18.404,18.276,18.119,17.919,17.605,17.199,16.858,16.731,16.919,17.341,17.712,17.832,17.781,17.735,17.728,17.725,17.712,17.682,17.66,17.683,17.745,17.751,17.645,17.537,17.538,17.579
18.298,18.333,18.373,18.412,18.45,18.49,18.533,18.576,18.609,18.573,18.458,18.359,18.199,18.153,18.12,18.07,18.056,18.043,18.066,18.106,18.104,18.077,18.065,18.065,18.09,18.124,18.118,18.05,17.951,17.846,17.856,18.055,18.215,18.209,18.114,18.006,17.928,17.889,17.884,17.9,17.935,17.987,18.053,18.131,18.212,18.285,18.348,18.413,18.469,18.454,18.352,18.241,18.14,17.985,17.682,17.27,16.896,16.726,16.895,17.328,17.722,17.847,17.788,17.747,17.754,17.759,17.744,17.704,17.674,17.694,17.752,17.751,17.639,17.536,17.547,17.593
18.299,18.334,18.375,18.415,18.454,18.496,18.54,18.582,18.606,18.569,18.474,18.383,18.215,18.147,18.102,18.028,18.012,18.018,18.043,18.078,18.084,18.066,18.056,18.062,18.086,18.118,18.109,18.032,17.919,17.845,17.947,18.22,18.405,18.416,18.327,18.231,18.162,18.12,18.11,18.124,18.154,18.194,18.238,18.284,18.331,18.383,18.438,18.475,18.457,18.374,18.282,18.222,18.184,18.076,17.809,17.407,16.986,16.732,16.826,17.246,17.687,17.856,17.802,17.754,17.766,17.774,17.757,17.72,17.695,17.718,17.763,17.741,17.622,17.534,17.559,17.61
18.298,18.336,18.38,18.419,18.459,18.503,18.548,18.589,18.608,18.566,18.496,18.403,18.233,18.151,18.088,18,17.984,18.001,18.025,18.049,18.058,18.05,18.046,18.057,18.084,18.113,18.098,18.009,17.892,17.86,18.045,18.367,18.559,18.54,18.43,18.348,18.302,18.273,18.264,18.268,18.282,18.303,18.329,18.362,18.399,18.437,18.455,18.434,18.371,18.296,18.241,18.227,18.232,18.175,17.976,17.613,17.154,16.784,16.739,17.092,17.587,17.849,17.823,17.757,17.763,17.775,17.762,17.737,17.724,17.745,17.766,17.718,17.599,17.536,17.576,17.628
18.305,18.344,18.387,18.425,18.465,18.51,18.557,18.598,18.612,18.571,18.522,18.419,18.253,18.164,18.082,17.988,17.975,17.998,18.015,18.025,18.029,18.029,18.032,18.049,18.079,18.107,18.085,17.987,17.873,17.882,18.124,18.456,18.608,18.544,18.421,18.346,18.309,18.292,18.292,18.301,18.316,18.337,18.364,18.392,18.415,18.42,18.402,18.363,18.313,18.265,18.232,18.236,18.26,18.252,18.144,17.869,17.419,16.936,16.691,16.888,17.396,17.794,17.852,17.767,17.752,17.768,17.767,17.756,17.75,17.759,17.751,17.683,17.578,17.545,17.597,17.647
18.313,18.353,18.395,18.433,18.473,18.52,18.567,18.607,18.618,18.583,18.549,18.434,18.28,18.189,18.083,17.991,17.979,18.001,18.013,18.017,18.02,18.025,18.033,18.048,18.077,18.102,18.072,17.968,17.864,17.902,18.166,18.478,18.597,18.514,18.378,18.297,18.263,18.255,18.268,18.29,18.315,18.341,18.364,18.378,18.381,18.372,18.357,18.337,18.308,18.268,18.237,18.233,18.253,18.276,18.254,18.109,17.76,17.234,16.771,16.702,17.107,17.637,17.862,17.799,17.744,17.754,17.761,17.761,17.756,17.748,17.717,17.645,17.567,17.561,17.621,17.666
18.315,18.357,18.401,18.441,18.481,18.529,18.577,18.616,18.626,18.599,18.57,18.45,18.312,18.227,18.11,17.997,17.973,17.989,17.999,18.009,18.025,18.049,18.052,18.057,18.077,18.096,18.06,17.955,17.861,17.913,18.173,18.463,18.569,18.486,18.35,18.266,18.232,18.229,18.25,18.279,18.306,18.327,18.339,18.344,18.344,18.348,18.356,18.354,18.329,18.285,18.244,18.221,18.221,18.238,18.257,18.233,18.069,17.653,17.062,16.661,16.783,17.326,17.781,17.845,17.758,17.738,17.744,17.744,17.737,17.718,17.677,17.617,17.57,17.586,17.646,17.682
18.313,18.356,18.405,18.447,18.488,18.537,18.585,18.623,18.632,18.613,18.583,18.466,18.348,18.278,18.163,18.034,17.989,17.991,17.998,18.014,18.037,18.054,18.066,18.063,18.077,18.089,18.05,17.949,17.864,17.914,18.158,18.432,18.542,18.471,18.35,18.269,18.229,18.223,18.245,18.272,18.293,18.306,18.312,18.319,18.334,18.359,18.384,18.389,18.364,18.317,18.269,18.228,18.198,18.18,18.18,18.199,18.194,18.032,17.552,16.904,16.59,16.894,17.507,17.838,17.806,17.741,17.729,17.722,17.71,17.687,17.65,17.609,17.589,17.616,17.666,17.689
18.309,18.353,18.407,18.451,18.492,18.543,18.592,18.627,18.634,18.617,18.582,18.479,18.385,18.337,18.236,18.098,18.026,18.009,18.005,18.017,18.043,18.065,18.078,18.069,18.077,18.084,18.044,17.951,17.869,17.908,18.127,18.389,18.517,18.473,18.374,18.298,18.248,18.23,18.244,18.265,18.281,18.288,18.294,18.309,18.34,18.383,18.419,18.43,18.411,18.374,18.33,18.283,18.233,18.179,18.13,18.104,18.121,18.15,18.008,17.449,16.741,16.534,17.014,17.632,17.836,17.78,17.735,17.716,17.697,17.675,17.647,17.623,17.619,17.644,17.68,17.693
18.302,18.347,18.407,18.453,18.496,18.548,18.597,18.629,18.63,18.607,18.565,18.484,18.418,18.394,18.32,18.188,18.095,18.054,18.03,18.025,18.045,18.078,18.099,18.084,18.079,18.082,18.048,17.962,17.878,17.893,18.077,18.327,18.482,18.473,18.401,18.339,18.285,18.249,18.249,18.264,18.272,18.275,18.278,18.299,18.342,18.396,18.441,18.462,18.46,18.441,18.414,18.38,18.333,18.268,18.187,18.099,18.031,18.036,18.115,18,17.319,16.549,16.498,17.125,17.682,17.812,17.773,17.735,17.715,17.692,17.672,17.659,17.66,17.675,17.693,17.695
18.29,18.34,18.404,18.453,18.498,18.551,18.6,18.628,18.62,18.583,18.534,18.48,18.444,18.445,18.402,18.293,18.196,18.139,18.094,18.056,18.046,18.073,18.114,18.11,18.09,18.082,18.06,17.991,17.901,17.877,17.999,18.228,18.42,18.462,18.416,18.37,18.333,18.286,18.263,18.268,18.27,18.266,18.264,18.282,18.325,18.378,18.424,18.452,18.465,18.466,18.461,18.451,18.431,18.387,18.311,18.21,18.082,17.958,17.954,18.108,18.008,17.13,16.344,16.475,17.167,17.656,17.787,17.769,17.736,17.722,17.706,17.695,17.691,17.691,17.692,17.692
18.28,18.334,18.4,18.452,18.499,18.554,18.603,18.628,18.608,18.551,18.494,18.464,18.46,18.482,18.469,18.397,18.321,18.268,18.216,18.151,18.089,18.065,18.097,18.122,18.121,18.101,18.077,18.028,17.95,17.887,17.917,18.077,18.29,18.409,18.417,18.382,18.356,18.338,18.299,18.285,18.277,18.264,18.254,18.261,18.29,18.325,18.352,18.366,18.371,18.374,18.384,18.41,18.446,18.453,18.408,18.324,18.215,18.049,17.873,17.892,18.161,18.015,16.875,16.145,16.401,17.1,17.57,17.76,17.769,17.74,17.728,17.716,17.709,17.706,17.71,17.725
18.271,18.328,18.394,18.45,18.499,18.555,18.605,18.628,18.599,18.523,18.454,18.439,18.461,18.502,18.513,18.479,18.441,18.414,18.381,18.32,18.231,18.14,18.091,18.086,18.114,18.129,18.12,18.087,18.029,17.954,17.902,17.94,18.087,18.254,18.349,18.376,18.357,18.354,18.346,18.326,18.307,18.279,18.255,18.251,18.265,18.275,18.267,18.242,18.214,18.201,18.218,18.28,18.371,18.447,18.451,18.386,18.302,18.176,17.967,17.778,17.879,18.303,17.963,16.645,15.955,16.238,16.878,17.401,17.667,17.771,17.773,17.768,17.763,17.76,17.762,17.75
18.264,18.321,18.387,18.445,18.495,18.553,18.606,18.629,18.596,18.506,18.423,18.406,18.446,18.504,18.529,18.519,18.505,18.507,18.507,18.489,18.444,18.365,18.261,18.158,18.096,18.086,18.1,18.111,18.104,18.066,17.999,17.936,17.948,18.048,18.17,18.274,18.328,18.342,18.355,18.364,18.359,18.33,18.288,18.261,18.264,18.276,18.268,18.242,18.214,18.205,18.215,18.259,18.338,18.429,18.464,18.414,18.342,18.248,18.064,17.838,17.677,17.974,18.554,17.881,16.509,15.858,16.11,16.588,16.987,17.348,17.564,17.646,17.676,17.674,17.636,17.511
18.257,18.314,18.378,18.438,18.489,18.549,18.604,18.632,18.599,18.504,18.408,18.373,18.415,18.487,18.523,18.509,18.489,18.489,18.499,18.513,18.527,18.532,18.512,18.455,18.358,18.24,18.149,18.1,18.086,18.088,18.08,18.039,17.984,17.969,18.01,18.098,18.205,18.287,18.33,18.36,18.39,18.396,18.368,18.325,18.303,18.308,18.322,18.335,18.357,18.397,18.413,18.395,18.413,18.464,18.478,18.421,18.356,18.284,18.116,17.88,17.706,17.687,18.17,18.695,17.839,16.435,15.94,15.988,16.139,16.375,16.673,16.911,17.045,17.099,17.061,16.85
18.25,18.306,18.37,18.429,18.48,18.541,18.599,18.634,18.609,18.515,18.408,18.352,18.373,18.448,18.501,18.493,18.449,18.418,18.402,18.399,18.411,18.439,18.478,18.518,18.541,18.532,18.472,18.372,18.262,18.167,18.102,18.075,18.049,18.015,17.992,18.001,18.062,18.164,18.26,18.319,18.371,18.421,18.445,18.434,18.414,18.405,18.414,18.436,18.474,18.509,18.506,18.488,18.497,18.514,18.485,18.409,18.354,18.294,18.134,17.897,17.726,17.68,17.818,18.391,18.692,17.845,16.424,16.032,15.945,15.846,15.842,15.944,16.075,16.162,16.147,15.96
18.244,18.298,18.36,18.418,18.468,18.529,18.59,18.632,18.621,18.535,18.421,18.348,18.341,18.391,18.452,18.465,18.433,18.376,18.326,18.289,18.264,18.267,18.292,18.34,18.402,18.464,18.517,18.548,18.541,18.481,18.368,18.234,18.133,18.072,18.036,18.012,18.011,18.058,18.151,18.245,18.316,18.385,18.452,18.498,18.523,18.537,18.551,18.57,18.591,18.596,18.574,18.549,18.536,18.511,18.446,18.372,18.343,18.287,18.112,17.89,17.73,17.685,17.827,18.088,18.585,18.571,17.612,16.397,16.108,16.032,15.839,15.614,15.451,15.358,15.285,15.162
18.237,18.289,18.348,18.405,18.454,18.513,18.575,18.623,18.63,18.562,18.443,18.354,18.327,18.343,18.372,18.39,18.378,18.334,18.268,18.198,18.137,18.102,18.108,18.167,18.254,18.342,18.421,18.482,18.516,18.532,18.553,18.518,18.389,18.238,18.128,18.066,18.033,18.027,18.07,18.155,18.243,18.317,18.39,18.461,18.519,18.56,18.586,18.599,18.594,18.568,18.537,18.514,18.488,18.442,18.376,18.335,18.332,18.251,18.05,17.865,17.758,17.71,17.84,18.09,18.352,18.686,17.927,16.772,16.168,16.077,16.08,16.021,15.868,15.709,15.533,15.371
18.228,18.277,18.335,18.391,18.438,18.496,18.555,18.604,18.629,18.592,18.477,18.367,18.316,18.314,18.331,18.347,18.349,18.322,18.258,18.155,18.033,17.931,17.913,18.015,18.146,18.27,18.375,18.461,18.53,18.575,18.579,18.565,18.574,18.503,18.345,18.198,18.104,18.053,18.045,18.088,18.166,18.246,18.313,18.373,18.423,18.458,18.477,18.478,18.467,18.457,18.451,18.436,18.404,18.36,18.324,18.321,18.315,18.162,17.955,17.88,17.818,17.77,17.878,18.132,18.344,18.62,18.287,17.229,16.27,15.898,15.939,16.059,16.154,16.237,16.266,16.239
18.216,18.264,18.32,18.375,18.422,18.476,18.531,18.576,18.61,18.612,18.529,18.407,18.331,18.307,18.315,18.334,18.348,18.338,18.279,18.15,17.957,17.769,17.765,17.958,18.139,18.288,18.405,18.489,18.553,18.606,18.641,18.636,18.609,18.602,18.556,18.418,18.259,18.141,18.075,18.064,18.105,18.174,18.243,18.297,18.336,18.361,18.376,18.386,18.395,18.398,18.384,18.354,18.325,18.311,18.308,18.313,18.241,17.997,17.884,17.975,17.91,17.823,17.941,18.202,18.396,18.57,18.558,17.845,16.678,16.122,15.901,15.763,15.849,16.232,16.362,16.181
18.201,18.249,18.305,18.36,18.406,18.457,18.506,18.543,18.571,18.601,18.579,18.472,18.378,18.337,18.327,18.331,18.336,18.332,18.294,18.168,17.917,17.647,17.712,17.992,18.227,18.388,18.51,18.582,18.624,18.652,18.677,18.692,18.667,18.632,18.631,18.596,18.466,18.303,18.173,18.099,18.086,18.12,18.174,18.226,18.266,18.293,18.312,18.322,18.319,18.303,18.282,18.274,18.29,18.307,18.297,18.243,18.034,17.791,17.957,18.147,18.008,17.865,18.003,18.29,18.475,18.574,18.413,17.289,16.335,16.333,16.238,15.865,15.867,16.711,17.099,16.666
18.184,18.233,18.29,18.346,18.391,18.44,18.484,18.511,18.522,18.549,18.584,18.533,18.433,18.361,18.323,18.299,18.289,18.29,18.281,18.182,17.9,17.556,17.711,18.064,18.334,18.501,18.611,18.667,18.691,18.703,18.713,18.721,18.713,18.672,18.647,18.657,18.619,18.491,18.331,18.203,18.131,18.114,18.131,18.162,18.192,18.214,18.225,18.225,18.222,18.227,18.251,18.292,18.321,18.291,18.179,17.991,17.696,17.713,18.151,18.324,18.073,17.902,18.068,18.372,18.544,18.596,18.258,17.097,16.697,16.735,16.252,16.151,16.741,17.689,17.7,16.621
18.167,18.219,18.277,18.333,18.378,18.424,18.465,18.485,18.481,18.479,18.518,18.532,18.472,18.39,18.325,18.275,18.25,18.251,18.25,18.174,17.833,17.491,17.737,18.139,18.414,18.569,18.652,18.689,18.704,18.71,18.715,18.72,18.719,18.693,18.657,18.661,18.676,18.626,18.499,18.357,18.242,18.174,18.148,18.15,18.163,18.178,18.192,18.21,18.242,18.284,18.324,18.331,18.251,18.06,17.82,17.573,17.473,17.85,18.336,18.408,18.099,17.938,18.113,18.416,18.587,18.657,18.483,17.704,17.405,17.226,17.013,17.337,17.965,18.597,17.946,16.488
18.153,18.206,18.266,18.322,18.367,18.412,18.45,18.467,18.455,18.43,18.432,18.456,18.441,18.385,18.317,18.257,18.219,18.22,18.209,18.142,17.729,17.473,17.785,18.203,18.459,18.591,18.644,18.665,18.676,18.682,18.687,18.692,18.691,18.677,18.653,18.652,18.68,18.681,18.614,18.506,18.388,18.294,18.24,18.225,18.233,18.249,18.277,18.314,18.344,18.335,18.269,18.105,17.866,17.616,17.415,17.329,17.545,18.03,18.415,18.411,18.121,17.998,18.183,18.455,18.613,18.66,18.581,18.111,17.615,17.652,18.023,18.372,18.522,18.758,18.296,16.608
18.141,18.197,18.258,18.313,18.358,18.401,18.438,18.456,18.445,18.413,18.385,18.377,18.366,18.332,18.276,18.224,18.183,18.188,18.166,18.042,17.571,17.484,17.848,18.25,18.477,18.587,18.619,18.632,18.642,18.646,18.646,18.642,18.631,18.622,18.62,18.634,18.664,18.681,18.654,18.586,18.5,18.423,18.374,18.344,18.324,18.371,18.411,18.377,18.269,18.068,17.822,17.623,17.511,17.427,17.34,17.396,17.711,18.16,18.434,18.367,18.125,18.058,18.221,18.466,18.629,18.568,18.253,18.148,18.285,18.47,18.688,18.779,18.663,18.996,18.651,16.252
18.134,18.191,18.252,18.307,18.352,18.394,18.43,18.449,18.445,18.419,18.38,18.34,18.304,18.266,18.214,18.173,18.16,18.163,18.109,17.863,17.414,17.514,17.911,18.276,18.479,18.576,18.594,18.6,18.61,18.611,18.6,18.584,18.553,18.542,18.579,18.627,18.657,18.654,18.629,18.596,18.56,18.508,18.425,18.468,18.454,18.465,18.334,18.015,17.764,17.639,17.581,17.56,17.567,17.549,17.465,17.516,17.868,18.29,18.45,18.285,18.128,18.161,18.345,18.534,18.609,18.477,18.441,18.65,18.699,18.605,18.497,18.331,18.222,18.822,18.757,16.482
18.131,18.188,18.25,18.304,18.348,18.389,18.425,18.446,18.448,18.431,18.395,18.343,18.288,18.236,18.186,18.17,18.164,18.115,17.999,17.599,17.353,17.577,17.962,18.287,18.48,18.566,18.56,18.555,18.561,18.564,18.555,18.539,18.499,18.474,18.54,18.608,18.611,18.584,18.576,18.571,18.527,18.495,18.459,18.662,18.343,17.908,17.795,17.827,17.883,17.915,17.913,17.892,17.874,17.815,17.675,17.745,18.118,18.42,18.373,18.212,18.225,18.286,18.358,18.604,18.765,18.851,18.588,18.02,17.987,18.074,18.087,18.151,18.077,18.827,18.809,16.584
18.131,18.187,18.25,18.304,18.347,18.387,18.422,18.445,18.452,18.441,18.408,18.347,18.281,18.229,18.204,18.211,18.157,18.021,17.773,17.367,17.373,17.668,18.019,18.303,18.493,18.534,18.47,18.438,18.449,18.469,18.489,18.491,18.465,18.425,18.474,18.522,18.51,18.506,18.539,18.552,18.55,18.646,18.411,18.033,17.852,17.989,18.186,18.309,18.331,18.283,18.204,18.124,18.065,17.979,17.912,18.105,18.413,18.407,18.258,18.276,18.307,18.349,18.529,18.877,18.672,18.446,17.965,17.492,17.782,18.13,18.383,18.654,18.99,18.887,18.035,16.447
18.131,18.188,18.252,18.305,18.348,18.387,18.42,18.444,18.455,18.448,18.412,18.343,18.273,18.243,18.253,18.235,18.084,17.889,17.513,17.297,17.453,17.772,18.099,18.341,18.503,18.43,18.289,18.227,18.252,18.337,18.418,18.448,18.427,18.38,18.4,18.445,18.482,18.534,18.594,18.645,18.575,18.122,17.837,17.873,18.245,18.523,18.584,18.492,18.336,18.21,18.146,18.134,18.166,18.226,18.308,18.365,18.356,18.306,18.345,18.405,18.386,18.544,18.771,18.592,17.947,17.592,17.467,17.577,17.695,18.029,18.431,18.565,18.389,17.833,16.946,16.388
18.132,18.19,18.256,18.309,18.351,18.387,18.42,18.444,18.456,18.449,18.41,18.34,18.283,18.276,18.283,18.208,18.013,17.707,17.334,17.315,17.562,17.903,18.203,18.403,18.423,18.197,17.995,17.96,18.087,18.288,18.42,18.468,18.458,18.431,18.455,18.503,18.553,18.587,18.47,18.239,17.917,17.581,17.851,18.381,18.688,18.634,18.493,18.369,18.25,18.214,18.223,18.228,18.319,18.362,18.344,18.33,18.364,18.438,18.512,18.548,18.554,18.685,18.619,18.014,17.31,17.339,17.611,17.655,17.408,17.409,17.558,17.469,17.255,16.977,16.544,16.88
18.135,18.193,18.261,18.314,18.355,18.389,18.419,18.443,18.454,18.445,18.404,18.34,18.298,18.29,18.276,18.17,17.927,17.512,17.254,17.386,17.705,18.048,18.269,18.376,18.177,17.827,17.671,17.782,18.065,18.328,18.46,18.485,18.495,18.508,18.523,18.535,18.521,18.316,17.867,17.528,17.452,17.71,18.205,18.512,18.583,18.551,18.494,18.423,18.354,18.31,18.307,18.322,18.356,18.368,18.384,18.429,18.491,18.558,18.597,18.595,18.596,18.618,18.377,17.697,17.17,17.26,17.516,17.638,17.547,17.179,17.097,17.198,17.05,16.88,16.782,17.241
18.139,18.198,18.269,18.322,18.36,18.392,18.42,18.441,18.451,18.439,18.394,18.333,18.295,18.276,18.26,18.128,17.809,17.329,17.255,17.514,17.857,18.138,18.283,18.163,17.777,17.459,17.445,17.627,17.835,18.048,18.217,18.293,18.331,18.341,18.321,18.286,18.148,17.758,17.305,17.231,17.501,17.771,18.106,18.328,18.444,18.504,18.516,18.517,18.503,18.483,18.48,18.492,18.518,18.556,18.599,18.605,18.592,18.597,18.594,18.55,18.468,18.41,18.175,17.585,17.273,17.358,17.565,17.562,17.551,17.566,17.53,17.724,0,0,0,0
18.147,18.206,18.278,18.331,18.367,18.396,18.42,18.438,18.445,18.429,18.377,18.313,18.273,18.262,18.254,18.06,17.637,17.155,17.325,17.637,17.945,18.154,18.106,17.791,17.42,17.196,17.112,17.128,17.257,17.487,17.724,17.899,17.944,17.911,17.854,17.78,17.591,17.272,17.107,17.237,17.371,17.513,17.691,17.87,18.094,18.298,18.419,18.477,18.534,18.575,18.597,18.62,18.639,18.629,18.611,18.649,18.721,18.711,18.612,18.486,18.369,18.228,17.994,17.603,17.442,17.6,17.715,17.536,0,0,0,0,0,0,0,0
18.156,18.214,18.288,18.341,18.376,18.401,18.42,18.434,18.436,18.413,18.351,18.283,18.25,18.265,18.243,17.945,17.419,17.105,17.401,17.692,17.945,18.036,17.795,17.432,17.18,17.054,17.005,16.982,16.996,17.026,17.179,17.425,17.54,17.486,17.363,17.265,17.153,17.057,17.094,17.128,17.111,17.138,17.178,17.273,17.483,17.808,18.096,18.252,18.292,18.352,18.371,18.366,18.254,18.121,18.104,18.28,18.441,18.679,18.773,18.644,18.483,18.246,17.952,17.72,17.594,17.711,0,0,0,0,0,0,0,0,0,0
18.164,18.224,18.3,18.353,18.386,18.407,18.42,18.426,18.421,18.387,18.318,18.254,18.242,18.279,18.214,17.806,17.238,17.149,17.41,17.65,17.886,17.869,17.578,17.254,17.096,17.061,17.078,17.148,17.203,17.192,17.131,17.161,17.274,17.205,17.026,16.944,16.973,17.061,17.097,17.054,17.034,17.053,17.074,17.106,17.175,17.219,17.518,17.854,18.059,18.064,18.126,18.057,17.811,17.523,17.552,17.932,18.277,18.356,18.638,18.704,18.806,18.575,18.01,17.788,17.785,0,0,0,0,0,0,0,0,0,0,0
18.174,18.235,18.313,18.367,18.398,18.414,18.42,18.417,18.401,18.355,18.282,18.237,18.247,18.285,18.169,17.69,17.127,17.146,17.359,17.572,17.76,17.744,17.557,17.345,17.198,17.105,17.111,17.209,17.294,17.235,17.112,17.087,17.111,16.996,16.854,16.859,17.02,17.128,17.146,17.117,17.133,17.147,17.141,17.192,17.361,17.284,17.041,17.191,17.458,17.642,17.775,17.792,17.682,17.436,17.024,17.41,18.158,18.182,18.258,18.367,18.55,18.691,18.219,17.82,0,0,0,0,0,0,0,0,0,0,0,0
18.185,18.247,18.327,18.382,18.413,18.424,18.421,18.406,18.378,18.324,18.257,18.231,18.243,18.261,18.154,17.692,17.108,17.095,17.264,17.45,17.584,17.571,17.424,17.259,17.133,17.061,17.11,17.264,17.365,17.237,16.999,16.939,16.941,16.853,16.798,16.94,17.119,17.189,17.17,17.158,17.177,17.17,17.116,17.179,17.343,17.268,17.261,17.274,17.1,16.951,17.102,17.402,17.501,17.411,17.024,16.72,17.867,18.048,18.1,18.189,18.522,18.68,18.188,17.835,0,0,0,0,0,0,0,0,0,0,0,0
