19.462,19.466,19.46,19.44,19.41,19.373,19.345,19.338,19.34,19.35,19.356,19.385,19.454,19.465,19.47,19.47,19.476,19.493,19.519,19.547,19.573,19.589,19.597,19.598,19.596,19.589,19.577,19.558,19.534,19.505,19.474,19.44,19.406,19.37,19.335,19.302,19.272,19.247,19.224,19.202,19.18,19.165,19.147,19.127,19.105,19.082,19.056,19.041,19.031,19.007,18.96,18.937,18.93,18.927,18.925,18.922,18.918,18.916,18.924,18.923,18.902,18.893,18.886,18.877,18.865,18.847,18.823,18.79,18.766,18.63,18.571,18.436,18.239,18.008,17.778,17.578
19.459,19.453,19.443,19.425,19.399,19.371,19.347,19.333,19.33,19.342,19.366,19.386,19.419,19.441,19.455,19.465,19.476,19.492,19.513,19.536,19.557,19.572,19.581,19.584,19.582,19.576,19.565,19.549,19.527,19.5,19.469,19.436,19.402,19.368,19.334,19.302,19.273,19.246,19.223,19.202,19.182,19.164,19.143,19.121,19.097,19.072,19.048,19.029,19.025,19.006,18.981,18.965,18.956,18.95,18.946,18.943,18.939,18.936,18.934,18.921,18.908,18.9,18.889,18.874,18.854,18.827,18.792,18.743,18.677,18.587,18.469,18.305,18.115,17.915,17.726,17.561
19.464,19.456,19.446,19.428,19.403,19.373,19.343,19.32,19.311,19.325,19.358,19.387,19.425,19.453,19.468,19.476,19.485,19.501,19.522,19.544,19.565,19.58,19.588,19.59,19.587,19.579,19.566,19.548,19.526,19.499,19.468,19.435,19.401,19.367,19.333,19.302,19.273,19.247,19.224,19.203,19.183,19.164,19.144,19.122,19.099,19.075,19.054,19.036,19.03,19.019,19.003,18.989,18.98,18.974,18.969,18.965,18.961,18.957,18.944,18.932,18.926,18.919,18.908,18.892,18.871,18.843,18.805,18.753,18.681,18.584,18.469,18.306,18.115,17.915,17.726,17.561
19.468,19.46,19.449,19.433,19.407,19.374,19.335,19.301,19.284,19.298,19.34,19.379,19.426,19.458,19.474,19.479,19.484,19.498,19.521,19.547,19.57,19.586,19.596,19.599,19.596,19.588,19.574,19.555,19.531,19.502,19.471,19.437,19.403,19.369,19.336,19.305,19.276,19.251,19.228,19.207,19.188,19.169,19.15,19.13,19.109,19.088,19.069,19.051,19.037,19.038,19.026,19.014,19.005,18.999,18.993,18.989,18.985,18.977,18.959,18.954,18.95,18.943,18.933,18.919,18.899,18.873,18.837,18.789,18.723,18.631,18.508,18.363,18.17,17.958,17.753,17.576
19.47,19.461,19.451,19.437,19.414,19.379,19.332,19.283,19.252,19.264,19.314,19.362,19.417,19.456,19.473,19.475,19.474,19.483,19.508,19.539,19.566,19.585,19.598,19.604,19.604,19.597,19.584,19.564,19.539,19.51,19.478,19.445,19.411,19.377,19.345,19.314,19.286,19.261,19.238,19.217,19.199,19.181,19.163,19.145,19.126,19.108,19.09,19.074,19.059,19.047,19.045,19.041,19.033,19.026,19.021,19.016,19.009,18.99,18.987,18.985,18.982,18.977,18.969,18.956,18.938,18.914,18.882,18.84,18.783,18.703,18.592,18.449,18.259,18.029,17.799,17.599
19.468,19.459,19.45,19.438,19.421,19.388,19.336,19.272,19.222,19.224,19.281,19.337,19.401,19.448,19.467,19.468,19.46,19.461,19.486,19.524,19.558,19.578,19.593,19.604,19.609,19.606,19.594,19.575,19.55,19.52,19.488,19.455,19.422,19.389,19.358,19.328,19.3,19.275,19.253,19.233,19.215,19.198,19.181,19.164,19.147,19.131,19.115,19.101,19.087,19.075,19.064,19.055,19.056,19.055,19.052,19.04,19.027,19.025,19.024,19.024,19.023,19.02,19.014,19.004,18.987,18.964,18.935,18.898,18.85,18.786,18.694,18.56,18.384,18.138,17.872,17.635
19.46,19.452,19.444,19.435,19.421,19.395,19.346,19.27,19.2,19.186,19.245,19.308,19.379,19.437,19.455,19.458,19.444,19.436,19.457,19.506,19.547,19.565,19.579,19.595,19.608,19.612,19.605,19.588,19.562,19.532,19.499,19.465,19.433,19.401,19.37,19.342,19.315,19.291,19.27,19.25,19.232,19.215,19.2,19.184,19.169,19.155,19.142,19.13,19.119,19.109,19.1,19.092,19.085,19.079,19.075,19.072,19.071,19.071,19.072,19.074,19.076,19.076,19.072,19.062,19.045,19.022,18.993,18.958,18.917,18.867,18.799,18.695,18.529,18.299,17.993,17.696
19.449,19.443,19.436,19.428,19.416,19.394,19.351,19.276,19.189,19.154,19.211,19.279,19.353,19.424,19.437,19.444,19.428,19.411,19.425,19.482,19.536,19.55,19.56,19.575,19.599,19.616,19.617,19.603,19.577,19.545,19.511,19.476,19.443,19.412,19.382,19.355,19.33,19.307,19.286,19.268,19.25,19.235,19.22,19.207,19.194,19.182,19.172,19.163,19.156,19.15,19.145,19.14,19.136,19.132,19.13,19.129,19.13,19.133,19.137,19.142,19.146,19.146,19.14,19.127,19.108,19.083,19.054,19.02,18.981,18.937,18.888,18.826,18.713,18.505,18.2,17.822
19.438,19.432,19.425,19.418,19.407,19.387,19.347,19.279,19.188,19.133,19.183,19.256,19.328,19.412,19.424,19.429,19.409,19.389,19.393,19.452,19.521,19.537,19.546,19.556,19.574,19.612,19.631,19.623,19.596,19.562,19.525,19.49,19.456,19.424,19.395,19.368,19.344,19.323,19.304,19.287,19.271,19.257,19.244,19.233,19.223,19.215,19.209,19.206,19.205,19.206,19.207,19.208,19.209,19.21,19.212,19.214,19.218,19.222,19.226,19.228,19.224,19.211,19.191,19.166,19.139,19.115,19.093,19.069,19.039,18.999,18.954,18.916,18.876,18.759,18.5,18.09
19.426,19.42,19.413,19.406,19.396,19.376,19.338,19.274,19.187,19.121,19.162,19.246,19.304,19.397,19.421,19.42,19.396,19.364,19.369,19.421,19.498,19.525,19.537,19.559,19.548,19.583,19.64,19.648,19.619,19.579,19.54,19.503,19.468,19.436,19.408,19.382,19.36,19.34,19.323,19.307,19.293,19.281,19.272,19.265,19.261,19.261,19.264,19.269,19.277,19.287,19.296,19.304,19.31,19.314,19.314,19.312,19.307,19.298,19.282,19.255,19.216,19.166,19.112,19.065,19.031,19.016,19.015,19.024,19.033,19.031,19.01,18.975,18.957,18.939,18.825,18.506
19.415,19.407,19.4,19.394,19.384,19.364,19.328,19.267,19.184,19.115,19.147,19.235,19.285,19.379,19.42,19.412,19.39,19.335,19.351,19.403,19.472,19.513,19.53,19.542,19.561,19.546,19.617,19.671,19.646,19.596,19.55,19.511,19.476,19.444,19.417,19.393,19.373,19.356,19.341,19.329,19.32,19.315,19.314,19.317,19.324,19.332,19.343,19.355,19.366,19.373,19.373,19.362,19.343,19.317,19.284,19.245,19.201,19.15,19.09,19.021,18.947,18.874,18.813,18.77,18.75,18.752,18.774,18.817,18.874,18.933,18.977,18.99,18.988,18.99,18.945,18.836
19.403,19.395,19.387,19.38,19.371,19.351,19.316,19.259,19.181,19.113,19.136,19.22,19.278,19.361,19.417,19.406,19.378,19.315,19.336,19.398,19.455,19.495,19.524,19.535,19.567,19.538,19.575,19.666,19.678,19.628,19.575,19.533,19.497,19.465,19.438,19.416,19.399,19.385,19.375,19.369,19.367,19.37,19.377,19.384,19.391,19.399,19.402,19.395,19.37,19.324,19.254,19.167,19.078,18.994,18.914,18.842,18.778,18.72,18.67,18.629,18.601,18.585,18.579,18.58,18.586,18.595,18.611,18.638,18.687,18.758,18.841,18.913,18.955,18.983,18.966,18.88
19.39,19.381,19.373,19.367,19.357,19.337,19.303,19.25,19.179,19.115,19.127,19.207,19.271,19.343,19.41,19.405,19.361,19.308,19.329,19.401,19.442,19.472,19.518,19.54,19.535,19.533,19.54,19.634,19.687,19.673,19.63,19.587,19.55,19.518,19.491,19.468,19.45,19.437,19.429,19.425,19.426,19.429,19.43,19.427,19.424,19.41,19.353,19.237,19.098,18.953,18.801,18.685,18.592,18.527,18.485,18.461,18.451,18.452,18.46,18.468,18.463,18.474,18.483,18.493,18.505,18.518,18.532,18.546,18.569,18.615,18.688,18.779,18.859,18.92,18.935,18.878
19.378,19.368,19.36,19.353,19.342,19.323,19.291,19.242,19.179,19.12,19.12,19.196,19.26,19.327,19.4,19.409,19.35,19.304,19.33,19.404,19.426,19.447,19.507,19.541,19.502,19.51,19.497,19.577,19.659,19.694,19.686,19.655,19.621,19.589,19.56,19.533,19.511,19.493,19.481,19.473,19.468,19.458,19.448,19.428,19.358,19.213,18.989,18.722,18.545,18.437,18.373,18.332,18.302,18.28,18.272,18.276,18.291,18.312,18.337,18.363,18.388,18.409,18.407,18.419,18.431,18.445,18.465,18.484,18.502,18.529,18.577,18.654,18.741,18.823,18.868,18.84
19.365,19.355,19.345,19.338,19.327,19.309,19.278,19.235,19.182,19.128,19.113,19.183,19.249,19.316,19.386,19.415,19.353,19.302,19.327,19.401,19.411,19.418,19.481,19.545,19.533,19.49,19.48,19.553,19.637,19.691,19.708,19.695,19.669,19.639,19.608,19.578,19.551,19.527,19.508,19.492,19.472,19.45,19.419,19.291,18.946,18.575,18.419,18.344,18.288,18.235,18.179,18.127,18.093,18.083,18.101,18.144,18.202,18.265,18.326,18.378,18.421,18.444,18.456,18.465,18.465,18.457,18.45,18.451,18.462,18.48,18.512,18.567,18.64,18.726,18.788,18.78
19.349,19.339,19.33,19.322,19.312,19.294,19.267,19.23,19.187,19.137,19.106,19.168,19.237,19.31,19.373,19.419,19.366,19.305,19.316,19.391,19.401,19.392,19.433,19.524,19.572,19.564,19.568,19.611,19.658,19.688,19.697,19.689,19.67,19.645,19.615,19.586,19.556,19.53,19.503,19.475,19.462,19.391,19.091,18.703,18.471,18.337,18.278,18.223,18.146,18.057,17.974,17.923,17.924,17.976,18.068,18.181,18.295,18.394,18.477,18.525,18.568,18.597,18.611,18.61,18.594,18.564,18.527,18.491,18.465,18.458,18.474,18.515,18.573,18.651,18.716,18.718
19.331,19.322,19.313,19.305,19.296,19.28,19.256,19.226,19.193,19.144,19.097,19.15,19.225,19.307,19.362,19.419,19.382,19.316,19.3,19.377,19.397,19.38,19.383,19.455,19.543,19.596,19.623,19.642,19.654,19.658,19.656,19.648,19.635,19.615,19.592,19.566,19.539,19.508,19.482,19.46,19.326,18.988,18.596,18.371,18.315,18.3,18.259,18.183,18.076,17.956,17.864,17.838,17.893,18.018,18.183,18.349,18.485,18.57,18.64,18.689,18.721,18.742,18.753,18.754,18.742,18.71,18.656,18.589,18.524,18.474,18.459,18.484,18.532,18.603,18.661,18.667
19.311,19.303,19.295,19.288,19.28,19.266,19.247,19.223,19.198,19.149,19.086,19.128,19.211,19.304,19.355,19.415,19.394,19.329,19.292,19.36,19.394,19.381,19.36,19.39,19.455,19.509,19.55,19.575,19.585,19.588,19.59,19.59,19.586,19.574,19.557,19.535,19.508,19.487,19.445,19.267,18.917,18.556,18.365,18.35,18.406,18.422,18.381,18.273,18.109,17.939,17.833,17.838,17.954,18.141,18.35,18.522,18.62,18.686,18.724,18.748,18.765,18.779,18.79,18.8,18.806,18.798,18.762,18.696,18.609,18.524,18.468,18.47,18.509,18.576,18.625,18.636
19.29,19.283,19.277,19.271,19.264,19.253,19.238,19.22,19.203,19.153,19.075,19.102,19.195,19.301,19.351,19.411,19.401,19.339,19.294,19.347,19.385,19.378,19.355,19.362,19.404,19.438,19.462,19.482,19.492,19.501,19.512,19.525,19.533,19.532,19.522,19.505,19.487,19.434,19.238,18.882,18.535,18.387,18.43,18.553,18.63,18.631,18.544,18.362,18.127,17.922,17.826,17.867,18.03,18.261,18.486,18.62,18.687,18.709,18.722,18.738,18.754,18.768,18.779,18.791,18.806,18.82,18.814,18.771,18.687,18.583,18.494,18.467,18.497,18.564,18.605,18.623
19.268,19.264,19.258,19.254,19.248,19.24,19.229,19.218,19.206,19.158,19.065,19.075,19.176,19.295,19.35,19.408,19.404,19.341,19.299,19.34,19.372,19.367,19.351,19.346,19.367,19.389,19.4,19.408,19.412,19.42,19.435,19.457,19.48,19.494,19.494,19.486,19.435,19.247,18.898,18.549,18.412,18.497,18.673,18.784,18.802,18.749,18.608,18.383,18.129,17.929,17.846,17.911,18.109,18.369,18.575,18.681,18.693,18.689,18.706,18.736,18.761,18.776,18.782,18.783,18.794,18.816,18.83,18.811,18.741,18.633,18.525,18.469,18.493,18.563,18.597,18.631
19.248,19.245,19.24,19.237,19.233,19.228,19.221,19.215,19.21,19.165,19.058,19.045,19.152,19.288,19.349,19.408,19.407,19.341,19.298,19.338,19.361,19.357,19.349,19.34,19.342,19.347,19.348,19.349,19.35,19.354,19.37,19.4,19.436,19.465,19.479,19.448,19.286,18.955,18.597,18.426,18.529,18.735,18.859,18.866,18.838,18.77,18.626,18.411,18.171,17.972,17.882,17.953,18.171,18.427,18.628,18.692,18.671,18.669,18.709,18.759,18.789,18.802,18.802,18.787,18.782,18.805,18.833,18.831,18.774,18.664,18.546,18.472,18.499,18.574,18.601,18.643
19.23,19.227,19.223,19.22,19.218,19.216,19.213,19.212,19.213,19.174,19.055,19.016,19.123,19.279,19.349,19.408,19.409,19.344,19.294,19.338,19.361,19.359,19.351,19.339,19.33,19.322,19.316,19.312,19.31,19.314,19.331,19.364,19.411,19.456,19.461,19.341,19.041,18.674,18.464,18.534,18.747,18.882,18.864,18.834,18.82,18.763,18.643,18.458,18.234,18.026,17.919,17.979,18.192,18.444,18.635,18.685,18.657,18.664,18.724,18.786,18.818,18.82,18.805,18.792,18.778,18.801,18.838,18.844,18.787,18.671,18.548,18.47,18.52,18.592,18.613,18.614
19.214,19.21,19.206,19.205,19.205,19.205,19.205,19.208,19.214,19.183,19.054,18.986,19.091,19.267,19.349,19.406,19.408,19.351,19.291,19.337,19.367,19.366,19.357,19.342,19.327,19.315,19.305,19.298,19.296,19.3,19.318,19.356,19.414,19.456,19.395,19.145,18.776,18.512,18.513,18.723,18.871,18.838,18.776,18.771,18.758,18.714,18.628,18.483,18.287,18.086,17.96,17.983,18.164,18.407,18.612,18.678,18.654,18.659,18.724,18.799,18.833,18.816,18.78,18.764,18.773,18.816,18.853,18.849,18.778,18.653,18.527,18.472,18.557,18.613,18.631,18.597
19.198,19.194,19.19,19.19,19.192,19.194,19.197,19.203,19.212,19.189,19.053,18.958,19.057,19.254,19.349,19.398,19.402,19.36,19.292,19.329,19.367,19.354,19.342,19.335,19.32,19.308,19.303,19.299,19.299,19.309,19.333,19.379,19.434,19.423,19.242,18.898,18.586,18.511,18.682,18.85,18.828,18.717,18.665,18.633,18.606,18.585,18.543,18.457,18.319,18.15,18.01,17.978,18.098,18.318,18.551,18.663,18.657,18.646,18.701,18.786,18.84,18.838,18.807,18.795,18.82,18.858,18.87,18.834,18.738,18.605,18.499,18.501,18.602,18.632,18.641,18.58
19.18,19.177,19.175,19.176,19.179,19.183,19.188,19.197,19.209,19.191,19.047,18.929,19.023,19.24,19.351,19.387,19.388,19.362,19.3,19.315,19.35,19.297,19.273,19.285,19.276,19.271,19.287,19.304,19.315,19.335,19.369,19.413,19.423,19.304,19.014,18.682,18.527,18.622,18.81,18.818,18.668,18.542,18.449,18.381,18.354,18.358,18.366,18.355,18.302,18.2,18.075,17.993,18.026,18.187,18.433,18.617,18.662,18.637,18.657,18.737,18.82,18.865,18.873,18.873,18.88,18.88,18.848,18.773,18.661,18.547,18.498,18.562,18.633,18.62,18.581,18.433
19.162,19.161,19.16,19.163,19.167,19.172,19.179,19.19,19.203,19.188,19.034,18.897,18.99,19.227,19.352,19.374,19.369,19.353,19.305,19.292,19.287,19.175,19.143,19.168,19.169,19.184,19.236,19.29,19.325,19.358,19.395,19.405,19.323,19.094,18.782,18.571,18.587,18.742,18.806,18.651,18.447,18.272,18.13,18.047,18.02,18.038,18.086,18.144,18.187,18.187,18.132,18.045,17.996,18.062,18.252,18.499,18.642,18.646,18.622,18.657,18.733,18.802,18.845,18.859,18.851,18.819,18.757,18.669,18.576,18.52,18.545,18.616,18.619,18.563,18.455,18.297
19.149,19.147,19.147,19.15,19.155,19.161,19.17,19.183,19.197,19.18,19.013,18.863,18.958,19.216,19.348,19.358,19.346,19.331,19.284,19.225,19.137,19.014,19.011,19.035,19.05,19.096,19.176,19.256,19.312,19.351,19.363,19.301,19.123,18.855,18.628,18.578,18.692,18.784,18.656,18.397,18.142,17.928,17.782,17.698,17.667,17.678,17.729,17.817,17.929,18.037,18.103,18.099,18.038,17.993,18.059,18.286,18.536,18.65,18.63,18.604,18.631,18.677,18.715,18.734,18.726,18.691,18.635,18.575,18.539,18.553,18.603,18.615,18.558,18.47,18.341,18.257
19.136,19.135,19.134,19.138,19.143,19.151,19.161,19.176,19.19,19.167,18.984,18.824,18.925,19.201,19.334,19.332,19.306,19.272,19.195,19.075,18.947,18.891,18.915,18.936,18.978,19.054,19.137,19.209,19.259,19.277,19.235,19.1,18.885,18.676,18.59,18.655,18.745,18.666,18.387,18.066,17.798,17.617,17.513,17.458,17.429,17.414,17.421,17.468,17.568,17.719,17.894,18.035,18.087,18.041,17.982,18.045,18.293,18.554,18.653,18.619,18.589,18.596,18.607,18.611,18.603,18.584,18.56,18.55,18.568,18.602,18.607,18.556,18.476,18.389,18.332,18.288
19.126,19.123,19.123,19.126,19.133,19.142,19.153,19.17,19.183,19.149,18.951,18.781,18.889,19.18,19.3,19.282,19.225,19.144,19.031,18.889,18.805,18.807,18.817,18.856,18.922,19,19.069,19.121,19.145,19.121,19.028,18.869,18.7,18.608,18.635,18.709,18.67,18.406,18.041,17.729,17.543,17.472,17.466,17.477,17.467,17.426,17.362,17.305,17.289,17.354,17.517,17.751,17.976,18.09,18.054,17.964,18.006,18.273,18.557,18.652,18.613,18.584,18.578,18.57,18.561,18.558,18.566,18.585,18.605,18.597,18.546,18.468,18.394,18.346,18.368,18.338
19.116,19.111,19.111,19.115,19.122,19.132,19.146,19.164,19.175,19.127,18.915,18.736,18.843,19.131,19.24,19.194,19.097,18.959,18.815,18.722,18.703,18.712,18.736,18.785,18.842,18.902,18.952,18.981,18.975,18.919,18.815,18.695,18.62,18.629,18.683,18.664,18.435,18.062,17.72,17.538,17.522,17.605,17.714,17.789,17.799,17.745,17.635,17.483,17.319,17.202,17.196,17.344,17.626,17.933,18.114,18.085,17.945,17.939,18.223,18.545,18.642,18.602,18.577,18.574,18.576,18.585,18.595,18.599,18.58,18.528,18.452,18.383,18.339,18.34,18.355,18.335
19.105,19.098,19.098,19.102,19.11,19.122,19.137,19.156,19.165,19.102,18.878,18.689,18.784,19.056,19.155,19.073,18.909,18.754,18.658,18.633,18.643,18.653,18.679,18.709,18.744,18.783,18.814,18.823,18.798,18.741,18.67,18.622,18.626,18.663,18.651,18.461,18.112,17.756,17.566,17.599,17.774,17.977,18.133,18.215,18.222,18.165,18.053,17.878,17.642,17.382,17.171,17.094,17.225,17.549,17.925,18.162,18.144,17.926,17.832,18.149,18.524,18.621,18.579,18.551,18.558,18.571,18.571,18.548,18.5,18.435,18.373,18.341,18.342,18.348,18.322,18.298
19.091,19.084,19.084,19.088,19.097,19.109,19.126,19.147,19.152,19.077,18.846,18.643,18.71,18.952,19.029,18.913,18.737,18.619,18.586,18.598,18.606,18.622,18.631,18.642,18.66,18.683,18.698,18.694,18.67,18.636,18.615,18.621,18.645,18.633,18.476,18.169,17.82,17.612,17.66,17.898,18.167,18.383,18.509,18.563,18.549,18.491,18.402,18.247,18.021,17.723,17.399,17.126,17.028,17.191,17.566,17.973,18.233,18.223,17.893,17.69,18.063,18.489,18.602,18.55,18.504,18.5,18.49,18.461,18.412,18.362,18.333,18.342,18.374,18.375,18.332,18.289
19.075,19.068,19.069,19.073,19.081,19.095,19.114,19.136,19.138,19.056,18.82,18.6,18.624,18.819,18.874,18.761,18.616,18.552,18.561,18.571,18.583,18.585,18.585,18.59,18.602,18.615,18.621,18.617,18.607,18.603,18.612,18.626,18.611,18.481,18.222,17.899,17.672,17.694,17.949,18.259,18.511,18.698,18.796,18.812,18.776,18.716,18.629,18.503,18.327,18.05,17.688,17.299,17.017,17.002,17.294,17.733,18.061,18.322,18.348,17.778,17.522,17.982,18.448,18.608,18.542,18.459,18.422,18.387,18.352,18.322,18.318,18.35,18.396,18.394,18.339,18.272
19.058,19.052,19.053,19.057,19.065,19.08,19.101,19.123,19.122,19.04,18.806,18.566,18.535,18.674,18.716,18.631,18.536,18.518,18.544,18.551,18.555,18.552,18.553,18.558,18.567,18.576,18.581,18.583,18.588,18.599,18.616,18.583,18.476,18.265,17.982,17.746,17.717,17.946,18.273,18.559,18.781,18.915,18.963,18.95,18.914,18.868,18.796,18.686,18.532,18.313,17.956,17.503,17.084,16.896,17.095,17.633,17.984,18.16,18.468,18.417,17.533,17.448,17.893,18.375,18.599,18.533,18.442,18.391,18.344,18.317,18.318,18.359,18.406,18.373,18.3,18.214
19.041,19.036,19.036,19.04,19.049,19.065,19.087,19.109,19.107,19.031,18.807,18.545,18.456,18.538,18.571,18.522,18.476,18.488,18.522,18.529,18.533,18.533,18.536,18.542,18.549,18.557,18.564,18.577,18.59,18.584,18.552,18.463,18.295,18.061,17.833,17.75,17.915,18.231,18.535,18.783,18.945,19.023,19.032,19.008,18.988,18.966,18.913,18.81,18.661,18.473,18.152,17.667,17.176,16.86,16.924,17.533,18.043,18.149,18.299,18.665,18.103,17.39,17.426,17.763,18.211,18.546,18.565,18.463,18.397,18.358,18.357,18.403,18.397,18.301,18.209,18.105
19.026,19.021,19.02,19.023,19.032,19.048,19.071,19.093,19.094,19.029,18.824,18.544,18.4,18.423,18.449,18.432,18.426,18.457,18.491,18.512,18.52,18.525,18.531,18.536,18.543,18.562,18.567,18.564,18.552,18.518,18.445,18.315,18.13,17.927,17.804,17.883,18.156,18.465,18.734,18.918,19.02,19.054,19.044,19.032,19.041,19.042,18.992,18.884,18.72,18.564,18.26,17.738,17.214,16.844,16.844,17.483,18.046,18.201,18.295,18.562,18.63,17.73,17.347,17.388,17.579,17.892,18.287,18.474,18.494,18.447,18.442,18.462,18.364,18.189,18.076,17.951
19.012,19.007,19.004,19.006,19.013,19.029,19.052,19.076,19.081,19.031,18.854,18.567,18.379,18.341,18.355,18.359,18.38,18.429,18.471,18.497,18.51,18.52,18.529,18.539,18.549,18.547,18.539,18.521,18.487,18.427,18.329,18.19,18.023,17.884,17.876,18.067,18.367,18.647,18.865,18.992,19.049,19.058,19.048,19.052,19.086,19.099,19.028,18.89,18.713,18.575,18.269,17.709,17.183,16.792,16.81,17.54,18.067,18.156,18.307,18.536,18.695,18.143,17.572,17.388,17.378,17.442,17.638,18.004,18.356,18.487,18.451,18.467,18.303,18.047,17.916,17.764
19.001,18.994,18.99,18.988,18.992,19.007,19.031,19.059,19.069,19.033,18.894,18.616,18.399,18.302,18.292,18.306,18.343,18.404,18.457,18.482,18.5,18.517,18.538,18.538,18.529,18.516,18.496,18.463,18.412,18.338,18.237,18.11,17.98,17.91,17.987,18.222,18.505,18.768,18.946,19.035,19.063,19.061,19.053,19.064,19.114,19.117,19.005,18.821,18.658,18.515,18.161,17.571,17.08,16.712,16.812,17.651,18.074,18.062,18.162,18.351,18.443,18.241,17.745,17.507,17.497,17.539,17.564,17.622,17.932,18.288,18.257,18.389,18.19,17.881,17.741,17.562
18.992,18.984,18.977,18.971,18.971,18.983,19.01,19.044,19.057,19.033,18.938,18.689,18.461,18.318,18.27,18.281,18.321,18.384,18.443,18.473,18.5,18.518,18.525,18.517,18.5,18.477,18.445,18.401,18.344,18.271,18.182,18.081,17.987,17.955,18.057,18.287,18.556,18.811,18.984,19.066,19.086,19.083,19.076,19.093,19.119,19.057,18.888,18.69,18.568,18.384,17.933,17.352,16.924,16.62,16.877,17.802,18.029,17.89,17.884,17.908,17.91,17.819,17.594,17.591,17.651,17.678,17.691,17.636,17.709,18.008,18.074,18.286,18.024,17.7,17.555,17.354
18.983,18.974,18.966,18.956,18.952,18.961,18.991,19.03,19.047,19.03,18.977,18.778,18.553,18.389,18.295,18.285,18.315,18.366,18.422,18.46,18.482,18.498,18.507,18.5,18.478,18.448,18.409,18.362,18.305,18.241,18.169,18.093,18.023,17.992,18.057,18.236,18.466,18.714,18.917,19.044,19.102,19.123,19.125,19.105,19.025,18.86,18.668,18.54,18.425,18.114,17.59,17.094,16.761,16.56,17.033,17.956,17.934,17.674,17.532,17.457,17.459,17.516,17.658,17.799,17.863,17.855,17.809,17.729,17.698,17.837,18.044,18.171,17.818,17.514,17.368,17.192
18.974,18.964,18.954,18.942,18.934,18.942,18.974,19.018,19.037,19.023,19.005,18.87,18.662,18.501,18.361,18.311,18.318,18.348,18.392,18.43,18.456,18.476,18.49,18.49,18.473,18.445,18.411,18.371,18.327,18.276,18.22,18.159,18.098,18.05,18.041,18.107,18.255,18.427,18.621,18.778,18.874,18.907,18.882,18.8,18.669,18.537,18.468,18.376,18.126,17.685,17.206,16.871,16.641,16.587,17.297,18.066,17.792,17.482,17.347,17.404,17.571,17.745,17.916,18.002,17.975,17.884,17.781,17.688,17.647,17.79,18.095,17.993,17.586,17.335,17.193,17.108
18.962,18.95,18.939,18.926,18.918,18.925,18.959,19.006,19.028,19.013,19.018,18.95,18.775,18.633,18.468,18.361,18.332,18.335,18.359,18.392,18.422,18.446,18.466,18.475,18.47,18.457,18.44,18.421,18.401,18.376,18.344,18.303,18.254,18.2,18.151,18.117,18.122,18.164,18.233,18.309,18.369,18.402,18.406,18.395,18.387,18.372,18.279,18.023,17.609,17.186,16.917,16.763,16.609,16.736,17.629,18.091,17.627,17.365,17.368,17.534,17.68,17.802,17.929,17.984,17.928,17.796,17.674,17.633,17.724,17.977,18.031,17.71,17.355,17.189,17.147,17.244
18.946,18.934,18.922,18.909,18.899,18.906,18.941,18.992,19.02,19.002,19.016,19.006,18.878,18.767,18.621,18.459,18.379,18.352,18.352,18.37,18.394,18.419,18.443,18.461,18.469,18.471,18.473,18.478,18.484,18.477,18.475,18.467,18.448,18.422,18.403,18.363,18.327,18.303,18.295,18.302,18.321,18.347,18.368,18.363,18.292,18.107,17.786,17.379,17.029,16.88,16.861,16.779,16.651,16.999,17.944,18.011,17.478,17.325,17.399,17.466,17.516,17.648,17.793,17.913,17.945,17.893,17.84,17.864,17.955,17.957,17.732,17.4,17.192,17.158,17.22,17.382
18.928,18.916,18.903,18.889,18.877,18.883,18.918,18.976,19.012,18.994,19.004,19.033,18.958,18.875,18.802,18.638,18.506,18.441,18.414,18.41,18.422,18.446,18.475,18.5,18.521,18.54,18.55,18.581,18.605,18.617,18.616,18.608,18.598,18.586,18.572,18.554,18.534,18.512,18.487,18.459,18.419,18.337,18.2,17.984,17.684,17.332,17.005,16.808,16.817,16.977,17.027,16.831,16.74,17.349,18.163,17.855,17.371,17.3,17.317,17.296,17.31,17.387,17.521,17.675,17.807,17.874,17.888,17.866,17.782,17.605,17.368,17.198,17.148,17.216,17.351,17.459
18.909,18.897,18.884,18.868,18.855,18.856,18.891,18.957,19.006,18.988,18.987,19.037,19.003,18.938,18.943,18.859,18.724,18.63,18.577,18.553,18.554,18.572,18.603,18.638,18.661,18.693,18.704,18.685,18.64,18.588,18.534,18.479,18.44,18.392,18.335,18.276,18.216,18.142,18.042,17.905,17.724,17.5,17.243,16.981,16.77,16.664,16.689,16.86,17.136,17.319,17.193,16.85,16.932,17.736,18.252,17.692,17.303,17.274,17.256,17.215,17.186,17.161,17.183,17.261,17.37,17.46,17.48,17.445,17.361,17.236,17.146,17.138,17.18,17.27,17.398,17.488
18.89,18.878,18.865,18.85,18.834,18.829,18.86,18.934,18.998,18.988,18.97,19.026,19.024,18.965,19.003,19.019,18.942,18.856,18.789,18.747,18.73,18.739,18.752,18.777,18.765,18.7,18.59,18.469,18.348,18.265,18.162,18.023,17.862,17.682,17.507,17.35,17.214,17.075,16.929,16.785,16.647,16.531,16.473,16.509,16.651,16.874,17.12,17.361,17.565,17.546,17.201,16.88,17.262,18.089,18.251,17.573,17.285,17.328,17.387,17.449,17.453,17.358,17.229,17.117,17.061,17.057,17.071,17.073,17.066,17.071,17.095,17.133,17.192,17.318,17.548,17.97
18.871,18.86,18.848,18.833,18.817,18.805,18.829,18.906,18.988,18.993,18.958,19.007,19.034,18.985,19.008,19.06,19.036,18.977,18.912,18.863,18.844,18.847,18.837,18.774,18.65,18.491,18.292,18.099,17.958,17.877,17.749,17.522,17.227,16.943,16.733,16.588,16.496,16.429,16.387,16.371,16.38,16.469,16.684,16.969,17.259,17.509,17.694,17.805,17.847,17.661,17.176,17.028,17.661,18.34,18.191,17.492,17.306,17.472,17.722,17.956,18.018,17.946,17.816,17.62,17.425,17.259,17.148,17.102,17.107,17.143,17.2,17.276,17.418,17.61,17.805,18.12
18.853,18.841,18.83,18.817,18.802,18.786,18.798,18.87,18.97,19.001,18.958,18.985,19.044,19.013,18.994,19.039,19.03,18.989,18.95,18.924,18.916,18.903,18.858,18.755,18.621,18.478,18.277,18.037,17.836,17.649,17.405,17.081,16.75,16.536,16.441,16.416,16.42,16.437,16.46,16.489,16.604,16.877,17.236,17.583,17.86,18.054,18.139,18.121,18.045,17.72,17.142,17.277,18.014,18.484,18.121,17.448,17.367,17.675,18.03,18.248,18.25,18.217,18.219,18.207,18.143,18.003,17.817,17.644,17.54,17.477,17.494,17.584,17.724,17.73,17.413,17.481
18.834,18.822,18.811,18.8,18.786,18.769,18.767,18.826,18.939,19.01,18.972,18.963,19.033,19.043,18.994,18.996,18.994,18.954,18.936,18.927,18.925,18.907,18.797,18.623,18.641,18.679,18.447,18.106,17.841,17.494,17.022,16.601,16.376,16.325,16.36,16.402,16.438,16.468,16.476,16.543,16.868,17.331,17.763,18.108,18.35,18.518,18.538,18.412,18.198,17.665,17.12,17.553,18.217,18.537,18.072,17.431,17.439,17.835,18.173,18.231,18.118,18.097,18.136,18.193,18.248,18.281,18.289,18.258,18.216,18.189,18.162,18.233,18.359,18.028,17.058,16.669
18.813,18.802,18.791,18.781,18.77,18.753,18.739,18.773,18.888,19.01,19.004,18.956,18.998,19.058,19.05,18.995,18.978,18.931,18.909,18.917,18.93,18.857,18.632,18.419,18.57,18.65,18.378,17.985,17.682,17.15,16.5,16.203,16.195,16.278,16.349,16.364,16.393,16.474,16.559,16.801,17.3,17.828,18.205,18.469,18.67,18.825,18.788,18.557,18.154,17.343,17.218,17.815,18.332,18.557,18.064,17.435,17.497,17.933,18.198,18.134,18.017,18.02,18.057,18.13,18.226,18.302,18.332,18.339,18.355,18.346,18.303,18.434,18.727,18.157,16.633,15.577
18.79,18.779,18.769,18.76,18.751,18.736,18.714,18.719,18.818,18.985,19.047,18.981,18.97,19.033,19.085,19.072,19.017,18.958,18.925,18.955,18.96,18.851,18.647,18.456,18.52,18.427,18.208,17.906,17.336,16.61,16.111,16.11,16.185,16.227,16.283,16.401,16.578,16.692,16.776,17.104,17.69,18.168,18.384,18.514,18.665,18.794,18.704,18.34,17.69,17.111,17.466,17.973,18.379,18.564,18.101,17.455,17.53,17.98,18.171,18.045,17.936,17.932,17.953,18.014,18.143,18.282,18.258,18.253,18.345,18.433,18.414,18.429,18.722,18.337,16.611,15.29
18.765,18.755,18.745,18.737,18.73,18.716,18.689,18.667,18.735,18.923,19.072,19.038,18.977,18.988,19.056,19.117,19.1,19.059,19.008,19.017,19,18.953,18.835,18.726,18.786,18.782,18.459,17.827,16.95,16.277,16.107,16.152,16.132,16.236,16.444,16.71,16.841,16.746,16.83,17.287,17.938,18.264,18.31,18.39,18.464,18.45,18.224,17.823,17.426,17.403,17.752,18.078,18.419,18.568,18.177,17.491,17.534,17.986,18.137,17.984,17.871,17.869,17.89,17.919,18.06,18.314,18.22,18.122,18.198,18.349,18.411,18.497,18.737,18.462,17.329,16.033
18.738,18.73,18.719,18.712,18.705,18.691,18.66,18.618,18.657,18.834,19.04,19.095,19.027,18.977,19.003,19.096,19.148,19.13,19.105,19.085,19.069,19.084,19.058,19.024,19.087,19.108,18.558,17.586,16.75,16.326,16.324,16.306,16.342,16.522,16.799,16.992,16.792,16.656,16.842,17.381,18.01,18.237,18.225,18.222,18.201,18.151,18.079,18.023,18.053,18.167,18.23,18.332,18.502,18.574,18.272,17.553,17.515,17.963,18.113,17.963,17.851,17.857,17.886,17.871,17.999,18.342,18.233,17.946,18.024,18.266,18.345,18.55,18.787,18.505,16.815,15.448
18.71,18.702,18.692,18.685,18.677,18.662,18.627,18.573,18.589,18.735,18.948,19.095,19.091,19.019,18.962,19.008,19.145,19.168,19.166,19.156,19.148,19.173,19.126,19.017,19.028,19.039,18.447,17.414,16.831,16.768,16.851,16.86,16.872,16.969,17.138,17.08,16.635,16.558,16.737,17.313,17.948,18.221,18.185,18.198,18.279,18.385,18.506,18.607,18.698,18.676,18.61,18.589,18.576,18.563,18.351,17.635,17.48,17.913,18.103,17.986,17.883,17.882,17.937,17.877,17.96,18.33,18.255,17.698,17.904,18.14,18.147,18.518,17.962,16.906,15.103,14.911
18.681,18.673,18.663,18.656,18.648,18.632,18.594,18.534,18.529,18.635,18.819,19.008,19.105,19.087,18.994,18.926,19.038,19.186,19.188,19.201,19.209,19.188,19.028,18.905,18.938,18.752,18.086,17.361,17.258,17.508,17.59,17.546,17.511,17.5,17.455,17.076,16.557,16.364,16.531,17.078,17.762,18.191,18.243,18.301,18.419,18.466,18.526,18.596,18.596,18.587,18.595,18.624,18.555,18.526,18.416,17.749,17.447,17.813,18.088,18.05,17.961,17.956,18.025,17.933,17.938,18.346,18.275,17.434,17.791,17.777,17.44,17.105,15.981,14.808,14.715,15.034
18.649,18.642,18.632,18.625,18.616,18.6,18.564,18.504,18.477,18.536,18.672,18.856,19.024,19.107,19.065,18.918,18.886,19.088,19.204,19.207,19.21,19.121,18.897,18.947,18.897,18.473,17.94,17.645,17.827,18.111,18.137,18.078,18.042,17.957,17.719,17.098,16.515,16.205,16.267,16.704,17.396,17.999,18.189,18.11,18.053,18.012,18.088,18.269,18.413,18.518,18.559,18.556,18.525,18.561,18.485,17.877,17.452,17.671,18.009,18.107,18.068,18.077,18.076,17.928,17.928,18.371,18.322,17.228,17.537,17.139,15.846,15.304,14.683,14.441,14.453,14.588
18.616,18.608,18.599,18.592,18.583,18.569,18.538,18.484,18.438,18.452,18.529,18.676,18.861,19.031,19.097,18.986,18.795,18.825,19.077,19.162,19.128,18.986,18.914,18.984,18.806,18.305,17.943,17.982,18.18,18.305,18.267,18.271,18.249,18.179,17.922,17.283,16.662,16.215,16.076,16.292,16.874,17.6,17.979,17.853,17.716,17.72,17.782,17.893,18.073,18.314,18.491,18.565,18.64,18.671,18.525,17.999,17.517,17.574,17.806,18.01,18.08,18.115,17.994,17.857,17.989,18.401,18.381,17.126,17.08,17.25,15.087,14.205,14.338,14.291,14.164,14.177
18.579,18.572,18.564,18.557,18.549,18.537,18.514,18.471,18.417,18.395,18.419,18.505,18.659,18.857,19.025,19.053,18.862,18.664,18.731,18.918,18.985,18.958,18.977,18.985,18.741,18.232,18.016,18.156,18.183,18.231,18.231,18.247,18.229,18.208,18.077,17.685,17.121,16.582,16.204,16.065,16.349,17.062,17.743,17.802,17.623,17.636,17.641,17.646,17.77,18.076,18.391,18.576,18.661,18.642,18.47,18.071,17.625,17.548,17.627,17.749,17.85,17.875,17.765,17.868,18.112,18.442,18.401,17.139,16.587,17.376,15.319,14.833,14.614,14.485,14.444,14.406
18.538,18.532,18.526,18.519,18.512,18.502,18.486,18.456,18.408,18.365,18.353,18.381,18.472,18.632,18.84,19.007,19.002,18.781,18.636,18.739,18.867,18.936,18.962,18.979,18.772,18.25,18.092,18.248,18.188,18.193,18.21,18.202,18.18,18.177,18.199,18.113,17.722,17.194,16.756,16.295,16.076,16.49,17.345,17.81,17.592,17.677,17.736,17.694,17.742,17.996,18.292,18.493,18.563,18.521,18.378,18.115,17.78,17.648,17.615,17.633,17.666,17.692,17.825,18.062,18.273,18.451,18.309,17.221,16.449,17.203,15.779,15.395,15.229,15.032,14.771,14.672
18.494,18.49,18.484,18.478,18.472,18.465,18.454,18.435,18.4,18.354,18.321,18.317,18.348,18.435,18.597,18.808,18.981,18.972,18.758,18.689,18.8,18.885,18.914,18.979,18.87,18.366,18.127,18.319,18.298,18.273,18.256,18.258,18.243,18.208,18.227,18.289,18.09,17.669,17.39,16.923,16.291,16.104,16.797,17.617,17.596,17.657,17.798,17.704,17.706,17.973,18.203,18.351,18.434,18.427,18.349,18.236,18.114,18.046,18.003,17.994,18.009,18.058,18.181,18.299,18.357,18.383,18.072,17.451,16.372,16.147,15.768,15.381,0,0,0,0
18.448,18.445,18.441,18.435,18.43,18.424,18.417,18.405,18.385,18.352,18.313,18.292,18.296,18.327,18.407,18.561,18.772,18.951,18.91,18.688,18.68,18.825,18.874,18.964,18.969,18.625,18.213,18.261,18.32,18.276,18.264,18.268,18.271,18.225,18.181,18.253,18.172,17.862,17.758,17.475,16.805,16.131,16.301,17.177,17.718,17.594,17.746,17.606,17.461,17.647,17.811,17.842,17.818,17.784,17.758,17.747,17.689,17.586,17.677,17.926,18.099,18.231,18.321,18.329,18.286,18.175,17.602,17.099,0,0,0,0,0,0,0,0
18.403,18.401,18.397,18.391,18.386,18.382,18.378,18.371,18.359,18.34,18.315,18.289,18.277,18.289,18.325,18.401,18.542,18.751,18.942,18.869,18.652,18.671,18.788,18.884,18.987,18.892,18.536,18.329,18.283,18.277,18.281,18.285,18.297,18.282,18.216,18.242,18.159,17.941,17.963,17.866,17.213,16.441,16.045,16.57,17.506,17.887,17.837,17.587,16.955,16.834,16.94,16.981,16.911,16.911,16.881,16.866,16.878,16.797,17.064,17.596,18.012,18.179,18.216,18.194,18.104,17.673,0,0,0,0,0,0,0,0,0,0
18.362,18.36,18.355,18.35,18.345,18.342,18.339,18.335,18.326,18.309,18.287,18.268,18.257,18.269,18.304,18.346,18.418,18.544,18.761,18.957,18.845,18.616,18.648,18.746,18.844,18.944,18.862,18.643,18.473,18.395,18.369,18.352,18.339,18.32,18.257,18.255,18.159,17.996,18.116,18.187,17.625,16.751,16.118,16.149,17.098,18.097,18.084,17.731,16.477,15.852,15.874,15.822,15.85,16.108,16.461,16.779,16.859,16.733,16.892,17.51,18.088,18.183,18.148,18.125,18.081,0,0,0,0,0,0,0,0,0,0,0
18.324,18.321,18.317,18.311,18.307,18.303,18.3,18.295,18.284,18.258,18.226,18.208,18.214,18.245,18.293,18.341,18.391,18.465,18.579,18.802,18.977,18.827,18.618,18.615,18.663,18.76,18.885,18.883,18.785,18.676,18.598,18.544,18.49,18.418,18.31,18.259,18.164,18.044,18.187,18.377,17.957,17.006,16.266,16.04,16.664,17.659,17.878,17.453,16.225,15.935,16.067,15.812,15.682,15.811,16.203,16.719,16.891,16.884,17.135,17.633,18.188,18.15,18.129,17.996,0,0,0,0,0,0,0,0,0,0,0,0
18.29,18.286,18.281,18.275,18.27,18.266,18.261,18.252,18.232,18.191,18.155,18.157,18.189,18.226,18.271,18.332,18.394,18.462,18.533,18.651,18.865,18.948,18.801,18.645,18.611,18.638,18.73,18.852,18.906,18.888,18.842,18.785,18.715,18.604,18.423,18.271,18.143,18.066,18.158,18.37,18.033,17.046,16.267,15.957,16.241,17.095,17.527,17.117,16.29,16.679,16.635,16.407,16.099,15.694,15.703,16.466,16.846,16.993,17.199,17.528,18.056,18.209,18.07,17.761,0,0,0,0,0,0,0,0,0,0,0,0
