17.021,17.02,17.021,17.027,17.046,17.059,17.069,17.082,17.098,17.113,17.127,17.14,17.152,17.164,17.176,17.188,17.199,17.209,17.215,17.216,17.21,17.205,17.2,17.192,17.183,17.171,17.157,17.139,17.115,17.083,17.043,16.995,16.943,16.89,16.838,16.788,16.744,16.701,16.659,16.617,16.577,16.538,16.5,16.464,16.429,16.395,16.363,16.333,16.305,16.278,16.253,16.23,16.209,16.189,16.171,16.155,16.14,16.126,16.113,16.101,16.09,16.079,16.07,16.06,16.052,16.044,16.036,16.028,16.022,16.015,16.009,16.004,16,15.996,15.994,15.993
17.021,17.023,17.027,17.034,17.046,17.058,17.07,17.083,17.097,17.111,17.124,17.137,17.149,17.161,17.172,17.182,17.191,17.199,17.203,17.204,17.2,17.196,17.189,17.181,17.17,17.157,17.141,17.12,17.095,17.063,17.025,16.981,16.934,16.886,16.837,16.79,16.745,16.702,16.659,16.618,16.578,16.539,16.501,16.464,16.43,16.396,16.364,16.334,16.306,16.279,16.254,16.231,16.21,16.19,16.172,16.155,16.14,16.126,16.113,16.101,16.09,16.08,16.07,16.061,16.052,16.044,16.036,16.029,16.022,16.015,16.01,16.004,16,15.996,15.994,15.993
17.023,17.025,17.03,17.037,17.047,17.058,17.07,17.083,17.096,17.109,17.122,17.134,17.146,17.157,17.168,17.177,17.185,17.191,17.194,17.195,17.192,17.187,17.18,17.171,17.16,17.145,17.128,17.106,17.08,17.048,17.012,16.971,16.927,16.882,16.835,16.79,16.745,16.702,16.659,16.618,16.578,16.539,16.501,16.464,16.43,16.396,16.364,16.334,16.306,16.279,16.254,16.231,16.21,16.19,16.172,16.155,16.14,16.126,16.113,16.101,16.09,16.08,16.07,16.061,16.052,16.044,16.036,16.029,16.022,16.015,16.01,16.004,16,15.996,15.994,15.993
17.024,17.027,17.031,17.038,17.047,17.058,17.07,17.082,17.095,17.108,17.12,17.132,17.144,17.155,17.164,17.173,17.18,17.185,17.187,17.188,17.185,17.18,17.173,17.163,17.151,17.136,17.117,17.095,17.068,17.037,17.002,16.963,16.921,16.878,16.833,16.788,16.744,16.701,16.659,16.617,16.577,16.538,16.5,16.464,16.429,16.395,16.363,16.333,16.305,16.278,16.253,16.23,16.209,16.189,16.171,16.155,16.14,16.126,16.113,16.101,16.09,16.079,16.07,16.061,16.052,16.044,16.036,16.029,16.022,16.015,16.009,16.004,16,15.996,15.994,15.992
17.026,17.028,17.032,17.038,17.046,17.057,17.068,17.081,17.093,17.106,17.119,17.131,17.142,17.152,17.161,17.169,17.176,17.18,17.182,17.182,17.18,17.175,17.167,17.157,17.144,17.128,17.109,17.086,17.06,17.029,16.995,16.957,16.916,16.874,16.83,16.786,16.743,16.7,16.657,16.616,16.576,16.537,16.499,16.462,16.427,16.393,16.362,16.331,16.303,16.276,16.252,16.229,16.207,16.188,16.17,16.153,16.138,16.124,16.112,16.1,16.089,16.079,16.069,16.06,16.051,16.043,16.036,16.028,16.021,16.015,16.009,16.004,15.999,15.995,15.993,15.991
17.027,17.028,17.032,17.037,17.044,17.054,17.066,17.078,17.092,17.105,17.117,17.129,17.14,17.15,17.159,17.167,17.173,17.177,17.178,17.178,17.175,17.17,17.162,17.152,17.139,17.122,17.103,17.08,17.053,17.023,16.989,16.952,16.912,16.871,16.828,16.784,16.741,16.698,16.655,16.614,16.574,16.534,16.496,16.459,16.424,16.391,16.359,16.329,16.3,16.273,16.249,16.226,16.204,16.185,16.167,16.151,16.136,16.122,16.11,16.098,16.087,16.077,16.068,16.059,16.051,16.043,16.035,16.028,16.021,16.014,16.008,16.003,15.998,15.994,15.991,15.99
17.027,17.028,17.031,17.036,17.042,17.05,17.062,17.075,17.089,17.103,17.116,17.128,17.139,17.149,17.158,17.165,17.17,17.174,17.175,17.175,17.172,17.166,17.159,17.148,17.135,17.118,17.098,17.075,17.049,17.019,16.985,16.948,16.909,16.868,16.825,16.782,16.738,16.695,16.653,16.611,16.57,16.531,16.493,16.456,16.42,16.387,16.355,16.324,16.296,16.269,16.244,16.221,16.2,16.181,16.163,16.147,16.133,16.119,16.107,16.096,16.085,16.076,16.067,16.058,16.05,16.042,16.035,16.027,16.02,16.014,16.008,16.002,15.997,15.993,15.99,15.988
17.027,17.027,17.03,17.034,17.04,17.047,17.056,17.07,17.086,17.101,17.115,17.127,17.138,17.148,17.157,17.164,17.169,17.172,17.173,17.173,17.169,17.164,17.156,17.145,17.132,17.115,17.095,17.072,17.046,17.016,16.982,16.946,16.907,16.865,16.823,16.779,16.736,16.692,16.649,16.607,16.566,16.526,16.487,16.45,16.415,16.381,16.349,16.318,16.29,16.263,16.238,16.215,16.194,16.175,16.158,16.142,16.128,16.115,16.104,16.093,16.083,16.073,16.065,16.056,16.049,16.041,16.034,16.027,16.02,16.014,16.007,16.002,15.996,15.992,15.989,15.986
17.024,17.026,17.029,17.032,17.037,17.043,17.051,17.063,17.08,17.099,17.115,17.127,17.139,17.148,17.156,17.163,17.168,17.171,17.172,17.171,17.168,17.162,17.154,17.144,17.13,17.114,17.094,17.071,17.045,17.015,16.981,16.944,16.905,16.863,16.82,16.776,16.732,16.688,16.644,16.602,16.56,16.519,16.48,16.442,16.407,16.372,16.34,16.309,16.281,16.254,16.229,16.206,16.186,16.167,16.15,16.135,16.122,16.11,16.099,16.089,16.079,16.07,16.062,16.055,16.047,16.041,16.034,16.027,16.021,16.014,16.008,16.002,15.997,15.992,15.988,15.986
17.019,17.024,17.027,17.031,17.035,17.04,17.047,17.057,17.072,17.095,17.116,17.129,17.14,17.149,17.157,17.163,17.168,17.171,17.171,17.17,17.167,17.161,17.153,17.143,17.13,17.114,17.095,17.073,17.047,17.017,16.983,16.945,16.904,16.861,16.817,16.772,16.727,16.682,16.637,16.593,16.55,16.508,16.468,16.43,16.394,16.359,16.326,16.296,16.267,16.24,16.215,16.192,16.172,16.153,16.137,16.123,16.111,16.101,16.091,16.082,16.074,16.066,16.059,16.052,16.046,16.04,16.034,16.028,16.022,16.017,16.011,16.005,15.999,15.994,15.99,15.988
17.022,17.024,17.026,17.029,17.033,17.038,17.044,17.054,17.068,17.092,17.118,17.132,17.142,17.151,17.158,17.164,17.168,17.17,17.171,17.169,17.166,17.161,17.154,17.145,17.133,17.119,17.103,17.084,17.059,17.028,16.991,16.949,16.904,16.857,16.809,16.76,16.711,16.663,16.615,16.568,16.522,16.479,16.438,16.4,16.364,16.33,16.298,16.268,16.24,16.213,16.188,16.165,16.144,16.125,16.11,16.098,16.088,16.081,16.075,16.069,16.063,16.058,16.054,16.049,16.045,16.04,16.035,16.03,16.024,16.019,16.014,16.01,16.006,16.002,16,16
17.03,17.025,17.025,17.027,17.031,17.036,17.042,17.052,17.068,17.095,17.126,17.139,17.148,17.156,17.162,17.168,17.171,17.174,17.174,17.174,17.171,17.166,17.159,17.151,17.142,17.131,17.115,17.092,17.061,17.021,16.977,16.932,16.887,16.842,16.799,16.755,16.711,16.663,16.612,16.559,16.504,16.45,16.4,16.357,16.32,16.289,16.259,16.231,16.203,16.177,16.152,16.128,16.107,16.088,16.072,16.06,16.053,16.05,16.05,16.05,16.05,16.049,16.048,16.047,16.046,16.044,16.042,16.037,16.03,16.024,16.019,16.015,16.012,16.01,16.012,16.016
17.026,17.024,17.024,17.025,17.029,17.034,17.041,17.052,17.071,17.102,17.138,17.149,17.156,17.164,17.169,17.174,17.177,17.179,17.18,17.179,17.176,17.171,17.164,17.156,17.146,17.132,17.111,17.083,17.049,17.012,16.976,16.945,16.918,16.895,16.872,16.848,16.82,16.787,16.75,16.706,16.657,16.6,16.535,16.466,16.398,16.335,16.281,16.236,16.2,16.17,16.144,16.12,16.099,16.079,16.062,16.048,16.037,16.033,16.035,16.039,16.042,16.044,16.045,16.047,16.049,16.05,16.05,16.048,16.044,16.039,16.034,16.03,16.026,16.025,16.026,16.031
17.023,17.021,17.021,17.023,17.026,17.032,17.04,17.053,17.074,17.11,17.149,17.158,17.165,17.171,17.175,17.179,17.182,17.184,17.185,17.184,17.18,17.173,17.164,17.152,17.138,17.12,17.098,17.072,17.047,17.024,17.004,16.991,16.981,16.975,16.97,16.963,16.955,16.944,16.931,16.912,16.884,16.847,16.802,16.75,16.691,16.622,16.54,16.449,16.357,16.278,16.214,16.163,16.122,16.091,16.069,16.053,16.04,16.031,16.029,16.031,16.035,16.036,16.038,16.041,16.044,16.048,16.051,16.053,16.055,16.053,16.049,16.044,16.039,16.036,16.035,16.034
17.019,17.017,17.017,17.019,17.023,17.029,17.039,17.054,17.078,17.118,17.158,17.165,17.172,17.177,17.182,17.185,17.189,17.191,17.191,17.188,17.18,17.168,17.153,17.138,17.121,17.104,17.087,17.071,17.058,17.047,17.04,17.034,17.032,17.031,17.032,17.033,17.034,17.037,17.04,17.041,17.036,17.02,16.995,16.965,16.935,16.902,16.858,16.798,16.721,16.628,16.531,16.437,16.347,16.259,16.176,16.107,16.061,16.034,16.022,16.019,16.021,16.022,16.022,16.023,16.026,16.03,16.034,16.04,16.047,16.049,16.046,16.041,16.036,16.031,16.027,16.022
17.014,17.012,17.012,17.014,17.018,17.026,17.037,17.054,17.081,17.124,17.165,17.172,17.179,17.186,17.191,17.195,17.197,17.196,17.192,17.182,17.168,17.151,17.134,17.118,17.105,17.093,17.083,17.076,17.071,17.069,17.068,17.067,17.067,17.069,17.072,17.076,17.079,17.082,17.086,17.089,17.091,17.092,17.088,17.077,17.059,17.036,17.014,16.992,16.966,16.929,16.879,16.814,16.736,16.642,16.532,16.408,16.285,16.178,16.1,16.053,16.03,16.02,16.014,16.009,16.006,16.006,16.008,16.013,16.018,16.024,16.025,16.022,16.019,16.015,16.012,16.008
17.007,17.005,17.005,17.007,17.012,17.021,17.033,17.053,17.084,17.13,17.172,17.18,17.189,17.195,17.199,17.199,17.195,17.187,17.175,17.16,17.142,17.126,17.112,17.101,17.093,17.087,17.083,17.081,17.081,17.081,17.081,17.082,17.085,17.088,17.091,17.094,17.095,17.095,17.095,17.095,17.097,17.101,17.106,17.109,17.108,17.102,17.092,17.078,17.062,17.046,17.029,17.013,16.989,16.95,16.888,16.797,16.676,16.539,16.408,16.297,16.21,16.147,16.103,16.073,16.051,16.035,16.025,16.021,16.019,16.02,16.02,16.019,16.016,16.014,16.013,16.012
16.999,16.996,16.996,16.999,17.004,17.013,17.028,17.05,17.085,17.137,17.182,17.188,17.194,17.196,17.194,17.187,17.175,17.16,17.144,17.127,17.112,17.1,17.091,17.084,17.079,17.077,17.075,17.074,17.075,17.077,17.079,17.081,17.084,17.087,17.09,17.092,17.093,17.093,17.094,17.096,17.098,17.101,17.105,17.11,17.116,17.121,17.124,17.121,17.114,17.103,17.091,17.082,17.076,17.066,17.046,17.016,16.969,16.897,16.798,16.682,16.562,16.45,16.357,16.286,16.233,16.195,16.169,16.152,16.139,16.128,16.116,16.101,16.084,16.071,16.063,16.061
16.987,16.985,16.985,16.987,16.993,17.004,17.019,17.044,17.083,17.14,17.186,17.187,17.186,17.181,17.171,17.157,17.142,17.125,17.109,17.095,17.083,17.074,17.067,17.063,17.06,17.059,17.059,17.062,17.066,17.07,17.074,17.078,17.081,17.084,17.086,17.088,17.089,17.09,17.092,17.095,17.098,17.101,17.105,17.109,17.113,17.118,17.123,17.127,17.128,17.127,17.125,17.121,17.115,17.109,17.099,17.085,17.07,17.06,17.043,16.998,16.922,16.825,16.717,16.615,16.534,16.477,16.442,16.422,16.405,16.382,16.347,16.299,16.245,16.201,16.173,16.159
16.973,16.971,16.97,16.973,16.98,16.99,17.007,17.034,17.076,17.137,17.18,17.17,17.163,17.15,17.134,17.117,17.101,17.086,17.072,17.061,17.054,17.049,17.048,17.048,17.05,17.052,17.055,17.058,17.061,17.062,17.063,17.062,17.062,17.062,17.062,17.062,17.062,17.064,17.066,17.071,17.077,17.085,17.094,17.102,17.109,17.114,17.118,17.122,17.125,17.129,17.134,17.138,17.138,17.133,17.126,17.117,17.104,17.091,17.087,17.093,17.091,17.065,17.01,16.932,16.85,16.787,16.749,16.732,16.719,16.689,16.628,16.537,16.435,16.35,16.293,16.265
16.957,16.954,16.953,16.956,16.963,16.974,16.991,17.019,17.062,17.123,17.158,17.138,17.124,17.105,17.087,17.07,17.055,17.044,17.037,17.034,17.034,17.036,17.038,17.039,17.039,17.039,17.037,17.033,17.026,17.016,17.005,16.995,16.988,16.985,16.985,16.987,16.989,16.994,17.001,17.012,17.025,17.04,17.057,17.075,17.09,17.102,17.11,17.117,17.122,17.127,17.132,17.141,17.147,17.147,17.142,17.134,17.124,17.111,17.095,17.086,17.091,17.104,17.11,17.096,17.06,17.016,16.981,16.962,16.949,16.913,16.831,16.703,16.563,16.447,16.371,16.344
16.937,16.934,16.933,16.935,16.942,16.953,16.97,16.998,17.04,17.097,17.123,17.093,17.075,17.054,17.039,17.028,17.023,17.022,17.023,17.025,17.025,17.019,17.009,16.999,16.99,16.98,16.966,16.947,16.924,16.898,16.875,16.859,16.851,16.852,16.858,16.867,16.878,16.89,16.905,16.924,16.945,16.969,16.993,17.019,17.044,17.067,17.085,17.1,17.112,17.121,17.126,17.132,17.141,17.148,17.147,17.141,17.133,17.123,17.111,17.094,17.081,17.08,17.092,17.108,17.114,17.109,17.104,17.103,17.09,17.04,16.933,16.774,16.603,16.468,16.405,16.407
16.915,16.91,16.909,16.911,16.917,16.928,16.944,16.971,17.011,17.062,17.078,17.041,17.028,17.015,17.012,17.013,17.017,17.018,17.013,16.996,16.968,16.937,16.911,16.893,16.878,16.856,16.825,16.785,16.742,16.704,16.68,16.671,16.674,16.687,16.707,16.729,16.75,16.772,16.795,16.819,16.845,16.873,16.903,16.936,16.97,17.003,17.032,17.058,17.08,17.097,17.11,17.118,17.127,17.136,17.141,17.14,17.134,17.127,17.12,17.108,17.092,17.077,17.071,17.076,17.09,17.109,17.132,17.154,17.157,17.106,16.974,16.773,16.571,16.451,16.434,16.48
16.889,16.883,16.881,16.883,16.888,16.898,16.914,16.939,16.975,17.019,17.031,17.004,17.005,17.005,17.011,17.012,17.003,16.977,16.932,16.872,16.807,16.756,16.73,16.718,16.7,16.664,16.61,16.552,16.505,16.478,16.47,16.476,16.492,16.515,16.547,16.582,16.616,16.646,16.67,16.692,16.718,16.753,16.793,16.836,16.88,16.923,16.962,16.997,17.027,17.053,17.075,17.094,17.111,17.125,17.136,17.141,17.138,17.131,17.122,17.114,17.103,17.092,17.081,17.073,17.072,17.086,17.119,17.155,17.161,17.093,16.921,16.691,16.516,16.456,16.488,16.555
16.858,16.853,16.85,16.851,16.855,16.864,16.878,16.901,16.937,16.982,17.004,17,17.009,17.009,16.997,16.963,16.904,16.813,16.702,16.601,16.535,16.506,16.5,16.495,16.475,16.436,16.389,16.35,16.328,16.321,16.325,16.335,16.35,16.37,16.4,16.437,16.476,16.508,16.53,16.548,16.575,16.621,16.679,16.735,16.789,16.84,16.888,16.93,16.966,16.998,17.027,17.056,17.083,17.108,17.128,17.14,17.143,17.138,17.129,17.122,17.119,17.118,17.115,17.11,17.099,17.095,17.111,17.134,17.116,17.003,16.794,16.602,16.512,16.507,16.554,16.611
16.825,16.819,16.816,16.815,16.818,16.825,16.837,16.858,16.895,16.953,17.006,17.005,16.991,16.956,16.892,16.785,16.645,16.507,16.406,16.353,16.331,16.322,16.318,16.314,16.302,16.283,16.265,16.255,16.252,16.256,16.264,16.274,16.282,16.292,16.307,16.33,16.356,16.38,16.396,16.41,16.438,16.493,16.567,16.638,16.697,16.752,16.802,16.845,16.883,16.922,16.961,17.001,17.041,17.078,17.109,17.131,17.142,17.145,17.144,17.143,17.145,17.148,17.15,17.149,17.139,17.122,17.11,17.094,17.025,16.866,16.679,16.579,16.556,16.569,16.605,16.635
16.788,16.782,16.778,16.776,16.777,16.781,16.789,16.806,16.84,16.905,16.967,16.935,16.872,16.772,16.639,16.492,16.366,16.289,16.254,16.235,16.225,16.222,16.223,16.225,16.225,16.225,16.231,16.242,16.256,16.268,16.277,16.281,16.284,16.284,16.286,16.293,16.305,16.318,16.326,16.331,16.346,16.387,16.459,16.537,16.6,16.648,16.685,16.713,16.747,16.794,16.851,16.914,16.976,17.033,17.081,17.115,17.137,17.149,17.157,17.163,17.168,17.17,17.17,17.169,17.155,17.122,17.08,17.018,16.9,16.741,16.631,16.602,16.602,16.615,16.63,16.634
16.749,16.743,16.738,16.735,16.733,16.732,16.735,16.741,16.759,16.793,16.809,16.732,16.623,16.493,16.362,16.264,16.209,16.187,16.183,16.187,16.196,16.206,16.217,16.228,16.24,16.253,16.266,16.279,16.291,16.3,16.307,16.313,16.318,16.32,16.32,16.318,16.321,16.326,16.329,16.326,16.321,16.329,16.368,16.436,16.496,16.532,16.547,16.555,16.582,16.641,16.719,16.805,16.89,16.97,17.039,17.092,17.127,17.151,17.167,17.177,17.182,17.181,17.176,17.166,17.14,17.092,17.024,16.928,16.794,16.678,16.63,16.628,16.633,16.635,16.631,16.621
16.708,16.702,16.696,16.69,16.685,16.68,16.674,16.666,16.653,16.622,16.557,16.461,16.359,16.264,16.197,16.169,16.165,16.173,16.184,16.196,16.206,16.215,16.224,16.234,16.245,16.254,16.262,16.271,16.282,16.293,16.302,16.312,16.323,16.332,16.34,16.344,16.347,16.352,16.356,16.357,16.348,16.33,16.322,16.351,16.398,16.426,16.43,16.43,16.457,16.525,16.614,16.71,16.808,16.902,16.986,17.055,17.106,17.143,17.168,17.182,17.186,17.182,17.172,17.151,17.112,17.051,16.966,16.856,16.74,16.663,16.64,16.641,16.638,16.626,16.616,16.607
16.667,16.659,16.652,16.645,16.637,16.627,16.613,16.589,16.542,16.445,16.314,16.245,16.189,16.159,16.151,16.159,16.171,16.18,16.184,16.184,16.182,16.182,16.183,16.189,16.199,16.208,16.216,16.226,16.242,16.259,16.278,16.301,16.325,16.346,16.361,16.37,16.372,16.371,16.369,16.371,16.374,16.368,16.343,16.321,16.33,16.348,16.352,16.354,16.387,16.47,16.573,16.667,16.759,16.854,16.943,17.019,17.079,17.126,17.16,17.179,17.182,17.175,17.157,17.126,17.074,17.002,16.91,16.81,16.724,16.67,16.65,16.638,16.617,16.603,16.603,16.598
16.624,16.616,16.608,16.599,16.588,16.574,16.552,16.517,16.448,16.316,16.169,16.15,16.143,16.148,16.152,16.154,16.156,16.154,16.142,16.126,16.11,16.096,16.089,16.09,16.098,16.111,16.123,16.137,16.164,16.191,16.218,16.249,16.286,16.324,16.359,16.387,16.405,16.414,16.411,16.401,16.391,16.39,16.386,16.362,16.33,16.314,16.31,16.313,16.347,16.447,16.581,16.689,16.766,16.839,16.919,16.996,17.061,17.112,17.15,17.17,17.173,17.161,17.133,17.088,17.024,16.945,16.86,16.782,16.725,16.689,16.659,16.626,16.599,16.593,16.593,16.581
16.581,16.573,16.564,16.553,16.541,16.523,16.497,16.454,16.378,16.245,16.132,16.14,16.14,16.137,16.127,16.109,16.084,16.051,16.012,15.969,15.929,15.903,15.895,15.905,15.928,15.96,15.995,16.032,16.072,16.103,16.141,16.176,16.212,16.255,16.302,16.349,16.392,16.427,16.449,16.453,16.439,16.421,16.413,16.409,16.386,16.344,16.31,16.294,16.316,16.418,16.576,16.719,16.807,16.86,16.915,16.984,17.054,17.11,17.146,17.162,17.159,17.138,17.099,17.042,16.969,16.89,16.817,16.764,16.733,16.702,16.656,16.62,16.603,16.591,16.569,16.541
16.538,16.529,16.52,16.509,16.494,16.475,16.446,16.401,16.325,16.203,16.109,16.107,16.088,16.063,16.031,15.99,15.936,15.865,15.789,15.724,15.688,15.684,15.707,15.755,15.819,15.887,15.952,16.005,16.045,16.078,16.098,16.13,16.163,16.199,16.242,16.292,16.344,16.395,16.443,16.479,16.491,16.479,16.454,16.438,16.431,16.409,16.36,16.307,16.299,16.383,16.545,16.717,16.832,16.889,16.927,16.983,17.051,17.11,17.145,17.153,17.141,17.112,17.063,16.998,16.923,16.847,16.788,16.754,16.729,16.684,16.634,16.611,16.599,16.568,16.524,16.482
16.494,16.486,16.477,16.465,16.45,16.429,16.398,16.352,16.278,16.166,16.049,16.019,15.988,15.946,15.894,15.82,15.724,15.62,15.545,15.511,15.509,15.533,15.588,15.677,15.79,15.911,16.022,16.109,16.158,16.187,16.2,16.206,16.212,16.22,16.235,16.266,16.311,16.362,16.414,16.467,16.511,16.529,16.515,16.483,16.46,16.451,16.424,16.355,16.306,16.356,16.511,16.697,16.834,16.905,16.944,16.991,17.053,17.109,17.14,17.143,17.125,17.088,17.033,16.963,16.89,16.825,16.778,16.745,16.702,16.647,16.611,16.591,16.56,16.511,16.459,16.415
16.451,16.444,16.435,16.423,16.407,16.385,16.354,16.306,16.229,16.104,15.952,15.912,15.879,15.809,15.72,15.607,15.492,15.401,15.359,15.351,15.359,15.383,15.445,15.556,15.709,15.887,16.064,16.204,16.314,16.379,16.41,16.418,16.407,16.381,16.347,16.321,16.321,16.35,16.395,16.446,16.502,16.549,16.565,16.542,16.502,16.48,16.469,16.413,16.335,16.339,16.484,16.683,16.836,16.92,16.965,17.008,17.061,17.111,17.137,17.134,17.108,17.061,17.001,16.931,16.867,16.814,16.769,16.716,16.661,16.621,16.591,16.554,16.506,16.455,16.406,16.357
16.41,16.404,16.395,16.383,16.367,16.344,16.311,16.262,16.184,16.034,15.852,15.803,15.743,15.638,15.525,15.402,15.299,15.23,15.209,15.206,15.204,15.217,15.268,15.373,15.538,15.756,15.998,16.22,16.401,16.519,16.59,16.628,16.638,16.618,16.565,16.491,16.42,16.389,16.405,16.447,16.496,16.55,16.591,16.594,16.556,16.516,16.504,16.466,16.377,16.339,16.466,16.675,16.842,16.938,16.99,17.031,17.073,17.112,17.133,17.125,17.088,17.029,16.962,16.898,16.842,16.789,16.727,16.662,16.62,16.597,16.567,16.522,16.472,16.423,16.37,16.314
16.371,16.366,16.358,16.346,16.329,16.305,16.272,16.221,16.136,15.972,15.761,15.684,15.599,15.482,15.368,15.243,15.153,15.1,15.082,15.076,15.077,15.1,15.153,15.239,15.378,15.584,15.85,16.135,16.392,16.577,16.694,16.768,16.81,16.818,16.785,16.707,16.6,16.504,16.463,16.474,16.509,16.552,16.6,16.626,16.604,16.558,16.537,16.51,16.421,16.354,16.46,16.674,16.848,16.952,17.012,17.054,17.086,17.112,17.122,17.106,17.06,16.991,16.919,16.858,16.8,16.732,16.661,16.616,16.595,16.573,16.541,16.499,16.451,16.401,16.346,16.287
16.335,16.331,16.323,16.311,16.293,16.269,16.235,16.184,16.093,15.921,15.694,15.592,15.486,15.352,15.251,15.13,15.05,15.002,14.985,14.993,15.03,15.102,15.196,15.288,15.382,15.515,15.72,16.008,16.314,16.567,16.734,16.838,16.903,16.938,16.935,16.884,16.783,16.663,16.573,16.539,16.546,16.572,16.608,16.642,16.639,16.599,16.573,16.55,16.461,16.378,16.466,16.68,16.857,16.961,17.026,17.071,17.098,17.11,17.105,17.076,17.021,16.95,16.875,16.807,16.736,16.662,16.618,16.602,16.585,16.555,16.516,16.472,16.427,16.383,16.333,16.275
16.302,16.299,16.291,16.279,16.261,16.237,16.203,16.148,16.052,15.875,15.638,15.531,15.411,15.244,15.161,15.047,14.973,14.935,14.943,15,15.101,15.235,15.38,15.503,15.583,15.643,15.732,15.928,16.226,16.529,16.743,16.872,16.949,16.996,17.016,16.996,16.925,16.816,16.709,16.638,16.612,16.614,16.632,16.659,16.665,16.636,16.61,16.587,16.494,16.401,16.478,16.69,16.867,16.968,17.03,17.075,17.099,17.1,17.081,17.038,16.977,16.906,16.83,16.748,16.669,16.622,16.608,16.594,16.567,16.529,16.486,16.443,16.407,16.378,16.34,16.281
16.275,16.272,16.264,16.25,16.232,16.208,16.172,16.113,16.011,15.821,15.554,15.463,15.37,15.168,15.082,14.978,14.916,14.913,14.979,15.104,15.269,15.446,15.609,15.739,15.823,15.864,15.886,15.975,16.21,16.521,16.76,16.904,16.987,17.037,17.065,17.066,17.027,16.945,16.844,16.757,16.701,16.677,16.674,16.686,16.691,16.668,16.643,16.619,16.52,16.419,16.49,16.701,16.878,16.972,17.028,17.069,17.087,17.076,17.044,16.993,16.927,16.855,16.777,16.693,16.634,16.612,16.593,16.56,16.519,16.481,16.445,16.413,16.392,16.377,16.35,16.293
16.263,16.252,16.241,16.226,16.207,16.181,16.143,16.081,15.973,15.766,15.454,15.372,15.329,15.118,15.019,14.926,14.893,14.948,15.087,15.277,15.483,15.67,15.822,15.939,16.018,16.057,16.068,16.11,16.29,16.574,16.81,16.954,17.035,17.086,17.119,17.13,17.11,17.051,16.964,16.874,16.803,16.757,16.732,16.725,16.719,16.694,16.668,16.644,16.538,16.43,16.502,16.715,16.888,16.973,17.021,17.055,17.062,17.038,16.997,16.942,16.869,16.793,16.717,16.653,16.619,16.593,16.55,16.497,16.454,16.422,16.395,16.377,16.368,16.357,16.329,16.273
16.244,16.231,16.218,16.203,16.183,16.156,16.116,16.054,15.944,15.729,15.38,15.274,15.259,15.069,14.963,14.891,14.912,15.038,15.245,15.474,15.693,15.873,16.013,16.12,16.197,16.23,16.23,16.268,16.433,16.676,16.882,17.015,17.096,17.149,17.184,17.197,17.182,17.135,17.061,16.977,16.901,16.841,16.797,16.77,16.751,16.72,16.687,16.655,16.545,16.435,16.519,16.734,16.9,16.973,17.011,17.035,17.026,16.989,16.941,16.883,16.804,16.727,16.665,16.624,16.59,16.543,16.482,16.434,16.404,16.377,16.348,16.324,16.314,16.304,16.272,16.206
16.222,16.209,16.196,16.18,16.159,16.132,16.093,16.032,15.925,15.712,15.341,15.188,15.181,15.013,14.915,14.886,14.969,15.164,15.414,15.657,15.876,16.051,16.198,16.307,16.371,16.392,16.396,16.447,16.595,16.789,16.952,17.068,17.15,17.208,17.24,17.248,17.234,17.195,17.133,17.057,16.983,16.917,16.861,16.818,16.785,16.746,16.703,16.659,16.543,16.438,16.544,16.756,16.91,16.97,16.997,17.008,16.983,16.935,16.882,16.817,16.734,16.666,16.621,16.586,16.537,16.475,16.421,16.394,16.375,16.344,16.3,16.252,16.224,16.215,16.18,16.095
16.201,16.188,16.174,16.158,16.137,16.111,16.073,16.015,15.915,15.712,15.331,15.117,15.106,14.964,14.888,14.905,15.048,15.294,15.556,15.797,16.014,16.209,16.364,16.461,16.512,16.532,16.552,16.619,16.747,16.886,17.001,17.095,17.176,17.239,17.275,17.28,17.265,17.234,17.183,17.118,17.049,16.984,16.921,16.865,16.819,16.77,16.716,16.658,16.534,16.445,16.578,16.782,16.92,16.964,16.975,16.973,16.936,16.88,16.821,16.748,16.667,16.613,16.578,16.534,16.47,16.414,16.385,16.373,16.347,16.305,16.249,16.183,16.136,16.113,16.061,15.933
16.182,16.168,16.153,16.136,16.116,16.09,16.055,16.001,15.91,15.724,15.348,15.071,15.039,14.931,14.88,14.933,15.128,15.39,15.639,15.876,16.097,16.297,16.456,16.553,16.611,16.647,16.691,16.767,16.863,16.951,17.027,17.099,17.173,17.244,17.292,17.304,17.29,17.265,17.224,17.168,17.107,17.045,16.974,16.906,16.849,16.792,16.732,16.661,16.524,16.458,16.614,16.807,16.926,16.952,16.95,16.934,16.885,16.823,16.759,16.682,16.609,16.566,16.528,16.473,16.41,16.372,16.354,16.337,16.308,16.266,16.202,16.121,16.056,16.005,15.902,15.687
16.163,16.148,16.132,16.115,16.095,16.07,16.037,15.988,15.905,15.737,15.373,15.053,15.002,14.913,14.874,14.958,15.181,15.427,15.653,15.88,16.085,16.283,16.464,16.588,16.672,16.73,16.791,16.86,16.925,16.985,17.042,17.102,17.169,17.24,17.296,17.322,17.322,17.304,17.267,17.214,17.156,17.093,17.018,16.938,16.869,16.807,16.749,16.667,16.51,16.475,16.648,16.826,16.928,16.937,16.922,16.896,16.835,16.762,16.693,16.62,16.56,16.52,16.473,16.41,16.356,16.331,16.315,16.297,16.278,16.236,16.159,16.061,15.969,15.865,15.642,15.364
16.143,16.127,16.111,16.094,16.074,16.05,16.018,15.972,15.896,15.736,15.371,15.047,14.985,14.895,14.858,14.967,15.186,15.399,15.593,15.788,15.981,16.196,16.405,16.565,16.676,16.752,16.819,16.882,16.942,17.002,17.062,17.119,17.181,17.246,17.3,17.337,17.354,17.342,17.304,17.25,17.191,17.129,17.052,16.963,16.882,16.814,16.76,16.666,16.487,16.499,16.678,16.841,16.925,16.916,16.89,16.856,16.787,16.704,16.633,16.57,16.519,16.474,16.415,16.349,16.31,16.298,16.298,16.297,16.289,16.237,16.132,16.005,15.873,15.709,15.341,14.879
16.123,16.106,16.089,16.072,16.052,16.028,15.998,15.954,15.879,15.72,15.347,15.043,14.973,14.871,14.833,14.947,15.137,15.307,15.45,15.606,15.813,16.04,16.267,16.463,16.608,16.711,16.792,16.865,16.937,17.013,17.087,17.148,17.205,17.265,17.313,17.348,17.371,17.365,17.328,17.273,17.214,17.152,17.076,16.981,16.89,16.817,16.762,16.646,16.467,16.532,16.707,16.851,16.917,16.892,16.852,16.814,16.743,16.659,16.591,16.536,16.482,16.422,16.354,16.304,16.291,16.297,16.308,16.31,16.294,16.22,16.074,15.921,15.792,15.435,14.98,14.646
16.102,16.084,16.066,16.049,16.029,16.005,15.975,15.931,15.856,15.694,15.315,15.036,14.96,14.843,14.8,14.894,15.043,15.162,15.242,15.355,15.559,15.809,16.051,16.285,16.481,16.63,16.739,16.83,16.918,17.013,17.104,17.175,17.229,17.284,17.325,17.352,17.374,17.373,17.34,17.287,17.229,17.165,17.088,16.991,16.892,16.816,16.753,16.612,16.463,16.566,16.736,16.857,16.904,16.864,16.815,16.774,16.705,16.627,16.563,16.506,16.44,16.367,16.308,16.287,16.294,16.308,16.318,16.316,16.284,16.186,15.999,15.84,15.725,15.344,14.842,14.916
16.079,16.06,16.042,16.024,16.004,15.98,15.949,15.905,15.828,15.659,15.273,15.02,14.944,14.819,14.765,14.821,14.924,14.996,15.03,15.102,15.275,15.524,15.793,16.051,16.299,16.508,16.663,16.78,16.886,16.998,17.108,17.193,17.25,17.296,17.331,17.352,17.371,17.372,17.344,17.294,17.236,17.17,17.089,16.99,16.889,16.812,16.737,16.579,16.47,16.594,16.758,16.858,16.886,16.831,16.775,16.735,16.673,16.601,16.535,16.468,16.391,16.321,16.286,16.291,16.303,16.309,16.309,16.296,16.245,16.115,15.897,15.74,15.677,15.389,15.158,15.11
16.054,16.035,16.017,15.998,15.977,15.952,15.921,15.874,15.794,15.617,15.22,14.996,14.925,14.806,14.741,14.751,14.808,14.855,14.88,14.943,15.082,15.281,15.527,15.801,16.076,16.34,16.559,16.719,16.848,16.973,17.098,17.199,17.263,17.307,17.336,17.352,17.365,17.365,17.339,17.292,17.235,17.167,17.081,16.981,16.881,16.803,16.714,16.548,16.48,16.618,16.773,16.854,16.862,16.795,16.734,16.695,16.639,16.571,16.502,16.427,16.348,16.293,16.285,16.302,16.305,16.292,16.273,16.241,16.164,16.005,15.789,15.653,15.577,15.434,15.285,15.056
16.029,16.009,15.989,15.969,15.948,15.922,15.889,15.84,15.755,15.568,15.156,14.961,14.902,14.805,14.739,14.712,14.729,14.764,14.806,14.888,15.016,15.165,15.343,15.575,15.855,16.141,16.422,16.643,16.803,16.941,17.073,17.187,17.262,17.311,17.34,17.352,17.36,17.355,17.328,17.283,17.227,17.157,17.066,16.965,16.869,16.788,16.683,16.516,16.495,16.641,16.783,16.844,16.834,16.759,16.699,16.658,16.603,16.538,16.468,16.391,16.319,16.286,16.295,16.305,16.285,16.255,16.226,16.171,16.057,15.881,15.704,15.57,15.47,15.365,15.208,14.948
16.002,15.981,15.96,15.939,15.916,15.89,15.855,15.803,15.712,15.513,15.084,14.915,14.871,14.807,14.756,14.715,14.707,14.732,14.786,14.878,14.999,15.127,15.263,15.432,15.672,15.964,16.264,16.544,16.75,16.903,17.038,17.158,17.244,17.301,17.337,17.351,17.353,17.341,17.312,17.267,17.211,17.139,17.046,16.946,16.856,16.767,16.641,16.49,16.517,16.664,16.791,16.831,16.803,16.727,16.673,16.63,16.573,16.509,16.44,16.366,16.306,16.291,16.299,16.281,16.238,16.214,16.191,16.11,15.955,15.767,15.572,15.427,15.321,15.213,15.026,14.737
15.973,15.951,15.929,15.907,15.883,15.855,15.818,15.762,15.664,15.449,15.001,14.852,14.828,14.796,14.773,14.745,14.734,14.747,14.793,14.87,14.976,15.095,15.219,15.359,15.549,15.826,16.126,16.428,16.683,16.862,17.001,17.123,17.215,17.28,17.323,17.341,17.344,17.326,17.293,17.248,17.189,17.115,17.022,16.926,16.84,16.743,16.594,16.477,16.545,16.688,16.796,16.815,16.771,16.699,16.655,16.613,16.556,16.491,16.421,16.352,16.306,16.294,16.275,16.221,16.185,16.189,16.174,16.061,15.842,15.555,15.32,15.181,15.111,14.994,14.767,14.486
15.943,15.919,15.896,15.872,15.847,15.817,15.778,15.719,15.613,15.379,14.899,14.76,14.765,14.748,14.758,14.758,14.764,14.773,14.798,14.85,14.936,15.048,15.178,15.321,15.466,15.705,16.025,16.32,16.603,16.815,16.963,17.087,17.181,17.252,17.302,17.323,17.33,17.31,17.272,17.225,17.163,17.087,16.999,16.908,16.825,16.71,16.551,16.477,16.576,16.711,16.797,16.798,16.739,16.674,16.64,16.603,16.551,16.486,16.414,16.35,16.308,16.273,16.215,16.165,16.178,16.198,16.159,15.989,15.633,15.237,14.939,14.838,14.792,14.684,14.505,14.311
15.91,15.884,15.86,15.836,15.809,15.778,15.737,15.674,15.56,15.309,14.774,14.623,14.674,14.648,14.682,14.709,14.745,14.77,14.792,14.822,14.881,14.982,15.131,15.318,15.442,15.599,15.917,16.233,16.515,16.758,16.923,17.052,17.148,17.217,17.275,17.302,17.31,17.293,17.25,17.201,17.137,17.061,16.977,16.893,16.8,16.667,16.513,16.49,16.607,16.729,16.793,16.778,16.708,16.654,16.627,16.593,16.548,16.485,16.416,16.353,16.294,16.219,16.157,16.171,16.22,16.216,16.133,15.896,15.428,14.936,14.707,14.637,14.57,14.474,14.334,14.275
15.875,15.847,15.822,15.797,15.769,15.737,15.694,15.628,15.51,15.247,14.641,14.444,14.558,14.506,14.547,14.586,14.651,14.711,14.761,14.796,14.829,14.901,15.075,15.335,15.489,15.557,15.789,16.145,16.432,16.694,16.881,17.018,17.121,17.184,17.241,17.278,17.286,17.276,17.23,17.177,17.113,17.037,16.955,16.873,16.762,16.617,16.482,16.512,16.636,16.74,16.783,16.753,16.676,16.635,16.611,16.579,16.539,16.483,16.418,16.346,16.25,16.167,16.177,16.225,16.252,16.222,16.114,15.868,15.43,15.02,14.869,14.686,14.536,14.398,14.264,14.309
15.836,15.807,15.781,15.755,15.727,15.694,15.65,15.583,15.464,15.202,14.548,14.288,14.431,14.37,14.399,14.438,14.506,14.588,14.679,14.755,14.795,14.828,15.03,15.354,15.565,15.605,15.703,16.036,16.357,16.627,16.834,16.979,17.093,17.16,17.207,17.246,17.261,17.254,17.212,17.155,17.092,17.017,16.936,16.837,16.71,16.563,16.468,16.539,16.66,16.745,16.769,16.724,16.644,16.617,16.595,16.563,16.525,16.473,16.41,16.311,16.185,16.173,16.228,16.251,16.255,16.215,16.093,15.849,15.479,15.174,14.921,14.679,14.491,14.256,14.292,14.408
15.794,15.764,15.737,15.711,15.683,15.649,15.605,15.539,15.424,15.178,14.541,14.267,14.323,14.295,14.312,14.347,14.397,14.463,14.56,14.678,14.764,14.786,15.033,15.386,15.632,15.693,15.692,15.941,16.287,16.563,16.784,16.938,17.059,17.133,17.179,17.213,17.231,17.228,17.195,17.134,17.069,16.994,16.912,16.793,16.649,16.515,16.471,16.567,16.678,16.744,16.751,16.69,16.622,16.611,16.59,16.56,16.53,16.482,16.382,16.237,16.172,16.214,16.234,16.237,16.237,16.182,16.051,15.817,15.469,15.137,14.822,14.566,14.296,14.249,14.391,14.543
15.747,15.717,15.69,15.664,15.636,15.603,15.56,15.495,15.385,15.156,14.572,14.363,14.308,14.3,14.315,14.356,14.396,14.43,14.494,14.607,14.715,14.796,15.097,15.451,15.693,15.771,15.732,15.877,16.214,16.506,16.736,16.897,17.022,17.103,17.149,17.182,17.2,17.198,17.17,17.113,17.045,16.969,16.873,16.742,16.593,16.483,16.488,16.591,16.687,16.736,16.726,16.656,16.62,16.624,16.611,16.592,16.551,16.439,16.279,16.193,16.225,16.233,16.203,16.208,16.205,16.121,15.968,15.695,15.328,14.955,14.65,14.373,14.171,14.339,14.497,14.634
15.694,15.665,15.639,15.614,15.586,15.554,15.512,15.451,15.346,15.13,14.596,14.454,14.413,14.388,14.396,14.434,14.477,14.501,14.533,14.608,14.689,14.872,15.204,15.539,15.757,15.823,15.779,15.862,16.157,16.461,16.693,16.857,16.984,17.072,17.117,17.147,17.166,17.165,17.136,17.083,17.015,16.93,16.821,16.686,16.545,16.466,16.511,16.609,16.689,16.72,16.694,16.636,16.635,16.65,16.643,16.602,16.478,16.318,16.233,16.251,16.261,16.201,16.164,16.19,16.172,16.029,15.787,15.448,15.061,14.719,14.381,14.109,14.263,14.432,14.584,14.68
15.634,15.609,15.585,15.561,15.535,15.504,15.464,15.404,15.305,15.103,14.624,14.522,14.535,14.522,14.52,14.544,14.58,14.605,14.631,14.671,14.744,14.999,15.32,15.621,15.815,15.873,15.819,15.882,16.134,16.435,16.656,16.817,16.944,17.041,17.085,17.11,17.125,17.127,17.099,17.043,16.972,16.881,16.76,16.626,16.508,16.465,16.529,16.619,16.682,16.697,16.663,16.634,16.653,16.664,16.63,16.516,16.373,16.3,16.299,16.3,16.234,16.155,16.167,16.187,16.124,15.886,15.526,15.122,14.73,14.367,14.088,14.187,14.358,14.513,14.624,14.678
15.571,15.549,15.528,15.506,15.482,15.452,15.414,15.357,15.263,15.078,14.661,14.578,14.619,14.636,14.641,14.654,14.675,14.698,14.722,14.738,14.869,15.143,15.419,15.686,15.863,15.913,15.851,15.913,16.139,16.421,16.626,16.778,16.901,17.005,17.053,17.074,17.082,17.081,17.057,16.998,16.922,16.826,16.701,16.575,16.484,16.474,16.542,16.619,16.667,16.67,16.646,16.644,16.661,16.642,16.547,16.421,16.363,16.352,16.334,16.27,16.185,16.174,16.209,16.193,16.073,15.758,15.319,14.872,14.453,14.083,14.069,14.279,14.412,14.533,14.618,14.632
15.506,15.488,15.469,15.45,15.427,15.399,15.363,15.309,15.221,15.048,14.682,14.625,14.684,14.722,14.739,14.748,14.757,14.769,14.773,14.791,15.002,15.254,15.485,15.72,15.887,15.935,15.878,15.938,16.152,16.412,16.6,16.741,16.856,16.963,17.022,17.04,17.044,17.033,17.01,16.952,16.87,16.772,16.648,16.534,16.467,16.485,16.551,16.612,16.646,16.648,16.642,16.654,16.651,16.59,16.459,16.408,16.388,16.351,16.292,16.213,16.185,16.205,16.223,16.187,16.029,15.682,15.193,14.666,14.173,13.926,14.138,14.294,14.415,14.52,14.572,14.543
15.441,15.426,15.41,15.393,15.372,15.346,15.311,15.26,15.177,15.013,14.682,14.672,14.747,14.793,14.817,14.823,14.82,14.807,14.785,14.857,15.097,15.299,15.484,15.687,15.866,15.946,15.913,15.968,16.162,16.403,16.579,16.704,16.811,16.914,16.984,17.004,17.007,16.99,16.961,16.906,16.821,16.719,16.605,16.506,16.46,16.492,16.552,16.601,16.624,16.632,16.644,16.656,16.629,16.522,16.439,16.436,16.383,16.316,16.252,16.214,16.215,16.21,16.217,16.174,15.997,15.628,15.069,14.448,13.973,13.93,14.129,14.275,14.388,14.469,14.482,14.411
