13.2,13.2,13.2,13.2,13.198,13.195,13.191,13.187,13.182,13.177,13.171,13.166,13.16,13.154,13.148,13.142,13.136,13.129,13.123,13.116,13.109,13.102,13.094,13.086,13.079,13.068,13.041,13.029,13.061,13.064,13.065,13.065,13.065,13.065,13.064,13.062,13.06,13.058,13.055,13.051,13.047,13.043,13.039,13.034,13.029,13.024,13.018,13.012,13.006,13,12.993,12.986,12.979,12.972,12.964,12.956,12.947,12.939,12.929,12.92,12.91,12.899,12.888,12.876,12.864,12.852,12.84,12.828,12.82,12.767,12.724,12.763,12.766,12.761,12.756,12.733
13.199,13.2,13.2,13.199,13.197,13.194,13.191,13.186,13.182,13.176,13.171,13.166,13.16,13.154,13.148,13.142,13.135,13.129,13.122,13.116,13.109,13.102,13.094,13.086,13.078,13.068,13.056,13.051,13.06,13.063,13.065,13.065,13.065,13.065,13.064,13.062,13.06,13.057,13.054,13.051,13.047,13.043,13.039,13.034,13.029,13.023,13.018,13.012,13.006,13,12.993,12.986,12.979,12.971,12.963,12.955,12.947,12.938,12.929,12.919,12.909,12.899,12.888,12.876,12.864,12.852,12.839,12.826,12.81,12.783,12.763,12.766,12.765,12.759,12.747,12.725
13.199,13.201,13.201,13.199,13.197,13.194,13.191,13.186,13.182,13.176,13.171,13.166,13.16,13.154,13.148,13.142,13.135,13.129,13.122,13.116,13.109,13.102,13.095,13.087,13.079,13.071,13.064,13.061,13.063,13.065,13.066,13.066,13.066,13.065,13.064,13.062,13.06,13.057,13.054,13.051,13.047,13.043,13.039,13.034,13.029,13.023,13.018,13.012,13.006,12.999,12.993,12.986,12.978,12.971,12.963,12.955,12.946,12.937,12.928,12.919,12.909,12.898,12.888,12.876,12.865,12.853,12.84,12.827,12.811,12.794,12.78,12.774,12.769,12.762,12.751,12.735
13.2,13.201,13.201,13.2,13.198,13.195,13.191,13.187,13.182,13.177,13.171,13.166,13.16,13.154,13.148,13.142,13.136,13.129,13.123,13.116,13.109,13.102,13.095,13.088,13.081,13.075,13.07,13.067,13.067,13.067,13.067,13.067,13.066,13.066,13.064,13.062,13.06,13.058,13.055,13.051,13.047,13.043,13.039,13.034,13.029,13.024,13.018,13.012,13.006,12.999,12.993,12.986,12.978,12.971,12.963,12.954,12.946,12.937,12.928,12.918,12.909,12.898,12.888,12.877,12.866,12.854,12.842,12.829,12.816,12.803,12.791,12.783,12.777,12.769,12.761,12.751
13.202,13.203,13.203,13.202,13.2,13.196,13.192,13.187,13.182,13.177,13.172,13.166,13.16,13.154,13.148,13.142,13.136,13.129,13.123,13.116,13.11,13.103,13.096,13.09,13.084,13.078,13.074,13.071,13.07,13.069,13.069,13.068,13.067,13.066,13.065,13.063,13.061,13.058,13.055,13.052,13.048,13.044,13.039,13.034,13.029,13.024,13.018,13.012,13.006,13,12.993,12.986,12.978,12.971,12.963,12.954,12.946,12.937,12.928,12.919,12.909,12.899,12.889,12.878,12.868,12.856,12.845,12.833,12.822,12.811,12.801,12.793,12.787,12.78,12.774,12.768
13.204,13.205,13.205,13.204,13.202,13.198,13.194,13.189,13.183,13.178,13.172,13.166,13.161,13.155,13.149,13.142,13.136,13.13,13.123,13.117,13.11,13.104,13.097,13.091,13.086,13.081,13.077,13.074,13.072,13.071,13.07,13.07,13.069,13.067,13.066,13.064,13.061,13.059,13.056,13.052,13.048,13.044,13.04,13.035,13.03,13.024,13.019,13.013,13.007,13,12.993,12.986,12.979,12.971,12.963,12.955,12.946,12.937,12.928,12.919,12.91,12.9,12.89,12.88,12.87,12.86,12.849,12.839,12.829,12.82,12.812,12.805,12.8,12.795,12.791,12.789
13.206,13.207,13.207,13.206,13.205,13.202,13.197,13.191,13.185,13.179,13.173,13.167,13.161,13.155,13.149,13.143,13.136,13.13,13.124,13.117,13.111,13.104,13.098,13.093,13.087,13.083,13.079,13.076,13.075,13.073,13.072,13.071,13.07,13.069,13.067,13.065,13.063,13.06,13.057,13.053,13.049,13.045,13.04,13.036,13.031,13.025,13.019,13.013,13.007,13.001,12.994,12.987,12.979,12.972,12.964,12.955,12.947,12.938,12.929,12.92,12.911,12.902,12.893,12.883,12.874,12.865,12.856,12.847,12.838,12.831,12.825,12.82,12.817,12.815,12.815,12.816
13.209,13.21,13.21,13.209,13.208,13.205,13.201,13.194,13.187,13.18,13.174,13.168,13.162,13.156,13.15,13.143,13.137,13.131,13.124,13.118,13.112,13.105,13.099,13.094,13.089,13.085,13.081,13.079,13.077,13.075,13.074,13.073,13.072,13.07,13.069,13.066,13.064,13.061,13.058,13.054,13.05,13.046,13.042,13.037,13.032,13.026,13.02,13.014,13.008,13.001,12.995,12.988,12.98,12.972,12.965,12.956,12.948,12.939,12.931,12.922,12.914,12.905,12.897,12.888,12.88,12.872,12.865,12.858,12.852,12.847,12.844,12.842,12.843,12.845,12.85,12.857
13.212,13.213,13.213,13.212,13.211,13.209,13.205,13.199,13.191,13.182,13.175,13.168,13.162,13.156,13.15,13.144,13.138,13.131,13.125,13.119,13.112,13.106,13.101,13.096,13.091,13.087,13.084,13.081,13.079,13.078,13.077,13.075,13.074,13.073,13.071,13.068,13.066,13.063,13.06,13.056,13.052,13.048,13.043,13.038,13.033,13.027,13.022,13.016,13.009,13.003,12.996,12.989,12.981,12.974,12.966,12.958,12.95,12.941,12.933,12.925,12.918,12.91,12.903,12.897,12.891,12.887,12.883,12.88,12.878,12.878,12.879,12.884,12.891,12.901,12.915,12.932
13.216,13.217,13.217,13.216,13.215,13.213,13.209,13.204,13.196,13.185,13.176,13.17,13.164,13.158,13.151,13.145,13.139,13.132,13.126,13.12,13.113,13.108,13.102,13.097,13.093,13.089,13.086,13.084,13.083,13.081,13.08,13.079,13.077,13.076,13.074,13.071,13.069,13.065,13.062,13.058,13.054,13.05,13.045,13.04,13.035,13.029,13.023,13.017,13.011,13.005,12.998,12.991,12.984,12.976,12.968,12.961,12.953,12.945,12.938,12.932,12.927,12.923,12.921,12.92,12.921,12.925,12.931,12.94,12.949,12.96,12.974,12.992,13.015,13.044,13.077,13.113
13.219,13.22,13.22,13.22,13.218,13.217,13.214,13.209,13.201,13.19,13.178,13.172,13.166,13.16,13.153,13.147,13.14,13.134,13.127,13.121,13.115,13.11,13.104,13.1,13.096,13.093,13.091,13.089,13.087,13.086,13.085,13.084,13.082,13.08,13.078,13.076,13.073,13.069,13.066,13.062,13.058,13.053,13.048,13.043,13.037,13.032,13.026,13.02,13.014,13.008,13.002,12.995,12.988,12.981,12.973,12.966,12.96,12.957,12.957,12.962,12.973,12.988,13.008,13.031,13.058,13.09,13.128,13.166,13.201,13.234,13.268,13.303,13.344,13.388,13.434,13.478
13.223,13.224,13.224,13.223,13.222,13.221,13.218,13.213,13.206,13.194,13.181,13.175,13.169,13.163,13.156,13.15,13.143,13.136,13.13,13.124,13.118,13.113,13.108,13.104,13.101,13.099,13.097,13.095,13.094,13.093,13.092,13.091,13.089,13.087,13.085,13.082,13.079,13.076,13.072,13.068,13.063,13.058,13.053,13.048,13.043,13.038,13.033,13.027,13.021,13.015,13.009,13.002,12.998,12.995,12.998,13.007,13.024,13.049,13.08,13.116,13.157,13.202,13.249,13.294,13.338,13.382,13.429,13.474,13.513,13.546,13.576,13.603,13.63,13.657,13.68,13.7
13.227,13.227,13.227,13.227,13.226,13.224,13.222,13.218,13.21,13.198,13.185,13.179,13.173,13.166,13.16,13.153,13.146,13.14,13.133,13.127,13.122,13.117,13.113,13.11,13.107,13.105,13.103,13.102,13.101,13.1,13.099,13.097,13.096,13.093,13.091,13.088,13.085,13.082,13.078,13.074,13.069,13.064,13.059,13.054,13.049,13.044,13.038,13.032,13.026,13.021,13.019,13.022,13.032,13.051,13.079,13.116,13.16,13.207,13.256,13.303,13.35,13.397,13.441,13.48,13.514,13.545,13.574,13.601,13.624,13.645,13.664,13.681,13.695,13.707,13.716,13.722
13.231,13.231,13.231,13.231,13.23,13.228,13.226,13.222,13.214,13.202,13.188,13.182,13.176,13.169,13.163,13.156,13.15,13.143,13.137,13.131,13.126,13.122,13.118,13.115,13.113,13.111,13.11,13.109,13.108,13.106,13.105,13.103,13.101,13.099,13.097,13.094,13.091,13.087,13.083,13.079,13.075,13.07,13.065,13.059,13.053,13.047,13.042,13.04,13.042,13.05,13.065,13.09,13.123,13.165,13.211,13.26,13.309,13.357,13.402,13.442,13.476,13.507,13.536,13.563,13.588,13.612,13.634,13.655,13.674,13.693,13.709,13.723,13.734,13.742,13.748,13.754
13.234,13.235,13.235,13.234,13.234,13.232,13.23,13.225,13.218,13.205,13.191,13.185,13.179,13.172,13.166,13.159,13.153,13.146,13.141,13.135,13.131,13.127,13.123,13.121,13.119,13.117,13.116,13.115,13.114,13.112,13.111,13.109,13.107,13.104,13.102,13.099,13.096,13.092,13.089,13.084,13.08,13.074,13.068,13.063,13.059,13.059,13.064,13.077,13.099,13.129,13.166,13.208,13.253,13.297,13.34,13.382,13.42,13.455,13.487,13.514,13.54,13.567,13.594,13.62,13.645,13.669,13.691,13.71,13.725,13.738,13.748,13.757,13.765,13.773,13.783,13.795
13.238,13.239,13.239,13.238,13.237,13.236,13.233,13.229,13.221,13.208,13.194,13.188,13.181,13.175,13.168,13.162,13.156,13.15,13.144,13.139,13.135,13.131,13.128,13.126,13.124,13.123,13.122,13.121,13.119,13.118,13.116,13.114,13.112,13.11,13.107,13.104,13.101,13.097,13.093,13.088,13.082,13.077,13.074,13.076,13.085,13.102,13.129,13.164,13.205,13.249,13.294,13.336,13.374,13.409,13.442,13.471,13.497,13.52,13.541,13.563,13.587,13.613,13.64,13.665,13.689,13.711,13.73,13.747,13.761,13.774,13.787,13.8,13.811,13.822,13.83,13.836
13.242,13.242,13.242,13.242,13.241,13.239,13.237,13.232,13.225,13.211,13.197,13.19,13.184,13.177,13.171,13.165,13.159,13.153,13.148,13.143,13.14,13.136,13.134,13.132,13.13,13.129,13.128,13.127,13.125,13.124,13.122,13.12,13.117,13.115,13.112,13.109,13.105,13.1,13.095,13.091,13.089,13.092,13.102,13.123,13.154,13.194,13.239,13.286,13.331,13.372,13.409,13.442,13.472,13.499,13.523,13.545,13.566,13.586,13.607,13.629,13.654,13.679,13.704,13.728,13.751,13.771,13.789,13.805,13.817,13.827,13.834,13.837,13.838,13.835,13.832,13.83
13.246,13.246,13.246,13.246,13.245,13.243,13.24,13.236,13.228,13.214,13.199,13.193,13.186,13.18,13.174,13.168,13.162,13.157,13.152,13.148,13.145,13.142,13.14,13.138,13.137,13.135,13.134,13.133,13.131,13.129,13.127,13.125,13.122,13.12,13.116,13.112,13.107,13.103,13.101,13.105,13.117,13.14,13.174,13.218,13.268,13.319,13.367,13.41,13.447,13.479,13.508,13.534,13.558,13.581,13.604,13.627,13.65,13.674,13.698,13.722,13.745,13.766,13.786,13.804,13.819,13.831,13.84,13.844,13.845,13.842,13.836,13.829,13.822,13.816,13.814,13.817
13.249,13.25,13.25,13.249,13.248,13.247,13.244,13.239,13.231,13.217,13.201,13.195,13.189,13.183,13.177,13.171,13.166,13.161,13.157,13.153,13.151,13.148,13.146,13.145,13.143,13.142,13.14,13.138,13.136,13.134,13.132,13.129,13.126,13.123,13.119,13.115,13.113,13.117,13.13,13.154,13.19,13.237,13.291,13.347,13.399,13.445,13.485,13.519,13.549,13.575,13.6,13.623,13.646,13.67,13.694,13.719,13.742,13.764,13.783,13.799,13.812,13.824,13.833,13.841,13.846,13.849,13.849,13.845,13.839,13.83,13.819,13.807,13.796,13.789,13.788,13.794
13.253,13.253,13.253,13.253,13.252,13.25,13.247,13.242,13.234,13.219,13.204,13.197,13.191,13.185,13.18,13.175,13.17,13.166,13.162,13.159,13.157,13.155,13.153,13.151,13.149,13.147,13.145,13.143,13.141,13.138,13.136,13.133,13.129,13.126,13.124,13.128,13.14,13.164,13.201,13.25,13.308,13.368,13.425,13.475,13.519,13.556,13.587,13.615,13.64,13.664,13.688,13.711,13.734,13.757,13.777,13.796,13.811,13.824,13.834,13.842,13.848,13.853,13.857,13.858,13.858,13.855,13.849,13.839,13.826,13.81,13.792,13.773,13.756,13.746,13.747,13.758
13.256,13.257,13.257,13.256,13.255,13.254,13.251,13.246,13.237,13.222,13.205,13.199,13.194,13.188,13.183,13.179,13.174,13.171,13.168,13.165,13.163,13.16,13.158,13.156,13.154,13.152,13.149,13.147,13.145,13.142,13.139,13.136,13.134,13.137,13.149,13.171,13.208,13.258,13.318,13.381,13.443,13.498,13.546,13.586,13.619,13.647,13.673,13.697,13.722,13.745,13.767,13.788,13.806,13.821,13.834,13.844,13.853,13.859,13.864,13.867,13.869,13.87,13.869,13.866,13.86,13.851,13.837,13.82,13.801,13.781,13.757,13.733,13.713,13.704,13.71,13.727
13.26,13.261,13.261,13.26,13.259,13.257,13.254,13.249,13.239,13.223,13.206,13.201,13.196,13.191,13.187,13.182,13.179,13.176,13.173,13.17,13.168,13.166,13.163,13.161,13.158,13.156,13.153,13.151,13.148,13.146,13.144,13.146,13.156,13.176,13.211,13.26,13.321,13.387,13.453,13.512,13.564,13.607,13.642,13.671,13.696,13.72,13.743,13.767,13.79,13.81,13.827,13.841,13.852,13.862,13.869,13.874,13.878,13.88,13.88,13.88,13.877,13.874,13.869,13.861,13.85,13.834,13.815,13.795,13.776,13.753,13.728,13.703,13.685,13.682,13.693,13.716
13.264,13.265,13.265,13.264,13.263,13.261,13.258,13.252,13.242,13.225,13.208,13.203,13.198,13.194,13.19,13.186,13.183,13.18,13.178,13.175,13.173,13.17,13.167,13.165,13.163,13.16,13.158,13.155,13.154,13.155,13.162,13.18,13.211,13.257,13.317,13.385,13.454,13.518,13.573,13.619,13.656,13.686,13.711,13.733,13.755,13.779,13.802,13.823,13.84,13.855,13.867,13.877,13.884,13.89,13.893,13.894,13.894,13.891,13.888,13.883,13.877,13.87,13.862,13.85,13.835,13.816,13.796,13.778,13.76,13.737,13.713,13.692,13.679,13.681,13.697,13.722
13.268,13.269,13.269,13.268,13.267,13.265,13.261,13.255,13.245,13.227,13.209,13.204,13.2,13.196,13.193,13.19,13.187,13.185,13.182,13.18,13.177,13.174,13.172,13.17,13.167,13.165,13.163,13.163,13.168,13.181,13.208,13.25,13.307,13.375,13.446,13.514,13.573,13.622,13.662,13.692,13.717,13.739,13.761,13.784,13.807,13.829,13.848,13.864,13.877,13.888,13.897,13.904,13.909,13.911,13.911,13.909,13.905,13.898,13.89,13.881,13.873,13.864,13.855,13.842,13.825,13.806,13.789,13.773,13.755,13.733,13.713,13.697,13.688,13.69,13.706,13.73
13.272,13.273,13.273,13.272,13.271,13.269,13.265,13.259,13.248,13.23,13.21,13.206,13.203,13.2,13.197,13.194,13.192,13.189,13.187,13.184,13.182,13.179,13.177,13.175,13.173,13.171,13.173,13.182,13.202,13.237,13.289,13.355,13.428,13.5,13.564,13.618,13.661,13.693,13.718,13.739,13.76,13.783,13.807,13.83,13.85,13.868,13.882,13.895,13.906,13.915,13.921,13.925,13.927,13.926,13.922,13.916,13.907,13.897,13.886,13.875,13.867,13.859,13.851,13.838,13.821,13.804,13.789,13.773,13.755,13.737,13.72,13.704,13.697,13.698,13.71,13.732
13.276,13.277,13.277,13.276,13.275,13.273,13.269,13.263,13.252,13.233,13.213,13.209,13.206,13.203,13.201,13.198,13.196,13.194,13.192,13.19,13.188,13.185,13.183,13.181,13.181,13.185,13.197,13.223,13.266,13.326,13.398,13.474,13.545,13.605,13.653,13.689,13.716,13.737,13.757,13.779,13.803,13.826,13.847,13.865,13.88,13.895,13.907,13.917,13.924,13.929,13.931,13.93,13.926,13.92,13.913,13.905,13.897,13.888,13.879,13.87,13.863,13.857,13.848,13.835,13.818,13.801,13.785,13.769,13.751,13.733,13.714,13.7,13.696,13.698,13.708,13.731
13.281,13.281,13.281,13.281,13.28,13.277,13.273,13.267,13.256,13.236,13.216,13.213,13.21,13.208,13.205,13.203,13.201,13.2,13.198,13.196,13.194,13.192,13.191,13.191,13.197,13.213,13.244,13.292,13.359,13.435,13.512,13.581,13.637,13.68,13.71,13.733,13.753,13.773,13.796,13.818,13.838,13.856,13.871,13.886,13.9,13.912,13.92,13.926,13.928,13.926,13.921,13.912,13.901,13.892,13.885,13.882,13.88,13.88,13.878,13.874,13.869,13.861,13.848,13.83,13.81,13.791,13.77,13.749,13.728,13.709,13.693,13.685,13.686,13.687,13.699,13.727
13.285,13.286,13.286,13.285,13.284,13.282,13.278,13.272,13.26,13.241,13.22,13.217,13.215,13.213,13.211,13.209,13.207,13.206,13.205,13.203,13.202,13.201,13.202,13.209,13.228,13.262,13.316,13.386,13.465,13.542,13.609,13.661,13.699,13.726,13.747,13.766,13.787,13.809,13.828,13.844,13.858,13.872,13.885,13.899,13.91,13.917,13.921,13.922,13.919,13.911,13.9,13.885,13.87,13.861,13.86,13.866,13.875,13.884,13.887,13.884,13.878,13.866,13.845,13.821,13.796,13.769,13.74,13.715,13.695,13.683,13.678,13.677,13.674,13.673,13.693,13.725
13.29,13.291,13.291,13.29,13.289,13.287,13.283,13.277,13.265,13.246,13.225,13.223,13.22,13.218,13.217,13.215,13.214,13.213,13.212,13.211,13.21,13.213,13.221,13.242,13.279,13.336,13.41,13.49,13.566,13.63,13.68,13.714,13.738,13.758,13.778,13.799,13.818,13.833,13.844,13.855,13.866,13.879,13.892,13.903,13.911,13.915,13.916,13.914,13.909,13.899,13.885,13.868,13.856,13.853,13.859,13.87,13.882,13.891,13.893,13.888,13.88,13.866,13.841,13.81,13.777,13.741,13.71,13.69,13.679,13.677,13.679,13.678,13.67,13.672,13.7,13.728
13.295,13.296,13.296,13.295,13.294,13.292,13.288,13.282,13.271,13.251,13.231,13.228,13.226,13.225,13.223,13.222,13.221,13.221,13.22,13.22,13.222,13.232,13.254,13.293,13.353,13.428,13.509,13.584,13.646,13.693,13.726,13.748,13.768,13.789,13.808,13.823,13.834,13.841,13.848,13.858,13.87,13.882,13.894,13.903,13.909,13.913,13.914,13.912,13.905,13.894,13.878,13.865,13.86,13.863,13.869,13.877,13.885,13.888,13.886,13.88,13.872,13.859,13.833,13.796,13.753,13.714,13.688,13.67,13.663,13.667,13.675,13.68,13.681,13.693,13.719,13.732
13.3,13.301,13.301,13.3,13.299,13.297,13.293,13.287,13.276,13.257,13.237,13.234,13.233,13.231,13.23,13.229,13.229,13.228,13.228,13.231,13.241,13.263,13.303,13.364,13.44,13.521,13.595,13.657,13.703,13.734,13.757,13.777,13.797,13.815,13.827,13.833,13.837,13.842,13.85,13.86,13.873,13.885,13.896,13.905,13.911,13.916,13.918,13.913,13.903,13.888,13.875,13.868,13.868,13.869,13.871,13.875,13.878,13.879,13.878,13.872,13.861,13.845,13.813,13.764,13.713,13.675,13.646,13.623,13.622,13.643,13.671,13.692,13.705,13.721,13.736,13.726
13.306,13.306,13.306,13.306,13.305,13.302,13.299,13.293,13.282,13.263,13.243,13.241,13.239,13.238,13.237,13.236,13.236,13.236,13.239,13.248,13.27,13.31,13.37,13.446,13.527,13.601,13.663,13.709,13.74,13.764,13.784,13.804,13.819,13.829,13.833,13.835,13.839,13.845,13.854,13.865,13.878,13.89,13.901,13.91,13.918,13.923,13.92,13.909,13.893,13.88,13.874,13.873,13.87,13.865,13.866,13.871,13.877,13.879,13.876,13.865,13.841,13.805,13.753,13.693,13.646,13.609,13.574,13.564,13.593,13.642,13.687,13.716,13.73,13.737,13.732,13.698
13.311,13.312,13.312,13.311,13.31,13.308,13.304,13.298,13.288,13.269,13.249,13.247,13.246,13.245,13.244,13.244,13.244,13.246,13.255,13.275,13.313,13.371,13.446,13.527,13.602,13.664,13.711,13.744,13.768,13.79,13.808,13.822,13.829,13.832,13.834,13.838,13.844,13.852,13.861,13.873,13.887,13.9,13.911,13.92,13.926,13.925,13.913,13.892,13.875,13.872,13.875,13.873,13.863,13.858,13.864,13.874,13.879,13.875,13.86,13.829,13.775,13.717,13.653,13.609,13.577,13.539,13.522,13.554,13.608,13.662,13.707,13.733,13.735,13.718,13.685,13.631
13.317,13.318,13.318,13.317,13.316,13.314,13.31,13.304,13.294,13.275,13.255,13.254,13.253,13.252,13.251,13.251,13.253,13.26,13.278,13.313,13.368,13.441,13.522,13.597,13.66,13.709,13.744,13.77,13.792,13.81,13.822,13.828,13.83,13.832,13.838,13.845,13.853,13.862,13.874,13.887,13.901,13.912,13.922,13.929,13.929,13.917,13.891,13.866,13.86,13.869,13.874,13.866,13.856,13.857,13.864,13.871,13.869,13.852,13.81,13.733,13.643,13.603,13.58,13.56,13.523,13.493,13.521,13.583,13.64,13.686,13.72,13.729,13.699,13.638,13.567,13.503
13.323,13.323,13.323,13.323,13.322,13.32,13.316,13.31,13.3,13.281,13.262,13.26,13.26,13.259,13.258,13.259,13.265,13.281,13.312,13.363,13.432,13.512,13.587,13.652,13.703,13.741,13.769,13.792,13.809,13.82,13.824,13.826,13.83,13.838,13.847,13.856,13.866,13.879,13.892,13.905,13.916,13.926,13.933,13.934,13.922,13.895,13.861,13.845,13.853,13.864,13.865,13.859,13.855,13.856,13.86,13.859,13.845,13.804,13.718,13.596,13.544,13.551,13.548,13.513,13.47,13.481,13.543,13.614,13.67,13.706,13.717,13.692,13.613,13.5,13.402,13.32
13.329,13.329,13.329,13.329,13.328,13.326,13.322,13.317,13.306,13.288,13.268,13.267,13.266,13.265,13.266,13.27,13.283,13.309,13.355,13.42,13.497,13.573,13.639,13.694,13.735,13.765,13.788,13.805,13.815,13.819,13.822,13.828,13.838,13.851,13.863,13.875,13.888,13.901,13.913,13.923,13.931,13.937,13.939,13.93,13.904,13.866,13.837,13.836,13.846,13.853,13.857,13.857,13.855,13.852,13.849,13.837,13.8,13.722,13.599,13.512,13.527,13.528,13.501,13.458,13.443,13.47,13.531,13.609,13.671,13.704,13.699,13.652,13.564,13.441,13.297,13.145
13.335,13.335,13.335,13.335,13.334,13.332,13.328,13.323,13.313,13.294,13.274,13.273,13.273,13.273,13.275,13.285,13.307,13.346,13.405,13.479,13.555,13.623,13.68,13.725,13.758,13.782,13.799,13.809,13.813,13.816,13.824,13.837,13.852,13.868,13.884,13.899,13.912,13.923,13.931,13.937,13.942,13.944,13.937,13.916,13.879,13.841,13.828,13.831,13.835,13.845,13.856,13.859,13.854,13.845,13.831,13.8,13.731,13.616,13.509,13.501,13.503,13.484,13.458,13.429,13.402,13.399,13.456,13.542,13.617,13.662,13.666,13.63,13.56,13.449,13.283,13.117
13.341,13.342,13.342,13.341,13.34,13.338,13.335,13.329,13.319,13.301,13.28,13.28,13.28,13.281,13.288,13.304,13.337,13.389,13.458,13.534,13.603,13.662,13.711,13.747,13.773,13.791,13.802,13.806,13.81,13.818,13.832,13.849,13.868,13.887,13.906,13.92,13.931,13.939,13.945,13.949,13.95,13.946,13.929,13.897,13.856,13.83,13.827,13.824,13.828,13.842,13.856,13.86,13.852,13.833,13.802,13.743,13.636,13.513,13.485,13.491,13.472,13.464,13.446,13.398,13.319,13.268,13.295,13.379,13.477,13.545,13.56,13.527,13.477,13.426,13.366,13.294
13.347,13.348,13.348,13.347,13.346,13.344,13.341,13.336,13.326,13.307,13.287,13.286,13.287,13.291,13.303,13.329,13.373,13.435,13.508,13.579,13.64,13.692,13.733,13.762,13.781,13.793,13.797,13.801,13.809,13.822,13.839,13.859,13.882,13.904,13.922,13.935,13.944,13.951,13.955,13.957,13.954,13.942,13.917,13.879,13.843,13.831,13.826,13.821,13.826,13.84,13.855,13.86,13.847,13.814,13.759,13.668,13.546,13.482,13.495,13.492,13.485,13.476,13.439,13.354,13.231,13.127,13.092,13.144,13.248,13.351,13.421,13.457,13.47,13.462,13.44,13.416
13.354,13.354,13.354,13.354,13.353,13.351,13.348,13.342,13.332,13.314,13.293,13.293,13.295,13.303,13.322,13.358,13.412,13.481,13.552,13.616,13.67,13.714,13.747,13.769,13.782,13.788,13.791,13.798,13.808,13.823,13.843,13.868,13.895,13.918,13.935,13.946,13.954,13.96,13.963,13.963,13.955,13.937,13.905,13.868,13.844,13.835,13.827,13.824,13.829,13.838,13.85,13.857,13.842,13.796,13.72,13.618,13.531,13.511,13.513,13.515,13.512,13.482,13.42,13.325,13.201,13.069,12.988,13.019,13.094,13.176,13.249,13.304,13.349,13.391,13.426,13.453
13.361,13.361,13.361,13.36,13.359,13.358,13.354,13.349,13.339,13.321,13.299,13.3,13.305,13.318,13.345,13.39,13.451,13.522,13.588,13.644,13.691,13.728,13.753,13.769,13.777,13.781,13.786,13.794,13.804,13.82,13.846,13.878,13.908,13.932,13.947,13.958,13.964,13.969,13.971,13.967,13.956,13.932,13.898,13.866,13.85,13.839,13.833,13.833,13.835,13.837,13.844,13.853,13.843,13.798,13.722,13.637,13.569,13.537,13.532,13.531,13.513,13.47,13.405,13.308,13.169,13.017,12.984,13.095,13.184,13.229,13.259,13.286,13.312,13.344,13.382,13.408
13.367,13.368,13.368,13.367,13.366,13.364,13.361,13.356,13.346,13.328,13.306,13.308,13.317,13.335,13.37,13.423,13.489,13.557,13.616,13.665,13.705,13.735,13.754,13.764,13.77,13.775,13.78,13.785,13.795,13.817,13.851,13.888,13.921,13.946,13.963,13.973,13.978,13.98,13.979,13.972,13.956,13.929,13.896,13.873,13.859,13.847,13.843,13.844,13.844,13.841,13.841,13.848,13.848,13.818,13.752,13.666,13.585,13.547,13.541,13.527,13.49,13.429,13.343,13.213,13.041,12.929,13.04,13.2,13.318,13.385,13.415,13.423,13.418,13.418,13.443,13.469
13.374,13.375,13.375,13.374,13.373,13.371,13.368,13.363,13.353,13.335,13.313,13.317,13.33,13.355,13.397,13.456,13.523,13.585,13.637,13.68,13.713,13.736,13.75,13.758,13.764,13.768,13.769,13.771,13.784,13.813,13.853,13.895,13.932,13.96,13.978,13.988,13.992,13.992,13.987,13.975,13.955,13.928,13.9,13.884,13.869,13.859,13.856,13.855,13.851,13.843,13.842,13.845,13.849,13.832,13.773,13.681,13.592,13.549,13.535,13.511,13.458,13.372,13.244,13.07,12.915,12.944,13.125,13.27,13.383,13.461,13.512,13.537,13.533,13.519,13.513,13.504
13.381,13.381,13.381,13.381,13.38,13.378,13.375,13.37,13.36,13.342,13.321,13.327,13.345,13.376,13.425,13.487,13.551,13.607,13.652,13.689,13.715,13.734,13.745,13.754,13.758,13.757,13.753,13.756,13.773,13.808,13.853,13.899,13.939,13.97,13.99,14,14.004,14.001,13.992,13.977,13.955,13.929,13.91,13.896,13.883,13.876,13.871,13.866,13.855,13.837,13.841,13.844,13.847,13.839,13.794,13.711,13.613,13.547,13.521,13.485,13.406,13.279,13.11,12.939,12.861,13.022,13.18,13.301,13.392,13.453,13.501,13.525,13.514,13.472,13.408,13.327
13.388,13.389,13.389,13.388,13.387,13.385,13.382,13.377,13.367,13.349,13.329,13.339,13.362,13.399,13.452,13.515,13.575,13.623,13.662,13.693,13.715,13.731,13.742,13.749,13.749,13.743,13.737,13.741,13.762,13.802,13.851,13.901,13.944,13.976,13.997,14.009,14.011,14.007,13.996,13.98,13.96,13.939,13.923,13.91,13.903,13.897,13.89,13.88,13.859,13.829,13.835,13.841,13.844,13.843,13.811,13.736,13.634,13.545,13.5,13.445,13.333,13.18,13.017,12.877,12.868,13.065,13.189,13.286,13.338,13.36,13.372,13.36,13.3,13.186,13.027,12.868
13.395,13.396,13.396,13.395,13.394,13.393,13.39,13.384,13.375,13.357,13.338,13.352,13.38,13.422,13.478,13.539,13.593,13.635,13.669,13.695,13.715,13.73,13.739,13.742,13.737,13.727,13.72,13.727,13.752,13.795,13.849,13.902,13.948,13.983,14.005,14.016,14.018,14.013,14.003,13.989,13.973,13.957,13.941,13.931,13.927,13.921,13.91,13.893,13.859,13.823,13.829,13.837,13.841,13.844,13.823,13.752,13.635,13.526,13.462,13.4,13.29,13.154,12.992,12.797,12.888,13.064,13.166,13.224,13.227,13.199,13.154,13.079,12.95,12.763,12.576,12.495
13.403,13.403,13.403,13.403,13.402,13.4,13.397,13.392,13.383,13.366,13.348,13.365,13.399,13.444,13.502,13.56,13.607,13.644,13.674,13.697,13.715,13.729,13.735,13.732,13.722,13.711,13.706,13.715,13.744,13.791,13.848,13.905,13.955,13.992,14.015,14.027,14.029,14.024,14.016,14.008,13.997,13.982,13.967,13.959,13.955,13.946,13.927,13.896,13.846,13.818,13.829,13.836,13.838,13.842,13.83,13.776,13.668,13.54,13.446,13.379,13.286,13.152,12.934,12.717,12.879,13.034,13.117,13.13,13.083,13.015,12.921,12.783,12.612,12.452,12.389,12.45
13.41,13.411,13.411,13.41,13.409,13.408,13.405,13.4,13.391,13.375,13.359,13.38,13.418,13.466,13.524,13.577,13.619,13.651,13.678,13.699,13.716,13.726,13.728,13.72,13.708,13.697,13.694,13.706,13.739,13.791,13.852,13.913,13.966,14.004,14.028,14.04,14.042,14.04,14.037,14.034,14.028,14.015,14.001,13.993,13.986,13.969,13.937,13.887,13.825,13.813,13.83,13.838,13.838,13.84,13.833,13.795,13.706,13.576,13.456,13.375,13.283,13.122,12.843,12.659,12.832,12.973,13.04,13.019,12.937,12.829,12.691,12.536,12.404,12.346,12.39,12.482
13.418,13.418,13.418,13.418,13.417,13.416,13.413,13.408,13.4,13.384,13.371,13.396,13.438,13.488,13.543,13.591,13.629,13.658,13.682,13.702,13.716,13.722,13.718,13.708,13.695,13.685,13.685,13.701,13.739,13.795,13.86,13.925,13.979,14.018,14.042,14.055,14.059,14.061,14.063,14.064,14.06,14.05,14.038,14.029,14.016,13.989,13.943,13.875,13.807,13.809,13.832,13.841,13.84,13.838,13.833,13.806,13.737,13.622,13.493,13.397,13.298,13.117,12.778,12.593,12.743,12.871,12.925,12.885,12.78,12.648,12.506,12.391,12.343,12.371,12.438,12.47
13.426,13.426,13.426,13.426,13.425,13.424,13.421,13.417,13.409,13.394,13.384,13.413,13.457,13.508,13.56,13.604,13.637,13.665,13.687,13.704,13.714,13.714,13.707,13.694,13.682,13.675,13.678,13.7,13.743,13.803,13.872,13.94,13.996,14.033,14.057,14.071,14.079,14.084,14.09,14.092,14.089,14.081,14.072,14.064,14.044,14.007,13.946,13.864,13.794,13.804,13.831,13.844,13.843,13.836,13.831,13.811,13.76,13.665,13.543,13.436,13.321,13.108,12.735,12.524,12.619,12.712,12.753,12.714,12.617,12.501,12.403,12.365,12.385,12.43,12.461,12.444
13.434,13.434,13.434,13.434,13.433,13.432,13.429,13.425,13.418,13.405,13.398,13.431,13.477,13.526,13.575,13.614,13.646,13.67,13.69,13.704,13.709,13.705,13.693,13.68,13.669,13.666,13.675,13.702,13.75,13.814,13.887,13.958,14.013,14.049,14.073,14.088,14.099,14.106,14.111,14.112,14.109,14.105,14.101,14.093,14.069,14.021,13.948,13.858,13.786,13.796,13.825,13.845,13.848,13.838,13.83,13.814,13.776,13.699,13.591,13.487,13.387,13.217,12.817,12.487,12.514,12.528,12.536,12.514,12.471,12.431,12.414,12.427,12.447,12.461,12.459,12.421
13.442,13.442,13.442,13.442,13.441,13.44,13.438,13.434,13.428,13.416,13.412,13.448,13.496,13.543,13.588,13.624,13.653,13.675,13.692,13.701,13.701,13.693,13.679,13.666,13.658,13.659,13.675,13.708,13.76,13.827,13.905,13.976,14.029,14.065,14.088,14.104,14.115,14.122,14.123,14.121,14.119,14.119,14.121,14.116,14.088,14.032,13.955,13.86,13.781,13.785,13.813,13.835,13.847,13.841,13.828,13.814,13.784,13.724,13.633,13.539,13.455,13.293,12.799,12.509,12.538,12.532,12.519,12.501,12.496,12.502,12.512,12.511,12.498,12.481,12.457,12.409
13.45,13.451,13.451,13.45,13.45,13.449,13.447,13.444,13.438,13.429,13.428,13.466,13.513,13.559,13.6,13.633,13.659,13.679,13.692,13.697,13.692,13.679,13.664,13.653,13.65,13.656,13.677,13.714,13.77,13.842,13.923,13.994,14.047,14.08,14.101,14.117,14.126,14.128,14.123,14.118,14.117,14.12,14.125,14.122,14.097,14.045,13.97,13.871,13.777,13.771,13.795,13.815,13.834,13.838,13.826,13.809,13.783,13.737,13.666,13.585,13.499,13.321,12.793,12.657,12.625,12.666,12.689,12.674,12.661,12.661,12.653,12.628,12.585,12.53,12.475,12.419
13.459,13.459,13.459,13.459,13.458,13.457,13.456,13.453,13.448,13.441,13.444,13.484,13.53,13.573,13.611,13.641,13.665,13.681,13.69,13.69,13.681,13.666,13.651,13.643,13.645,13.656,13.681,13.722,13.781,13.857,13.941,14.013,14.064,14.095,14.114,14.127,14.131,14.124,14.113,14.105,14.101,14.096,14.091,14.084,14.074,14.048,13.988,13.886,13.771,13.752,13.776,13.787,13.805,13.818,13.814,13.798,13.774,13.736,13.679,13.605,13.503,13.293,12.942,12.909,12.764,12.746,12.794,12.807,12.814,12.834,12.847,12.83,12.752,12.627,12.518,12.446
13.467,13.467,13.467,13.467,13.467,13.466,13.465,13.463,13.459,13.454,13.46,13.501,13.546,13.585,13.621,13.648,13.669,13.682,13.687,13.683,13.67,13.654,13.642,13.638,13.643,13.658,13.685,13.728,13.791,13.874,13.961,14.034,14.082,14.11,14.126,14.133,14.129,14.113,14.095,14.08,14.059,14.022,13.977,13.951,13.972,14.002,13.982,13.889,13.753,13.723,13.756,13.759,13.766,13.78,13.782,13.769,13.749,13.716,13.668,13.6,13.489,13.322,13.196,13.015,12.795,12.784,12.85,12.903,12.96,13.021,13.06,13.05,12.941,12.753,12.581,12.482
13.476,13.476,13.476,13.476,13.475,13.475,13.474,13.473,13.47,13.467,13.476,13.518,13.56,13.597,13.629,13.654,13.672,13.682,13.683,13.675,13.66,13.645,13.635,13.635,13.643,13.659,13.688,13.734,13.803,13.893,13.983,14.055,14.1,14.123,14.134,14.135,14.12,14.094,14.067,14.035,13.977,13.876,13.762,13.727,13.799,13.886,13.922,13.858,13.705,13.667,13.732,13.738,13.726,13.731,13.738,13.734,13.716,13.687,13.648,13.59,13.498,13.375,13.138,12.87,12.779,12.815,12.895,12.99,13.084,13.146,13.173,13.16,13.06,12.869,12.655,12.518
13.484,13.484,13.484,13.484,13.484,13.484,13.483,13.482,13.481,13.48,13.492,13.534,13.574,13.607,13.637,13.66,13.674,13.681,13.679,13.668,13.652,13.639,13.632,13.634,13.643,13.661,13.691,13.742,13.818,13.916,14.009,14.078,14.117,14.134,14.139,14.131,14.105,14.068,14.026,13.968,13.857,13.687,13.561,13.582,13.669,13.772,13.83,13.777,13.605,13.569,13.684,13.722,13.703,13.688,13.692,13.701,13.695,13.668,13.632,13.577,13.473,13.248,12.899,12.819,12.815,12.866,12.955,13.061,13.136,13.161,13.164,13.152,13.092,12.949,12.727,12.55
13.492,13.492,13.492,13.492,13.492,13.492,13.492,13.492,13.492,13.493,13.508,13.548,13.586,13.617,13.645,13.664,13.676,13.679,13.674,13.662,13.647,13.636,13.632,13.635,13.644,13.662,13.695,13.751,13.839,13.944,14.037,14.1,14.131,14.142,14.139,14.12,14.083,14.033,13.97,13.884,13.754,13.595,13.525,13.57,13.619,13.704,13.751,13.669,13.45,13.432,13.592,13.679,13.69,13.668,13.652,13.662,13.67,13.644,13.589,13.494,13.307,13.006,12.898,12.883,12.88,12.919,12.997,13.078,13.118,13.125,13.127,13.127,13.107,13.012,12.793,12.577
13.501,13.501,13.501,13.501,13.501,13.501,13.501,13.501,13.502,13.505,13.523,13.562,13.597,13.626,13.651,13.668,13.677,13.678,13.671,13.659,13.645,13.635,13.633,13.636,13.646,13.664,13.699,13.765,13.866,13.976,14.065,14.119,14.141,14.144,14.133,14.103,14.049,13.981,13.908,13.81,13.685,13.584,13.581,13.612,13.624,13.668,13.682,13.551,13.284,13.295,13.451,13.571,13.644,13.656,13.622,13.597,13.599,13.57,13.485,13.34,13.132,13.013,13.046,13.019,12.982,12.974,13.007,13.051,13.075,13.09,13.108,13.129,13.137,13.072,12.854,12.603
13.509,13.509,13.509,13.509,13.509,13.509,13.509,13.51,13.511,13.517,13.536,13.574,13.607,13.634,13.656,13.671,13.678,13.677,13.67,13.658,13.645,13.637,13.635,13.638,13.647,13.666,13.707,13.785,13.901,14.012,14.093,14.134,14.146,14.141,14.123,14.083,13.998,13.872,13.778,13.72,13.661,13.62,13.625,13.637,13.64,13.652,13.622,13.453,13.189,13.205,13.306,13.422,13.546,13.637,13.653,13.582,13.518,13.469,13.386,13.267,13.171,13.242,13.299,13.299,13.244,13.158,13.087,13.059,13.058,13.072,13.097,13.127,13.15,13.108,12.902,12.632
13.517,13.517,13.517,13.517,13.517,13.517,13.518,13.518,13.521,13.527,13.548,13.585,13.615,13.639,13.66,13.673,13.679,13.677,13.67,13.658,13.647,13.64,13.638,13.64,13.648,13.669,13.719,13.817,13.944,14.05,14.115,14.142,14.144,14.132,14.109,14.078,14.022,13.92,13.793,13.702,13.658,13.631,13.636,13.649,13.65,13.64,13.569,13.385,13.188,13.169,13.222,13.311,13.437,13.562,13.64,13.657,13.614,13.524,13.46,13.411,13.439,13.495,13.537,13.553,13.541,13.485,13.376,13.252,13.158,13.109,13.101,13.12,13.145,13.119,12.935,12.665
13.525,13.525,13.525,13.525,13.525,13.525,13.526,13.527,13.529,13.536,13.558,13.593,13.621,13.643,13.662,13.673,13.679,13.677,13.67,13.66,13.65,13.643,13.641,13.642,13.65,13.675,13.742,13.864,13.991,14.083,14.131,14.145,14.139,14.12,14.093,14.061,14.007,13.913,13.798,13.704,13.646,13.619,13.643,13.659,13.655,13.639,13.565,13.396,13.217,13.17,13.211,13.258,13.341,13.456,13.561,13.627,13.656,13.668,13.659,13.647,13.646,13.647,13.639,13.616,13.591,13.573,13.543,13.471,13.35,13.221,13.141,13.124,13.14,13.122,12.961,12.706
13.532,13.532,13.532,13.532,13.533,13.533,13.533,13.534,13.537,13.544,13.565,13.599,13.624,13.644,13.661,13.672,13.677,13.677,13.671,13.663,13.654,13.647,13.644,13.645,13.654,13.69,13.786,13.923,14.039,14.109,14.137,14.141,14.13,14.107,14.073,14.032,13.975,13.887,13.766,13.666,13.608,13.613,13.651,13.66,13.648,13.62,13.539,13.374,13.202,13.2,13.24,13.25,13.281,13.348,13.431,13.506,13.561,13.593,13.608,13.611,13.607,13.591,13.553,13.498,13.449,13.428,13.433,13.435,13.393,13.295,13.188,13.137,13.141,13.123,12.982,12.753
13.54,13.54,13.54,13.54,13.54,13.54,13.541,13.541,13.544,13.55,13.57,13.601,13.624,13.641,13.657,13.667,13.673,13.674,13.671,13.665,13.657,13.651,13.648,13.649,13.664,13.726,13.852,13.987,14.079,14.123,14.135,14.134,14.124,14.103,14.062,14.002,13.94,13.866,13.757,13.644,13.581,13.604,13.648,13.65,13.631,13.596,13.51,13.347,13.197,13.253,13.287,13.277,13.269,13.275,13.3,13.336,13.369,13.392,13.406,13.417,13.425,13.427,13.419,13.398,13.363,13.325,13.309,13.316,13.309,13.256,13.183,13.143,13.144,13.122,12.997,12.806
13.548,13.547,13.547,13.548,13.548,13.548,13.548,13.548,13.55,13.555,13.573,13.6,13.62,13.636,13.649,13.659,13.666,13.669,13.668,13.664,13.659,13.655,13.651,13.655,13.692,13.794,13.935,14.044,14.104,14.124,14.126,14.126,14.124,14.107,14.052,13.963,13.887,13.822,13.715,13.599,13.552,13.576,13.633,13.637,13.606,13.552,13.442,13.276,13.226,13.317,13.353,13.343,13.328,13.303,13.281,13.268,13.258,13.249,13.246,13.253,13.271,13.303,13.344,13.379,13.384,13.343,13.282,13.247,13.232,13.204,13.163,13.142,13.143,13.117,13.014,12.866
