13.124,13.124,13.124,13.124,13.123,13.121,13.119,13.116,13.113,13.11,13.106,13.103,13.099,13.095,13.09,13.085,13.08,13.075,13.07,13.064,13.058,13.052,13.046,13.039,13.033,13.026,13.02,13.013,13.004,12.996,12.988,12.974,12.959,12.963,12.973,12.974,12.974,12.974,12.972,12.969,12.965,12.961,12.956,12.953,12.931,12.912,12.931,12.932,12.931,12.928,12.923,12.918,12.913,12.907,12.9,12.893,12.886,12.878,12.869,12.861,12.852,12.842,12.833,12.823,12.812,12.801,12.79,12.779,12.767,12.758,12.719,12.721,12.721,12.714,12.704,12.696
13.124,13.124,13.124,13.124,13.123,13.121,13.118,13.116,13.113,13.11,13.106,13.103,13.099,13.094,13.09,13.085,13.08,13.075,13.069,13.064,13.058,13.052,13.046,13.039,13.033,13.026,13.019,13.012,13.004,12.997,12.988,12.979,12.971,12.971,12.974,12.974,12.974,12.973,12.971,12.968,12.965,12.96,12.955,12.949,12.938,12.929,12.932,12.932,12.93,12.927,12.923,12.918,12.913,12.907,12.9,12.893,12.885,12.878,12.869,12.861,12.852,12.842,12.832,12.822,12.812,12.801,12.79,12.778,12.766,12.753,12.734,12.726,12.719,12.711,12.699,12.682
13.124,13.125,13.125,13.124,13.123,13.121,13.118,13.116,13.113,13.11,13.106,13.103,13.099,13.094,13.09,13.085,13.08,13.075,13.069,13.064,13.058,13.052,13.046,13.039,13.033,13.026,13.019,13.012,13.005,12.998,12.99,12.983,12.978,12.976,12.976,12.976,12.975,12.973,12.971,12.968,12.965,12.96,12.955,12.949,12.942,12.937,12.935,12.933,12.931,12.927,12.923,12.918,12.913,12.907,12.9,12.893,12.885,12.878,12.869,12.861,12.852,12.842,12.832,12.822,12.812,12.801,12.79,12.778,12.766,12.753,12.74,12.729,12.72,12.711,12.699,12.684
13.124,13.125,13.125,13.124,13.123,13.121,13.119,13.116,13.113,13.11,13.106,13.103,13.099,13.095,13.09,13.085,13.08,13.075,13.07,13.064,13.058,13.052,13.046,13.039,13.033,13.026,13.02,13.013,13.006,12.999,12.992,12.986,12.982,12.979,12.978,12.977,12.976,12.974,12.972,12.969,12.965,12.961,12.956,12.951,12.945,12.941,12.938,12.935,12.932,12.928,12.923,12.918,12.913,12.907,12.9,12.893,12.886,12.878,12.869,12.861,12.852,12.842,12.833,12.823,12.812,12.801,12.79,12.779,12.767,12.755,12.743,12.732,12.723,12.713,12.702,12.69
13.125,13.126,13.126,13.125,13.124,13.122,13.119,13.116,13.113,13.11,13.107,13.103,13.099,13.095,13.09,13.086,13.081,13.075,13.07,13.064,13.058,13.052,13.046,13.04,13.033,13.027,13.02,13.013,13.007,13,12.994,12.989,12.985,12.982,12.98,12.979,12.977,12.975,12.972,12.969,12.966,12.962,12.957,12.953,12.948,12.943,12.94,12.936,12.933,12.929,12.924,12.919,12.913,12.907,12.901,12.894,12.886,12.878,12.87,12.861,12.852,12.843,12.833,12.823,12.813,12.802,12.791,12.78,12.768,12.757,12.746,12.736,12.726,12.716,12.707,12.697
13.126,13.127,13.127,13.126,13.125,13.123,13.12,13.117,13.114,13.111,13.107,13.103,13.099,13.095,13.091,13.086,13.081,13.076,13.07,13.064,13.058,13.052,13.046,13.04,13.033,13.027,13.02,13.014,13.008,13.002,12.996,12.991,12.988,12.985,12.982,12.98,12.978,12.976,12.973,12.97,12.967,12.963,12.959,12.954,12.95,12.946,12.942,12.938,12.934,12.93,12.925,12.92,12.914,12.908,12.902,12.894,12.887,12.879,12.871,12.862,12.853,12.844,12.834,12.824,12.814,12.803,12.792,12.781,12.77,12.759,12.749,12.739,12.73,12.721,12.713,12.705
13.128,13.128,13.128,13.128,13.126,13.125,13.122,13.118,13.115,13.111,13.108,13.104,13.1,13.096,13.091,13.086,13.081,13.076,13.07,13.065,13.059,13.053,13.047,13.04,13.034,13.027,13.021,13.015,13.009,13.003,12.998,12.993,12.99,12.987,12.984,12.982,12.98,12.978,12.975,12.972,12.968,12.965,12.961,12.956,12.952,12.948,12.944,12.94,12.936,12.931,12.927,12.921,12.916,12.909,12.903,12.896,12.888,12.88,12.872,12.863,12.854,12.845,12.835,12.825,12.815,12.804,12.794,12.783,12.772,12.762,12.752,12.743,12.734,12.726,12.72,12.714
13.129,13.13,13.13,13.129,13.128,13.127,13.124,13.121,13.116,13.112,13.108,13.105,13.101,13.096,13.092,13.087,13.082,13.077,13.071,13.065,13.059,13.053,13.047,13.041,13.034,13.028,13.022,13.016,13.01,13.004,13,12.995,12.992,12.989,12.986,12.984,12.982,12.979,12.977,12.974,12.97,12.966,12.963,12.958,12.954,12.95,12.946,12.942,12.938,12.933,12.928,12.923,12.917,12.911,12.904,12.897,12.89,12.881,12.873,12.864,12.855,12.846,12.837,12.827,12.817,12.806,12.796,12.785,12.775,12.765,12.756,12.747,12.74,12.733,12.729,12.726
13.131,13.132,13.132,13.132,13.131,13.129,13.127,13.124,13.119,13.114,13.11,13.106,13.102,13.097,13.093,13.088,13.083,13.077,13.072,13.066,13.06,13.054,13.048,13.041,13.035,13.029,13.023,13.017,13.011,13.006,13.001,12.997,12.994,12.991,12.989,12.987,12.984,12.982,12.979,12.976,12.972,12.969,12.965,12.961,12.957,12.953,12.949,12.945,12.94,12.936,12.931,12.925,12.919,12.913,12.906,12.899,12.892,12.884,12.875,12.867,12.858,12.848,12.839,12.829,12.819,12.809,12.799,12.789,12.779,12.77,12.761,12.754,12.748,12.744,12.742,12.744
13.134,13.134,13.134,13.134,13.133,13.132,13.13,13.127,13.123,13.117,13.111,13.107,13.103,13.099,13.094,13.089,13.084,13.079,13.073,13.067,13.061,13.055,13.048,13.042,13.036,13.03,13.024,13.018,13.013,13.008,13.003,13,12.997,12.994,12.992,12.99,12.987,12.985,12.982,12.979,12.976,12.972,12.968,12.964,12.961,12.957,12.953,12.948,12.944,12.939,12.934,12.929,12.923,12.916,12.91,12.902,12.895,12.887,12.878,12.87,12.861,12.852,12.843,12.833,12.823,12.813,12.803,12.794,12.785,12.776,12.769,12.765,12.763,12.764,12.769,12.785
13.136,13.137,13.137,13.137,13.136,13.135,13.133,13.131,13.127,13.121,13.114,13.11,13.106,13.101,13.096,13.091,13.086,13.08,13.074,13.068,13.062,13.056,13.05,13.044,13.037,13.031,13.025,13.02,13.015,13.01,13.006,13.003,13.001,12.998,12.996,12.994,12.992,12.989,12.987,12.984,12.98,12.977,12.973,12.969,12.966,12.962,12.958,12.954,12.949,12.944,12.939,12.934,12.928,12.921,12.915,12.908,12.9,12.892,12.884,12.875,12.867,12.858,12.849,12.84,12.831,12.821,12.812,12.803,12.796,12.792,12.794,12.807,12.832,12.862,12.884,12.96
13.139,13.14,13.14,13.139,13.139,13.138,13.136,13.134,13.131,13.125,13.117,13.113,13.109,13.104,13.099,13.093,13.088,13.082,13.076,13.07,13.064,13.058,13.051,13.045,13.039,13.033,13.028,13.023,13.018,13.014,13.011,13.009,13.006,13.004,13.002,13,12.998,12.996,12.993,12.99,12.986,12.983,12.98,12.976,12.972,12.969,12.965,12.961,12.956,12.952,12.947,12.941,12.936,12.93,12.923,12.916,12.909,12.902,12.895,12.888,12.881,12.874,12.866,12.858,12.851,12.848,12.852,12.866,12.893,12.931,12.98,13.044,13.13,13.203,13.28,13.372
13.142,13.143,13.143,13.143,13.142,13.141,13.14,13.138,13.135,13.129,13.121,13.116,13.112,13.107,13.102,13.096,13.09,13.084,13.078,13.072,13.066,13.06,13.053,13.047,13.042,13.036,13.031,13.027,13.023,13.02,13.017,13.015,13.013,13.011,13.009,13.007,13.005,13.002,12.999,12.996,12.993,12.99,12.986,12.983,12.98,12.976,12.972,12.969,12.964,12.96,12.955,12.95,12.945,12.939,12.934,12.928,12.923,12.917,12.912,12.905,12.898,12.893,12.892,12.899,12.92,12.954,13.001,13.063,13.144,13.224,13.289,13.358,13.443,13.504,13.545,13.571
13.146,13.146,13.146,13.146,13.145,13.144,13.143,13.142,13.139,13.133,13.125,13.12,13.115,13.11,13.104,13.098,13.093,13.087,13.08,13.074,13.068,13.062,13.056,13.05,13.045,13.04,13.035,13.032,13.028,13.026,13.024,13.022,13.02,13.018,13.016,13.014,13.011,13.008,13.006,13.003,13,12.997,12.994,12.99,12.987,12.984,12.981,12.977,12.973,12.969,12.965,12.961,12.956,12.952,12.948,12.943,12.938,12.933,12.927,12.924,12.929,12.948,12.985,13.039,13.113,13.198,13.268,13.334,13.419,13.497,13.534,13.558,13.588,13.617,13.639,13.65
13.149,13.149,13.149,13.149,13.149,13.148,13.147,13.145,13.142,13.136,13.128,13.123,13.118,13.112,13.107,13.101,13.095,13.089,13.083,13.077,13.071,13.065,13.059,13.054,13.049,13.045,13.041,13.038,13.035,13.033,13.031,13.029,13.027,13.025,13.023,13.02,13.018,13.015,13.012,13.01,13.007,13.004,13.001,12.998,12.995,12.992,12.989,12.986,12.983,12.98,12.976,12.973,12.97,12.966,12.961,12.956,12.951,12.951,12.961,12.989,13.038,13.107,13.192,13.274,13.36,13.455,13.514,13.539,13.573,13.612,13.641,13.656,13.663,13.66,13.647,13.632
13.152,13.153,13.153,13.152,13.152,13.151,13.15,13.149,13.146,13.14,13.131,13.125,13.12,13.115,13.109,13.103,13.097,13.092,13.086,13.08,13.074,13.068,13.063,13.058,13.054,13.05,13.047,13.044,13.042,13.04,13.038,13.036,13.034,13.031,13.029,13.027,13.024,13.021,13.019,13.017,13.014,13.012,13.009,13.006,13.004,13.001,12.999,12.997,12.994,12.992,12.989,12.985,12.981,12.976,12.972,12.974,12.987,13.021,13.077,13.155,13.243,13.33,13.419,13.485,13.527,13.575,13.618,13.645,13.659,13.662,13.654,13.639,13.628,13.623,13.626,13.638
13.156,13.156,13.156,13.156,13.155,13.155,13.154,13.152,13.149,13.143,13.134,13.128,13.123,13.117,13.112,13.106,13.1,13.094,13.088,13.083,13.077,13.072,13.067,13.063,13.059,13.056,13.053,13.051,13.049,13.047,13.045,13.042,13.04,13.038,13.035,13.033,13.031,13.028,13.026,13.024,13.021,13.019,13.017,13.015,13.013,13.012,13.01,13.008,13.005,13.002,12.998,12.994,12.99,12.993,13.007,13.042,13.101,13.181,13.273,13.362,13.444,13.503,13.554,13.596,13.63,13.656,13.664,13.655,13.636,13.621,13.619,13.628,13.646,13.67,13.69,13.703
13.159,13.159,13.159,13.159,13.159,13.158,13.157,13.156,13.153,13.146,13.136,13.13,13.125,13.12,13.114,13.108,13.103,13.097,13.092,13.086,13.081,13.077,13.072,13.068,13.065,13.062,13.06,13.057,13.055,13.053,13.051,13.049,13.046,13.044,13.042,13.039,13.037,13.035,13.033,13.031,13.029,13.027,13.026,13.025,13.024,13.022,13.02,13.017,13.013,13.009,13.007,13.01,13.025,13.059,13.116,13.194,13.284,13.372,13.451,13.513,13.564,13.604,13.641,13.663,13.666,13.648,13.622,13.607,13.612,13.631,13.661,13.688,13.709,13.719,13.718,13.712
13.163,13.163,13.163,13.163,13.162,13.162,13.161,13.159,13.156,13.149,13.138,13.132,13.127,13.122,13.116,13.111,13.105,13.1,13.095,13.09,13.085,13.081,13.077,13.074,13.071,13.068,13.066,13.063,13.061,13.059,13.057,13.054,13.052,13.05,13.048,13.046,13.044,13.042,13.04,13.039,13.038,13.037,13.036,13.034,13.032,13.029,13.026,13.022,13.022,13.027,13.044,13.078,13.133,13.206,13.291,13.376,13.455,13.517,13.567,13.61,13.646,13.664,13.663,13.642,13.615,13.599,13.604,13.628,13.66,13.689,13.711,13.721,13.724,13.724,13.721,13.711
13.166,13.166,13.166,13.166,13.166,13.165,13.164,13.162,13.159,13.151,13.14,13.134,13.129,13.124,13.119,13.113,13.108,13.103,13.098,13.094,13.09,13.086,13.082,13.079,13.076,13.074,13.071,13.069,13.067,13.064,13.062,13.06,13.057,13.055,13.053,13.052,13.05,13.049,13.048,13.047,13.046,13.045,13.042,13.039,13.036,13.035,13.038,13.049,13.072,13.11,13.164,13.233,13.31,13.389,13.463,13.525,13.575,13.617,13.648,13.664,13.66,13.639,13.613,13.597,13.6,13.619,13.648,13.677,13.701,13.714,13.723,13.733,13.737,13.726,13.7,13.669
13.17,13.17,13.17,13.17,13.169,13.169,13.168,13.166,13.162,13.154,13.142,13.136,13.131,13.126,13.121,13.116,13.111,13.106,13.102,13.098,13.094,13.09,13.087,13.084,13.081,13.079,13.076,13.074,13.072,13.069,13.067,13.065,13.063,13.061,13.06,13.059,13.058,13.057,13.055,13.053,13.05,13.048,13.046,13.048,13.056,13.075,13.107,13.154,13.214,13.283,13.356,13.428,13.492,13.545,13.588,13.624,13.65,13.659,13.651,13.633,13.611,13.596,13.599,13.615,13.638,13.664,13.686,13.701,13.716,13.734,13.746,13.743,13.722,13.687,13.646,13.613
13.173,13.173,13.173,13.173,13.173,13.172,13.171,13.169,13.165,13.156,13.144,13.138,13.133,13.128,13.123,13.119,13.114,13.11,13.105,13.101,13.098,13.095,13.091,13.089,13.086,13.083,13.081,13.078,13.076,13.074,13.072,13.07,13.068,13.067,13.067,13.066,13.064,13.061,13.058,13.055,13.056,13.062,13.078,13.106,13.147,13.201,13.265,13.336,13.406,13.473,13.53,13.576,13.608,13.63,13.643,13.646,13.637,13.619,13.602,13.594,13.599,13.614,13.634,13.656,13.677,13.691,13.705,13.727,13.746,13.752,13.744,13.724,13.687,13.638,13.595,13.565
13.176,13.177,13.177,13.176,13.176,13.175,13.174,13.172,13.167,13.158,13.145,13.14,13.135,13.131,13.126,13.121,13.117,13.113,13.109,13.105,13.102,13.098,13.095,13.093,13.09,13.087,13.085,13.083,13.081,13.079,13.077,13.076,13.075,13.074,13.072,13.068,13.065,13.063,13.066,13.079,13.105,13.145,13.197,13.259,13.325,13.391,13.453,13.508,13.555,13.589,13.612,13.627,13.631,13.625,13.613,13.6,13.592,13.592,13.601,13.615,13.632,13.653,13.673,13.686,13.697,13.717,13.74,13.754,13.756,13.747,13.73,13.698,13.645,13.59,13.557,13.537
13.18,13.18,13.18,13.18,13.179,13.179,13.177,13.175,13.17,13.16,13.147,13.142,13.137,13.133,13.128,13.124,13.12,13.116,13.112,13.109,13.105,13.102,13.099,13.096,13.094,13.091,13.089,13.087,13.085,13.084,13.083,13.082,13.079,13.076,13.072,13.071,13.076,13.095,13.131,13.184,13.249,13.321,13.391,13.456,13.511,13.555,13.586,13.603,13.612,13.614,13.61,13.602,13.594,13.588,13.588,13.593,13.603,13.617,13.633,13.651,13.67,13.684,13.694,13.71,13.733,13.752,13.76,13.759,13.751,13.736,13.712,13.67,13.605,13.552,13.536,13.527
13.183,13.183,13.183,13.183,13.183,13.182,13.18,13.178,13.173,13.163,13.149,13.144,13.14,13.135,13.131,13.127,13.123,13.119,13.115,13.112,13.109,13.106,13.103,13.1,13.098,13.095,13.093,13.092,13.09,13.089,13.087,13.084,13.08,13.078,13.083,13.104,13.146,13.209,13.286,13.368,13.443,13.51,13.562,13.596,13.613,13.617,13.613,13.605,13.596,13.589,13.585,13.585,13.59,13.599,13.61,13.622,13.634,13.649,13.666,13.679,13.688,13.702,13.725,13.745,13.759,13.764,13.763,13.753,13.739,13.72,13.695,13.648,13.571,13.524,13.524,13.522
13.186,13.186,13.186,13.186,13.186,13.185,13.184,13.181,13.176,13.165,13.151,13.146,13.142,13.137,13.133,13.129,13.125,13.122,13.118,13.115,13.112,13.109,13.106,13.104,13.101,13.099,13.098,13.097,13.095,13.092,13.089,13.086,13.088,13.105,13.145,13.211,13.295,13.384,13.467,13.536,13.584,13.61,13.617,13.613,13.603,13.595,13.59,13.589,13.591,13.596,13.603,13.612,13.622,13.631,13.64,13.65,13.662,13.672,13.678,13.689,13.71,13.732,13.749,13.761,13.766,13.766,13.757,13.741,13.722,13.706,13.686,13.633,13.545,13.502,13.512,13.52
13.19,13.19,13.19,13.19,13.189,13.188,13.187,13.184,13.179,13.168,13.153,13.148,13.144,13.14,13.136,13.132,13.128,13.125,13.121,13.118,13.115,13.112,13.11,13.107,13.105,13.104,13.102,13.1,13.097,13.094,13.093,13.101,13.131,13.19,13.273,13.366,13.455,13.528,13.576,13.598,13.599,13.592,13.586,13.586,13.591,13.6,13.609,13.619,13.627,13.633,13.639,13.643,13.65,13.657,13.664,13.667,13.667,13.674,13.689,13.709,13.727,13.743,13.757,13.767,13.769,13.763,13.746,13.723,13.701,13.693,13.679,13.625,13.531,13.485,13.503,13.524
13.193,13.193,13.193,13.193,13.192,13.191,13.19,13.187,13.181,13.17,13.155,13.15,13.146,13.142,13.138,13.135,13.131,13.128,13.124,13.121,13.118,13.115,13.113,13.111,13.109,13.108,13.105,13.102,13.099,13.1,13.115,13.155,13.226,13.318,13.411,13.491,13.547,13.571,13.572,13.565,13.564,13.575,13.591,13.61,13.625,13.636,13.644,13.65,13.655,13.659,13.662,13.662,13.662,13.66,13.659,13.663,13.675,13.689,13.702,13.714,13.731,13.75,13.765,13.772,13.77,13.757,13.73,13.7,13.679,13.678,13.669,13.6,13.522,13.474,13.49,13.521
13.196,13.196,13.196,13.196,13.195,13.195,13.193,13.19,13.184,13.173,13.157,13.152,13.149,13.145,13.141,13.137,13.134,13.13,13.127,13.124,13.121,13.119,13.117,13.115,13.113,13.111,13.107,13.105,13.107,13.126,13.172,13.249,13.342,13.43,13.499,13.538,13.546,13.54,13.541,13.558,13.583,13.608,13.626,13.64,13.65,13.657,13.659,13.657,13.654,13.653,13.652,13.654,13.658,13.667,13.678,13.688,13.695,13.703,13.715,13.73,13.749,13.766,13.775,13.775,13.766,13.746,13.71,13.673,13.655,13.651,13.679,13.666,13.564,13.472,13.474,13.508
13.199,13.199,13.199,13.199,13.199,13.198,13.196,13.193,13.187,13.176,13.16,13.154,13.151,13.147,13.143,13.14,13.137,13.133,13.13,13.127,13.125,13.122,13.12,13.118,13.116,13.113,13.11,13.113,13.132,13.179,13.256,13.347,13.431,13.493,13.522,13.523,13.519,13.532,13.563,13.594,13.618,13.633,13.642,13.642,13.641,13.642,13.647,13.653,13.662,13.672,13.683,13.694,13.703,13.712,13.719,13.726,13.735,13.745,13.756,13.767,13.777,13.783,13.781,13.769,13.755,13.729,13.689,13.649,13.629,13.627,13.626,13.593,13.518,13.473,13.461,13.49
13.202,13.203,13.203,13.202,13.202,13.201,13.199,13.196,13.19,13.178,13.162,13.157,13.154,13.15,13.146,13.143,13.139,13.136,13.133,13.13,13.128,13.126,13.124,13.121,13.118,13.115,13.117,13.134,13.176,13.249,13.338,13.42,13.479,13.509,13.509,13.508,13.53,13.567,13.599,13.618,13.626,13.625,13.629,13.641,13.656,13.674,13.691,13.707,13.721,13.734,13.744,13.754,13.763,13.771,13.778,13.784,13.789,13.793,13.795,13.796,13.793,13.785,13.771,13.753,13.737,13.71,13.672,13.636,13.604,13.605,13.632,13.632,13.595,13.514,13.459,13.473
13.206,13.206,13.206,13.206,13.205,13.204,13.202,13.199,13.193,13.181,13.164,13.159,13.156,13.152,13.149,13.145,13.142,13.139,13.136,13.134,13.131,13.129,13.127,13.124,13.12,13.121,13.133,13.168,13.233,13.318,13.4,13.461,13.496,13.502,13.503,13.528,13.567,13.596,13.61,13.61,13.616,13.634,13.658,13.683,13.705,13.725,13.744,13.761,13.775,13.788,13.799,13.808,13.815,13.819,13.82,13.819,13.815,13.81,13.803,13.793,13.781,13.765,13.749,13.733,13.716,13.693,13.662,13.633,13.601,13.58,13.597,13.615,13.58,13.507,13.464,13.464
13.209,13.209,13.209,13.209,13.209,13.207,13.206,13.202,13.196,13.184,13.166,13.161,13.159,13.155,13.151,13.148,13.145,13.142,13.139,13.137,13.135,13.132,13.129,13.126,13.125,13.132,13.158,13.212,13.29,13.372,13.437,13.48,13.497,13.5,13.523,13.56,13.588,13.597,13.596,13.611,13.639,13.668,13.694,13.716,13.738,13.758,13.777,13.792,13.805,13.817,13.826,13.833,13.835,13.831,13.823,13.813,13.802,13.792,13.78,13.768,13.754,13.741,13.73,13.716,13.696,13.675,13.656,13.634,13.607,13.577,13.569,13.59,13.588,13.542,13.482,13.464
13.212,13.213,13.213,13.212,13.212,13.211,13.209,13.206,13.199,13.187,13.169,13.164,13.161,13.157,13.154,13.151,13.148,13.145,13.143,13.14,13.138,13.135,13.132,13.129,13.132,13.149,13.19,13.257,13.338,13.408,13.457,13.487,13.497,13.515,13.548,13.574,13.581,13.582,13.601,13.633,13.662,13.687,13.71,13.732,13.753,13.771,13.787,13.8,13.812,13.823,13.832,13.837,13.833,13.822,13.808,13.795,13.783,13.772,13.761,13.749,13.738,13.727,13.714,13.699,13.679,13.659,13.645,13.634,13.613,13.58,13.558,13.56,13.558,13.522,13.479,13.466
13.216,13.216,13.216,13.216,13.215,13.214,13.212,13.209,13.203,13.19,13.171,13.166,13.163,13.16,13.157,13.154,13.151,13.148,13.146,13.144,13.141,13.138,13.135,13.134,13.143,13.171,13.224,13.297,13.372,13.429,13.469,13.491,13.504,13.531,13.557,13.564,13.564,13.583,13.615,13.643,13.665,13.688,13.71,13.73,13.749,13.77,13.786,13.799,13.813,13.827,13.836,13.836,13.825,13.809,13.794,13.784,13.774,13.763,13.749,13.736,13.723,13.709,13.694,13.679,13.666,13.651,13.636,13.624,13.609,13.583,13.555,13.548,13.547,13.519,13.481,13.468
13.219,13.22,13.22,13.219,13.219,13.218,13.216,13.212,13.206,13.193,13.174,13.168,13.166,13.163,13.16,13.157,13.154,13.152,13.15,13.147,13.144,13.14,13.138,13.141,13.157,13.195,13.256,13.329,13.394,13.441,13.475,13.493,13.511,13.536,13.545,13.545,13.559,13.589,13.613,13.63,13.65,13.674,13.699,13.72,13.743,13.768,13.784,13.801,13.818,13.832,13.835,13.827,13.811,13.795,13.785,13.777,13.766,13.75,13.734,13.719,13.705,13.692,13.68,13.67,13.659,13.647,13.632,13.62,13.606,13.577,13.544,13.53,13.527,13.503,13.474,13.467
13.223,13.223,13.223,13.223,13.222,13.221,13.219,13.216,13.209,13.196,13.176,13.171,13.169,13.165,13.163,13.16,13.158,13.156,13.153,13.15,13.147,13.143,13.142,13.149,13.173,13.219,13.283,13.352,13.407,13.447,13.477,13.492,13.512,13.525,13.525,13.533,13.559,13.581,13.592,13.604,13.626,13.656,13.688,13.714,13.745,13.77,13.789,13.807,13.822,13.829,13.825,13.811,13.796,13.786,13.778,13.766,13.75,13.734,13.72,13.709,13.7,13.692,13.684,13.676,13.666,13.653,13.633,13.613,13.6,13.578,13.542,13.521,13.517,13.493,13.465,13.465
13.227,13.227,13.227,13.227,13.226,13.225,13.223,13.219,13.213,13.199,13.179,13.173,13.172,13.169,13.166,13.164,13.161,13.159,13.156,13.153,13.149,13.146,13.147,13.159,13.19,13.241,13.305,13.367,13.413,13.45,13.474,13.488,13.503,13.506,13.508,13.529,13.551,13.559,13.563,13.58,13.609,13.647,13.687,13.718,13.753,13.777,13.797,13.812,13.82,13.819,13.809,13.795,13.785,13.779,13.768,13.751,13.737,13.728,13.722,13.718,13.713,13.708,13.702,13.696,13.688,13.673,13.646,13.612,13.589,13.56,13.521,13.502,13.495,13.472,13.452,13.463
13.231,13.231,13.231,13.231,13.23,13.229,13.227,13.223,13.216,13.203,13.182,13.176,13.175,13.172,13.17,13.167,13.165,13.162,13.159,13.155,13.151,13.149,13.153,13.17,13.206,13.259,13.321,13.376,13.415,13.449,13.468,13.479,13.487,13.487,13.5,13.523,13.534,13.534,13.542,13.568,13.608,13.655,13.696,13.732,13.764,13.787,13.805,13.813,13.81,13.803,13.792,13.784,13.778,13.769,13.755,13.742,13.735,13.729,13.724,13.723,13.724,13.727,13.728,13.726,13.719,13.702,13.665,13.614,13.58,13.551,13.51,13.488,13.478,13.455,13.44,13.461
13.235,13.235,13.235,13.235,13.234,13.233,13.231,13.227,13.22,13.206,13.185,13.179,13.179,13.176,13.174,13.171,13.168,13.165,13.161,13.157,13.153,13.153,13.16,13.182,13.221,13.274,13.332,13.38,13.414,13.445,13.459,13.466,13.468,13.474,13.496,13.512,13.513,13.515,13.534,13.572,13.622,13.673,13.712,13.751,13.776,13.798,13.81,13.806,13.795,13.786,13.78,13.777,13.771,13.758,13.746,13.736,13.724,13.71,13.703,13.704,13.712,13.725,13.738,13.746,13.746,13.733,13.692,13.624,13.569,13.528,13.488,13.469,13.461,13.439,13.425,13.451
13.239,13.239,13.239,13.239,13.238,13.237,13.235,13.231,13.224,13.21,13.188,13.183,13.182,13.179,13.177,13.175,13.172,13.168,13.164,13.16,13.157,13.158,13.17,13.195,13.235,13.287,13.341,13.381,13.41,13.438,13.447,13.45,13.453,13.469,13.49,13.498,13.497,13.507,13.538,13.588,13.645,13.693,13.733,13.765,13.788,13.805,13.807,13.793,13.78,13.775,13.774,13.77,13.762,13.748,13.735,13.713,13.683,13.662,13.656,13.66,13.674,13.698,13.724,13.746,13.759,13.754,13.717,13.643,13.569,13.514,13.472,13.454,13.444,13.42,13.406,13.432
13.243,13.243,13.243,13.243,13.242,13.241,13.239,13.235,13.228,13.214,13.192,13.186,13.186,13.183,13.181,13.178,13.175,13.171,13.167,13.163,13.162,13.166,13.18,13.208,13.249,13.298,13.348,13.381,13.406,13.428,13.433,13.436,13.446,13.467,13.482,13.485,13.489,13.51,13.554,13.613,13.668,13.712,13.753,13.778,13.798,13.807,13.798,13.78,13.77,13.77,13.768,13.762,13.751,13.737,13.71,13.666,13.625,13.616,13.62,13.628,13.645,13.674,13.709,13.739,13.76,13.764,13.736,13.667,13.583,13.509,13.456,13.439,13.429,13.401,13.384,13.412
13.247,13.247,13.247,13.247,13.246,13.245,13.243,13.239,13.233,13.218,13.195,13.189,13.189,13.186,13.184,13.181,13.177,13.173,13.17,13.167,13.168,13.175,13.193,13.222,13.261,13.308,13.353,13.381,13.399,13.415,13.42,13.427,13.445,13.465,13.473,13.477,13.489,13.522,13.577,13.639,13.689,13.734,13.766,13.789,13.803,13.802,13.787,13.771,13.765,13.765,13.761,13.751,13.739,13.718,13.673,13.617,13.598,13.605,13.611,13.617,13.631,13.663,13.704,13.737,13.76,13.768,13.746,13.689,13.612,13.53,13.455,13.423,13.412,13.378,13.359,13.399
13.252,13.252,13.252,13.252,13.251,13.25,13.248,13.244,13.237,13.222,13.199,13.192,13.193,13.189,13.186,13.183,13.179,13.176,13.174,13.173,13.176,13.186,13.206,13.236,13.274,13.318,13.358,13.38,13.392,13.403,13.411,13.426,13.447,13.461,13.467,13.474,13.496,13.542,13.604,13.662,13.71,13.753,13.779,13.797,13.802,13.793,13.78,13.767,13.761,13.758,13.751,13.741,13.724,13.695,13.64,13.594,13.601,13.604,13.606,13.608,13.617,13.65,13.698,13.739,13.764,13.771,13.753,13.707,13.64,13.562,13.475,13.415,13.392,13.348,13.332,13.39
13.256,13.257,13.257,13.256,13.256,13.254,13.252,13.248,13.241,13.226,13.202,13.195,13.195,13.192,13.188,13.185,13.182,13.18,13.179,13.18,13.186,13.198,13.219,13.249,13.286,13.327,13.362,13.379,13.387,13.397,13.41,13.43,13.448,13.458,13.464,13.477,13.51,13.567,13.63,13.684,13.733,13.767,13.79,13.8,13.795,13.784,13.777,13.767,13.755,13.747,13.739,13.732,13.709,13.663,13.617,13.6,13.606,13.599,13.597,13.597,13.598,13.625,13.677,13.731,13.767,13.777,13.762,13.725,13.666,13.592,13.506,13.424,13.376,13.324,13.313,13.377
13.261,13.261,13.261,13.261,13.26,13.259,13.257,13.253,13.246,13.231,13.206,13.198,13.198,13.194,13.191,13.188,13.186,13.184,13.185,13.188,13.196,13.21,13.233,13.262,13.297,13.335,13.365,13.38,13.387,13.399,13.415,13.434,13.447,13.455,13.464,13.485,13.53,13.594,13.655,13.706,13.752,13.781,13.798,13.798,13.785,13.779,13.778,13.769,13.751,13.737,13.73,13.725,13.714,13.673,13.62,13.614,13.614,13.596,13.589,13.587,13.578,13.589,13.634,13.7,13.759,13.784,13.776,13.75,13.708,13.647,13.567,13.47,13.387,13.329,13.309,13.35
13.266,13.266,13.266,13.266,13.265,13.264,13.262,13.258,13.251,13.235,13.209,13.201,13.201,13.197,13.194,13.192,13.19,13.191,13.193,13.198,13.207,13.223,13.246,13.274,13.308,13.342,13.367,13.382,13.392,13.405,13.421,13.436,13.447,13.455,13.468,13.498,13.555,13.621,13.678,13.73,13.768,13.793,13.802,13.791,13.776,13.776,13.78,13.772,13.752,13.737,13.728,13.716,13.698,13.667,13.632,13.633,13.626,13.596,13.58,13.578,13.564,13.554,13.578,13.641,13.724,13.779,13.79,13.773,13.741,13.695,13.636,13.558,13.462,13.385,13.338,13.322
13.271,13.271,13.271,13.271,13.27,13.269,13.267,13.263,13.256,13.24,13.213,13.204,13.205,13.2,13.198,13.197,13.197,13.198,13.201,13.208,13.218,13.235,13.258,13.286,13.318,13.348,13.37,13.385,13.397,13.411,13.425,13.437,13.446,13.456,13.475,13.517,13.582,13.647,13.7,13.75,13.782,13.802,13.801,13.781,13.77,13.775,13.779,13.771,13.754,13.742,13.732,13.721,13.705,13.677,13.658,13.655,13.634,13.593,13.569,13.564,13.554,13.535,13.534,13.58,13.67,13.754,13.793,13.797,13.781,13.752,13.709,13.649,13.582,13.51,13.437,13.346
13.276,13.276,13.276,13.276,13.275,13.274,13.272,13.268,13.261,13.245,13.218,13.209,13.209,13.205,13.204,13.203,13.204,13.206,13.211,13.218,13.23,13.248,13.271,13.298,13.327,13.354,13.373,13.388,13.401,13.415,13.428,13.438,13.447,13.459,13.487,13.542,13.611,13.671,13.724,13.767,13.794,13.807,13.795,13.772,13.766,13.772,13.773,13.766,13.754,13.744,13.732,13.722,13.714,13.697,13.683,13.667,13.625,13.58,13.553,13.54,13.534,13.526,13.518,13.542,13.626,13.722,13.782,13.804,13.801,13.788,13.765,13.724,13.671,13.627,13.589,13.486
13.281,13.282,13.282,13.281,13.281,13.279,13.277,13.274,13.267,13.251,13.223,13.213,13.215,13.211,13.211,13.211,13.212,13.215,13.22,13.229,13.242,13.261,13.283,13.309,13.336,13.359,13.377,13.392,13.405,13.418,13.43,13.439,13.448,13.465,13.505,13.57,13.638,13.694,13.747,13.782,13.804,13.807,13.787,13.767,13.763,13.763,13.761,13.757,13.75,13.737,13.719,13.709,13.707,13.7,13.683,13.647,13.596,13.557,13.529,13.506,13.499,13.51,13.516,13.531,13.601,13.693,13.754,13.776,13.772,13.765,13.763,13.761,13.744,13.716,13.67,13.598
13.287,13.287,13.287,13.287,13.286,13.285,13.283,13.279,13.272,13.257,13.229,13.219,13.221,13.218,13.218,13.219,13.221,13.224,13.23,13.24,13.254,13.273,13.295,13.319,13.344,13.364,13.381,13.395,13.409,13.421,13.431,13.44,13.452,13.476,13.53,13.601,13.664,13.719,13.765,13.795,13.81,13.803,13.78,13.764,13.759,13.752,13.746,13.741,13.729,13.707,13.683,13.669,13.665,13.657,13.634,13.593,13.556,13.53,13.497,13.469,13.468,13.491,13.507,13.521,13.579,13.65,13.688,13.679,13.654,13.647,13.666,13.702,13.735,13.743,13.727,13.688
13.292,13.292,13.292,13.292,13.292,13.29,13.289,13.285,13.278,13.263,13.235,13.225,13.228,13.225,13.226,13.227,13.229,13.234,13.241,13.252,13.267,13.286,13.306,13.329,13.351,13.37,13.385,13.399,13.412,13.423,13.432,13.442,13.458,13.494,13.559,13.63,13.688,13.743,13.781,13.806,13.814,13.798,13.776,13.764,13.755,13.743,13.734,13.721,13.694,13.656,13.622,13.601,13.587,13.574,13.554,13.533,13.518,13.501,13.46,13.439,13.455,13.48,13.487,13.495,13.53,13.558,13.549,13.51,13.488,13.495,13.524,13.576,13.645,13.707,13.728,13.718
13.298,13.298,13.298,13.298,13.297,13.296,13.294,13.291,13.284,13.269,13.242,13.232,13.235,13.233,13.234,13.235,13.238,13.243,13.251,13.263,13.279,13.297,13.317,13.338,13.358,13.375,13.39,13.403,13.414,13.425,13.434,13.446,13.468,13.517,13.589,13.657,13.713,13.763,13.795,13.815,13.813,13.792,13.774,13.765,13.752,13.737,13.72,13.69,13.643,13.588,13.548,13.525,13.514,13.508,13.503,13.499,13.491,13.469,13.425,13.428,13.454,13.467,13.453,13.438,13.438,13.422,13.4,13.391,13.395,13.406,13.421,13.456,13.533,13.636,13.692,13.711
13.303,13.304,13.304,13.303,13.303,13.302,13.3,13.297,13.29,13.276,13.249,13.239,13.242,13.241,13.242,13.244,13.247,13.253,13.262,13.275,13.291,13.309,13.327,13.347,13.365,13.38,13.394,13.406,13.417,13.427,13.437,13.452,13.484,13.545,13.619,13.681,13.738,13.78,13.808,13.821,13.81,13.788,13.774,13.766,13.751,13.731,13.697,13.646,13.594,13.53,13.492,13.485,13.49,13.498,13.497,13.487,13.463,13.43,13.407,13.431,13.45,13.438,13.399,13.368,13.367,13.364,13.358,13.352,13.348,13.347,13.345,13.358,13.428,13.556,13.635,13.675
13.309,13.309,13.309,13.309,13.309,13.308,13.306,13.303,13.297,13.282,13.256,13.246,13.25,13.249,13.25,13.252,13.257,13.264,13.274,13.287,13.303,13.319,13.337,13.355,13.371,13.385,13.398,13.409,13.42,13.43,13.442,13.461,13.505,13.575,13.645,13.705,13.76,13.796,13.82,13.824,13.806,13.785,13.775,13.766,13.748,13.721,13.662,13.573,13.513,13.483,13.477,13.485,13.49,13.498,13.494,13.472,13.431,13.39,13.403,13.43,13.431,13.396,13.354,13.362,13.388,13.37,13.334,13.294,13.261,13.248,13.262,13.288,13.335,13.462,13.561,13.587
13.315,13.315,13.315,13.315,13.315,13.314,13.312,13.309,13.303,13.289,13.264,13.254,13.257,13.256,13.258,13.261,13.267,13.275,13.285,13.299,13.314,13.33,13.346,13.362,13.377,13.39,13.401,13.413,13.423,13.434,13.448,13.476,13.531,13.604,13.67,13.73,13.78,13.812,13.829,13.823,13.802,13.784,13.776,13.763,13.74,13.709,13.679,13.615,13.513,13.487,13.504,13.51,13.5,13.498,13.49,13.457,13.401,13.371,13.4,13.418,13.403,13.363,13.353,13.402,13.402,13.35,13.293,13.234,13.184,13.168,13.214,13.278,13.308,13.391,13.471,13.448
13.321,13.321,13.321,13.321,13.32,13.32,13.318,13.315,13.309,13.296,13.271,13.261,13.265,13.264,13.267,13.271,13.277,13.286,13.297,13.311,13.325,13.339,13.354,13.369,13.382,13.394,13.406,13.417,13.428,13.439,13.457,13.495,13.559,13.631,13.694,13.756,13.798,13.826,13.835,13.821,13.798,13.784,13.775,13.758,13.729,13.67,13.592,13.547,13.511,13.528,13.544,13.537,13.514,13.504,13.493,13.445,13.379,13.365,13.39,13.397,13.376,13.351,13.381,13.422,13.39,13.357,13.324,13.278,13.224,13.193,13.246,13.342,13.366,13.384,13.413,13.354
13.327,13.327,13.327,13.327,13.326,13.326,13.324,13.321,13.316,13.303,13.278,13.268,13.273,13.272,13.276,13.281,13.288,13.297,13.309,13.322,13.335,13.348,13.362,13.375,13.388,13.399,13.41,13.421,13.433,13.446,13.471,13.519,13.588,13.657,13.72,13.779,13.816,13.838,13.838,13.818,13.796,13.785,13.773,13.75,13.724,13.696,13.628,13.564,13.556,13.564,13.559,13.538,13.513,13.506,13.498,13.44,13.367,13.359,13.378,13.381,13.363,13.359,13.402,13.416,13.395,13.388,13.374,13.351,13.301,13.235,13.255,13.38,13.424,13.411,13.401,13.326
13.333,13.333,13.333,13.333,13.332,13.332,13.33,13.328,13.322,13.309,13.285,13.276,13.281,13.281,13.285,13.291,13.299,13.309,13.32,13.332,13.344,13.356,13.369,13.381,13.393,13.405,13.416,13.427,13.439,13.456,13.488,13.546,13.616,13.682,13.748,13.799,13.832,13.847,13.838,13.815,13.795,13.785,13.771,13.738,13.691,13.669,13.628,13.58,13.576,13.565,13.546,13.524,13.507,13.507,13.501,13.441,13.365,13.356,13.374,13.378,13.37,13.375,13.407,13.399,13.367,13.338,13.324,13.342,13.346,13.274,13.218,13.334,13.423,13.404,13.366,13.282
13.339,13.339,13.339,13.339,13.339,13.338,13.336,13.334,13.329,13.316,13.292,13.283,13.289,13.29,13.295,13.301,13.31,13.32,13.33,13.342,13.353,13.364,13.376,13.388,13.399,13.411,13.422,13.433,13.447,13.469,13.51,13.574,13.643,13.708,13.775,13.82,13.847,13.854,13.838,13.813,13.796,13.785,13.769,13.732,13.65,13.598,13.583,13.577,13.565,13.552,13.539,13.526,13.517,13.516,13.508,13.46,13.379,13.355,13.369,13.381,13.382,13.386,13.396,13.365,13.3,13.234,13.21,13.26,13.345,13.346,13.211,13.227,13.36,13.351,13.277,13.202
13.345,13.345,13.345,13.345,13.345,13.344,13.343,13.34,13.335,13.323,13.3,13.292,13.298,13.3,13.305,13.312,13.32,13.33,13.341,13.351,13.361,13.372,13.383,13.395,13.406,13.417,13.429,13.441,13.457,13.485,13.535,13.602,13.669,13.737,13.799,13.839,13.86,13.858,13.837,13.812,13.796,13.784,13.762,13.745,13.723,13.632,13.575,13.568,13.558,13.557,13.554,13.55,13.543,13.536,13.525,13.495,13.429,13.372,13.358,13.372,13.383,13.385,13.378,13.34,13.262,13.175,13.132,13.161,13.269,13.384,13.305,13.13,13.234,13.299,13.232,13.155
13.351,13.352,13.352,13.351,13.351,13.35,13.349,13.346,13.342,13.33,13.307,13.3,13.308,13.31,13.316,13.323,13.331,13.341,13.35,13.36,13.37,13.38,13.391,13.402,13.413,13.425,13.436,13.45,13.47,13.506,13.563,13.63,13.696,13.768,13.823,13.857,13.871,13.862,13.837,13.813,13.797,13.782,13.742,13.68,13.645,13.591,13.569,13.562,13.563,13.571,13.572,13.573,13.572,13.567,13.558,13.54,13.507,13.465,13.408,13.357,13.353,13.361,13.36,13.335,13.278,13.206,13.157,13.155,13.205,13.333,13.443,13.162,13.089,13.219,13.233,13.169
13.358,13.358,13.358,13.358,13.357,13.356,13.355,13.353,13.348,13.337,13.315,13.309,13.318,13.32,13.327,13.334,13.342,13.351,13.361,13.37,13.379,13.389,13.4,13.411,13.422,13.433,13.445,13.461,13.486,13.53,13.592,13.659,13.726,13.799,13.847,13.875,13.881,13.865,13.838,13.815,13.795,13.776,13.762,13.74,13.641,13.563,13.563,13.561,13.567,13.572,13.573,13.579,13.584,13.588,13.59,13.588,13.58,13.563,13.535,13.489,13.424,13.365,13.334,13.323,13.28,13.234,13.211,13.214,13.24,13.292,13.456,13.338,13.037,13.094,13.222,13.245
13.364,13.364,13.364,13.364,13.364,13.363,13.362,13.359,13.355,13.344,13.324,13.319,13.328,13.331,13.339,13.345,13.354,13.362,13.371,13.38,13.389,13.399,13.41,13.42,13.431,13.443,13.455,13.474,13.507,13.557,13.622,13.688,13.76,13.828,13.87,13.891,13.889,13.867,13.84,13.819,13.798,13.761,13.715,13.679,13.614,13.576,13.56,13.556,13.558,13.557,13.556,13.559,13.563,13.569,13.577,13.589,13.601,13.61,13.611,13.597,13.565,13.511,13.448,13.393,13.347,13.313,13.286,13.282,13.304,13.328,13.404,13.479,13.155,12.985,13.099,13.228
13.37,13.371,13.371,13.37,13.37,13.369,13.368,13.366,13.362,13.351,13.332,13.329,13.338,13.342,13.35,13.357,13.365,13.373,13.381,13.39,13.4,13.41,13.42,13.43,13.441,13.452,13.467,13.491,13.531,13.589,13.655,13.721,13.798,13.857,13.891,13.904,13.896,13.87,13.842,13.823,13.804,13.767,13.732,13.698,13.642,13.588,13.554,13.545,13.54,13.53,13.522,13.517,13.515,13.519,13.532,13.549,13.568,13.589,13.61,13.627,13.632,13.62,13.584,13.532,13.48,13.435,13.402,13.388,13.387,13.384,13.406,13.505,13.354,13.028,12.968,13.085
