19.773,19.774,19.773,19.763,19.74,19.715,19.677,19.63,19.582,19.536,19.52,19.51,19.508,19.514,19.535,19.565,19.628,19.708,19.784,19.862,19.935,19.987,19.994,19.992,19.984,19.966,19.94,19.911,19.877,19.835,19.784,19.727,19.676,19.622,19.574,19.495,19.439,19.398,19.373,19.352,19.331,19.295,19.26,19.222,19.186,19.143,19.105,19.069,19.034,18.999,18.963,18.929,18.9,18.874,18.848,18.819,18.788,18.758,18.729,18.696,18.663,18.626,18.579,18.551,18.538,18.533,18.543,18.559,18.579,18.602,18.61,18.612,18.606,18.595,18.567,18.534
19.773,19.786,19.784,19.772,19.751,19.724,19.691,19.655,19.621,19.593,19.575,19.565,19.563,19.569,19.584,19.612,19.656,19.713,19.777,19.843,19.903,19.949,19.971,19.978,19.973,19.958,19.935,19.906,19.872,19.83,19.781,19.729,19.677,19.623,19.568,19.505,19.453,19.413,19.384,19.357,19.33,19.297,19.262,19.225,19.186,19.146,19.108,19.072,19.036,19.001,18.966,18.934,18.905,18.877,18.85,18.822,18.792,18.762,18.731,18.697,18.661,18.625,18.592,18.57,18.559,18.557,18.565,18.579,18.594,18.607,18.614,18.613,18.606,18.59,18.565,18.531
19.772,19.785,19.784,19.772,19.751,19.723,19.689,19.653,19.62,19.593,19.575,19.565,19.563,19.569,19.584,19.612,19.653,19.706,19.767,19.83,19.886,19.93,19.956,19.967,19.965,19.952,19.93,19.902,19.867,19.826,19.779,19.729,19.677,19.623,19.568,19.513,19.464,19.424,19.391,19.361,19.33,19.297,19.262,19.225,19.186,19.148,19.11,19.073,19.038,19.003,18.969,18.937,18.908,18.88,18.853,18.824,18.795,18.764,18.73,18.693,18.656,18.62,18.59,18.569,18.558,18.557,18.565,18.579,18.594,18.607,18.615,18.615,18.607,18.591,18.565,18.53
19.765,19.78,19.779,19.769,19.749,19.719,19.683,19.643,19.606,19.576,19.558,19.549,19.547,19.551,19.565,19.591,19.631,19.683,19.745,19.809,19.868,19.914,19.945,19.959,19.96,19.949,19.928,19.9,19.865,19.824,19.779,19.729,19.677,19.624,19.571,19.52,19.473,19.433,19.397,19.364,19.332,19.298,19.262,19.225,19.187,19.149,19.112,19.076,19.04,19.005,18.972,18.94,18.911,18.883,18.857,18.829,18.8,18.767,18.73,18.69,18.648,18.608,18.575,18.551,18.539,18.538,18.547,18.563,18.583,18.602,18.614,18.618,18.612,18.595,18.569,18.533
19.76,19.772,19.772,19.763,19.745,19.716,19.677,19.632,19.589,19.555,19.535,19.528,19.526,19.528,19.539,19.561,19.597,19.648,19.71,19.779,19.844,19.898,19.935,19.954,19.958,19.948,19.928,19.9,19.865,19.825,19.779,19.73,19.679,19.627,19.575,19.526,19.48,19.439,19.402,19.367,19.333,19.299,19.263,19.227,19.19,19.152,19.115,19.079,19.043,19.008,18.975,18.943,18.914,18.888,18.862,18.836,18.808,18.774,18.733,18.688,18.64,18.593,18.553,18.522,18.504,18.501,18.51,18.531,18.558,18.587,18.61,18.622,18.62,18.604,18.576,18.539
19.752,19.762,19.761,19.754,19.74,19.714,19.674,19.624,19.572,19.531,19.51,19.505,19.506,19.506,19.513,19.53,19.559,19.603,19.664,19.736,19.811,19.877,19.925,19.951,19.958,19.949,19.93,19.902,19.867,19.826,19.781,19.732,19.682,19.63,19.58,19.531,19.486,19.445,19.407,19.371,19.336,19.301,19.266,19.23,19.193,19.156,19.119,19.083,19.047,19.011,18.977,18.946,18.918,18.893,18.87,18.847,18.82,18.785,18.743,18.692,18.637,18.582,18.532,18.491,18.463,18.451,18.456,18.478,18.512,18.555,18.595,18.624,18.632,18.618,18.589,18.55
19.74,19.748,19.748,19.742,19.73,19.709,19.673,19.619,19.559,19.507,19.482,19.482,19.488,19.487,19.49,19.503,19.525,19.557,19.608,19.679,19.763,19.846,19.911,19.948,19.96,19.953,19.933,19.905,19.869,19.828,19.783,19.734,19.684,19.633,19.583,19.536,19.491,19.449,19.411,19.374,19.339,19.304,19.269,19.234,19.198,19.162,19.125,19.088,19.052,19.015,18.981,18.949,18.922,18.899,18.88,18.862,18.839,18.808,18.766,18.715,18.657,18.597,18.538,18.484,18.44,18.41,18.398,18.406,18.437,18.489,18.553,18.612,18.645,18.641,18.608,18.565
19.725,19.732,19.732,19.727,19.717,19.699,19.668,19.618,19.55,19.485,19.451,19.458,19.473,19.472,19.472,19.484,19.501,19.521,19.554,19.611,19.692,19.79,19.885,19.944,19.964,19.959,19.938,19.909,19.872,19.831,19.785,19.737,19.687,19.637,19.587,19.54,19.495,19.454,19.415,19.379,19.344,19.309,19.275,19.24,19.205,19.169,19.133,19.096,19.058,19.021,18.984,18.951,18.925,18.906,18.894,18.884,18.87,18.848,18.816,18.775,18.728,18.676,18.619,18.559,18.498,18.44,18.391,18.359,18.354,18.387,18.46,18.558,18.643,18.672,18.641,18.589
19.707,19.714,19.714,19.709,19.7,19.684,19.657,19.613,19.546,19.47,19.424,19.433,19.46,19.46,19.458,19.469,19.486,19.5,19.518,19.551,19.604,19.689,19.823,19.93,19.971,19.968,19.947,19.915,19.877,19.835,19.789,19.741,19.69,19.64,19.591,19.544,19.5,19.459,19.42,19.384,19.35,19.316,19.282,19.248,19.214,19.179,19.143,19.106,19.068,19.028,18.989,18.954,18.927,18.912,18.909,18.912,18.915,18.913,18.904,18.887,18.865,18.838,18.805,18.763,18.71,18.641,18.554,18.456,18.367,18.316,18.334,18.432,18.579,18.69,18.691,18.628
19.687,19.695,19.695,19.69,19.681,19.666,19.64,19.6,19.539,19.462,19.406,19.413,19.447,19.451,19.447,19.457,19.472,19.491,19.503,19.523,19.543,19.557,19.681,19.883,19.981,19.975,19.955,19.923,19.888,19.843,19.796,19.746,19.695,19.644,19.595,19.548,19.505,19.464,19.427,19.391,19.357,19.324,19.292,19.259,19.225,19.191,19.157,19.12,19.082,19.042,19,18.96,18.928,18.914,18.918,18.937,18.962,18.983,18.992,18.984,18.961,18.927,18.898,18.884,18.891,18.906,18.882,18.781,18.62,18.437,18.308,18.296,18.422,18.629,18.737,18.684
19.667,19.676,19.675,19.67,19.661,19.646,19.622,19.584,19.528,19.455,19.398,19.401,19.435,19.444,19.439,19.448,19.458,19.481,19.495,19.51,19.521,19.52,19.527,19.721,19.945,19.99,19.964,19.932,19.895,19.86,19.814,19.762,19.708,19.654,19.603,19.555,19.511,19.471,19.435,19.4,19.367,19.335,19.304,19.272,19.24,19.208,19.175,19.141,19.106,19.067,19.024,18.979,18.937,18.911,18.908,18.928,18.964,19.004,19.032,19.039,19.018,18.97,18.903,18.829,18.771,18.769,18.846,18.958,18.966,18.761,18.49,18.318,18.284,18.46,18.702,18.74
19.645,19.655,19.655,19.65,19.64,19.625,19.602,19.566,19.514,19.448,19.395,19.392,19.425,19.437,19.433,19.441,19.448,19.468,19.489,19.499,19.497,19.498,19.491,19.587,19.836,19.991,19.97,19.941,19.903,19.866,19.827,19.784,19.737,19.682,19.627,19.575,19.529,19.488,19.45,19.416,19.383,19.351,19.32,19.289,19.259,19.23,19.2,19.171,19.14,19.108,19.07,19.027,18.978,18.934,18.904,18.898,18.914,18.943,18.974,18.993,18.994,18.975,18.94,18.891,18.838,18.793,18.776,18.837,18.946,18.94,18.725,18.451,18.311,18.317,18.562,18.754
19.626,19.635,19.634,19.629,19.619,19.604,19.581,19.547,19.5,19.442,19.39,19.382,19.418,19.43,19.426,19.435,19.44,19.456,19.483,19.487,19.479,19.471,19.489,19.511,19.71,19.93,19.965,19.943,19.907,19.87,19.832,19.793,19.751,19.706,19.668,19.618,19.569,19.524,19.483,19.445,19.41,19.376,19.344,19.314,19.285,19.258,19.232,19.208,19.184,19.159,19.132,19.098,19.054,19.003,18.953,18.913,18.889,18.881,18.883,18.887,18.888,18.883,18.872,18.853,18.827,18.802,18.794,18.828,18.923,18.994,18.883,18.605,18.375,18.303,18.423,18.689
19.607,19.615,19.614,19.609,19.599,19.583,19.561,19.529,19.486,19.437,19.379,19.371,19.411,19.424,19.42,19.43,19.433,19.446,19.472,19.471,19.455,19.461,19.491,19.49,19.607,19.83,19.945,19.935,19.91,19.872,19.836,19.801,19.762,19.722,19.685,19.646,19.618,19.575,19.531,19.489,19.449,19.413,19.379,19.347,19.319,19.293,19.27,19.249,19.23,19.212,19.192,19.168,19.135,19.092,19.042,18.993,18.952,18.921,18.9,18.887,18.881,18.876,18.872,18.864,18.85,18.839,18.849,18.887,18.959,19.034,18.986,18.745,18.461,18.323,18.354,18.575
19.586,19.595,19.595,19.589,19.579,19.563,19.541,19.512,19.474,19.43,19.362,19.364,19.406,19.418,19.412,19.425,19.426,19.437,19.455,19.446,19.441,19.48,19.505,19.5,19.554,19.737,19.902,19.912,19.906,19.877,19.846,19.811,19.777,19.739,19.707,19.673,19.638,19.608,19.582,19.543,19.5,19.458,19.42,19.386,19.356,19.33,19.308,19.289,19.271,19.254,19.236,19.217,19.194,19.165,19.132,19.099,19.072,19.053,19.044,19.039,19.037,19.031,19.019,19.002,18.983,18.97,18.977,19.004,19.045,19.089,19.061,18.862,18.555,18.355,18.331,18.485
19.571,19.578,19.577,19.571,19.56,19.545,19.523,19.496,19.463,19.42,19.344,19.363,19.404,19.412,19.404,19.42,19.419,19.425,19.436,19.424,19.458,19.529,19.546,19.524,19.543,19.683,19.841,19.889,19.89,19.875,19.856,19.832,19.806,19.777,19.746,19.713,19.679,19.652,19.619,19.588,19.553,19.519,19.472,19.43,19.394,19.365,19.342,19.322,19.304,19.285,19.267,19.249,19.232,19.216,19.201,19.192,19.188,19.188,19.185,19.175,19.16,19.143,19.126,19.11,19.097,19.09,19.095,19.11,19.127,19.139,19.109,18.948,18.645,18.393,18.327,18.426
19.552,19.561,19.56,19.554,19.543,19.528,19.507,19.482,19.451,19.401,19.327,19.366,19.405,19.407,19.395,19.412,19.41,19.411,19.42,19.426,19.504,19.59,19.589,19.549,19.555,19.669,19.795,19.857,19.852,19.85,19.835,19.823,19.81,19.795,19.776,19.753,19.728,19.701,19.673,19.641,19.606,19.568,19.532,19.484,19.44,19.405,19.378,19.355,19.334,19.314,19.296,19.28,19.267,19.257,19.254,19.249,19.229,19.185,19.124,19.055,19.001,18.969,18.966,18.991,19.039,19.099,19.161,19.209,19.228,19.218,19.166,19.009,18.711,18.423,18.328,18.394
19.534,19.546,19.545,19.539,19.529,19.514,19.494,19.47,19.439,19.376,19.313,19.373,19.408,19.401,19.387,19.401,19.398,19.397,19.417,19.465,19.568,19.64,19.619,19.567,19.589,19.682,19.767,19.813,19.795,19.794,19.779,19.767,19.756,19.752,19.747,19.741,19.732,19.72,19.704,19.681,19.649,19.616,19.574,19.536,19.49,19.449,19.415,19.386,19.361,19.337,19.316,19.296,19.283,19.271,19.227,19.122,18.964,18.804,18.677,18.581,18.526,18.479,18.458,18.46,18.498,18.587,18.732,18.909,19.066,19.159,19.163,19.029,18.724,18.417,18.321,18.379
19.518,19.532,19.531,19.526,19.516,19.503,19.484,19.46,19.425,19.347,19.306,19.383,19.409,19.394,19.378,19.391,19.387,19.386,19.43,19.53,19.635,19.667,19.627,19.596,19.628,19.7,19.739,19.755,19.732,19.723,19.707,19.695,19.682,19.675,19.673,19.677,19.683,19.685,19.684,19.676,19.658,19.628,19.595,19.556,19.518,19.473,19.428,19.389,19.358,19.333,19.305,19.281,19.246,19.113,18.848,18.605,18.47,18.432,18.451,18.488,18.525,18.546,18.53,18.483,18.412,18.341,18.323,18.41,18.597,18.803,18.922,18.865,18.615,18.357,18.306,18.38
19.504,19.52,19.52,19.515,19.507,19.493,19.475,19.451,19.409,19.318,19.305,19.394,19.409,19.386,19.37,19.379,19.378,19.375,19.443,19.584,19.68,19.675,19.639,19.626,19.668,19.709,19.717,19.706,19.684,19.662,19.641,19.627,19.61,19.603,19.603,19.61,19.618,19.625,19.632,19.636,19.63,19.612,19.583,19.546,19.503,19.451,19.405,19.364,19.317,19.277,19.247,19.135,18.876,18.568,18.406,18.42,18.539,18.672,18.783,18.862,18.909,18.933,18.937,18.917,18.851,18.705,18.511,18.349,18.31,18.41,18.543,18.562,18.418,18.268,18.296,18.397
19.492,19.511,19.51,19.506,19.498,19.486,19.468,19.44,19.389,19.294,19.31,19.403,19.405,19.377,19.363,19.368,19.37,19.362,19.432,19.598,19.7,19.678,19.655,19.661,19.695,19.714,19.701,19.675,19.648,19.626,19.6,19.577,19.561,19.546,19.546,19.551,19.562,19.57,19.575,19.582,19.586,19.576,19.544,19.502,19.459,19.399,19.346,19.319,19.321,19.234,18.95,18.576,18.276,18.326,18.56,18.779,18.905,18.948,18.953,18.953,18.953,18.954,18.957,18.967,18.978,18.953,18.832,18.611,18.389,18.277,18.286,18.3,18.235,18.2,18.308,18.425
19.486,19.503,19.503,19.499,19.492,19.479,19.46,19.428,19.367,19.276,19.314,19.407,19.397,19.366,19.357,19.355,19.361,19.348,19.396,19.569,19.703,19.683,19.67,19.686,19.705,19.701,19.68,19.653,19.626,19.604,19.582,19.557,19.534,19.514,19.504,19.506,19.511,19.525,19.533,19.54,19.541,19.523,19.494,19.447,19.387,19.352,19.34,19.274,19.071,18.716,18.341,18.252,18.498,18.822,18.979,18.946,18.879,18.863,18.885,18.913,18.928,18.929,18.925,18.916,18.92,18.947,18.95,18.838,18.605,18.374,18.234,18.178,18.137,18.187,18.35,18.459
19.484,19.498,19.498,19.495,19.487,19.474,19.453,19.415,19.343,19.264,19.315,19.403,19.386,19.353,19.351,19.341,19.348,19.336,19.353,19.508,19.682,19.689,19.672,19.684,19.683,19.669,19.644,19.618,19.59,19.574,19.56,19.543,19.517,19.492,19.476,19.478,19.484,19.493,19.502,19.506,19.499,19.476,19.428,19.384,19.362,19.31,19.159,18.874,18.482,18.197,18.266,18.668,18.989,19.003,18.856,18.79,18.826,18.901,18.961,18.987,18.983,18.97,18.958,18.953,18.938,18.933,18.955,18.936,18.781,18.528,18.305,18.176,18.13,18.235,18.412,18.492
19.484,19.496,19.496,19.492,19.484,19.47,19.445,19.4,19.324,19.257,19.309,19.394,19.376,19.34,19.347,19.33,19.331,19.325,19.318,19.423,19.621,19.684,19.657,19.665,19.648,19.619,19.586,19.549,19.515,19.51,19.513,19.518,19.499,19.474,19.464,19.467,19.472,19.478,19.482,19.474,19.444,19.404,19.379,19.337,19.218,19.003,18.676,18.312,18.141,18.314,18.759,18.998,18.952,18.821,18.785,18.831,18.9,18.96,18.99,18.987,18.97,18.957,18.95,18.946,18.95,18.938,18.945,18.96,18.875,18.652,18.404,18.23,18.189,18.332,18.474,18.521
19.493,19.496,19.496,19.492,19.483,19.467,19.439,19.389,19.311,19.253,19.297,19.383,19.368,19.328,19.342,19.322,19.314,19.311,19.297,19.339,19.51,19.64,19.628,19.627,19.606,19.572,19.522,19.47,19.429,19.431,19.457,19.487,19.479,19.459,19.458,19.466,19.467,19.46,19.444,19.413,19.377,19.352,19.255,19.09,18.841,18.523,18.218,18.147,18.384,18.744,18.937,18.919,18.869,18.837,18.821,18.848,18.899,18.953,18.981,18.982,18.978,18.98,18.979,18.967,18.963,18.95,18.942,18.96,18.912,18.723,18.478,18.301,18.297,18.442,18.519,18.55
19.494,19.497,19.497,19.493,19.484,19.467,19.437,19.384,19.306,19.247,19.282,19.37,19.361,19.319,19.336,19.32,19.299,19.294,19.285,19.281,19.374,19.521,19.56,19.567,19.587,19.549,19.489,19.424,19.376,19.372,19.414,19.461,19.458,19.449,19.455,19.458,19.441,19.409,19.383,19.352,19.276,19.145,18.959,18.712,18.421,18.17,18.147,18.397,18.688,18.843,18.862,18.914,18.9,18.828,18.812,18.837,18.891,18.945,18.975,18.981,18.985,18.995,18.999,18.989,18.973,18.956,18.945,18.955,18.912,18.744,18.52,18.387,18.428,18.529,18.541,18.577
19.497,19.5,19.5,19.496,19.486,19.469,19.438,19.385,19.308,19.241,19.265,19.359,19.352,19.311,19.327,19.321,19.292,19.28,19.274,19.26,19.278,19.364,19.432,19.443,19.516,19.53,19.482,19.411,19.358,19.341,19.388,19.44,19.44,19.437,19.437,19.419,19.392,19.349,19.299,19.186,19.038,18.849,18.612,18.333,18.117,18.144,18.375,18.596,18.674,18.731,18.882,18.942,18.877,18.833,18.815,18.823,18.864,18.918,18.955,18.964,18.966,18.975,18.983,18.979,18.967,18.954,18.947,18.943,18.885,18.729,18.556,18.494,18.547,18.575,18.546,18.592
19.499,19.503,19.503,19.499,19.49,19.473,19.443,19.392,19.315,19.236,19.248,19.348,19.343,19.304,19.317,19.323,19.292,19.274,19.267,19.262,19.261,19.268,19.314,19.34,19.382,19.463,19.451,19.392,19.342,19.327,19.377,19.426,19.43,19.419,19.408,19.37,19.307,19.236,19.107,18.95,18.756,18.498,18.201,18.033,18.129,18.346,18.469,18.449,18.515,18.736,18.89,18.895,18.87,18.842,18.811,18.805,18.831,18.881,18.927,18.944,18.941,18.943,18.951,18.954,18.949,18.943,18.935,18.912,18.838,18.713,18.612,18.597,18.604,18.578,18.542,18.585
19.504,19.507,19.507,19.503,19.494,19.479,19.452,19.404,19.326,19.232,19.232,19.336,19.336,19.296,19.31,19.32,19.298,19.277,19.269,19.27,19.274,19.268,19.265,19.279,19.298,19.355,19.384,19.353,19.321,19.326,19.38,19.414,19.421,19.4,19.354,19.28,19.181,19.041,18.877,18.671,18.395,18.105,17.975,18.083,18.266,18.289,18.208,18.265,18.482,18.69,18.784,18.815,18.826,18.822,18.81,18.798,18.801,18.836,18.887,18.922,18.923,18.914,18.915,18.921,18.922,18.918,18.904,18.868,18.802,18.724,18.672,18.642,18.599,18.56,18.539,18.582
19.508,19.511,19.511,19.508,19.5,19.487,19.463,19.42,19.34,19.23,19.218,19.324,19.329,19.287,19.303,19.314,19.3,19.282,19.273,19.273,19.281,19.286,19.282,19.265,19.268,19.289,19.32,19.314,19.305,19.331,19.389,19.415,19.407,19.346,19.255,19.143,19.001,18.855,18.685,18.45,18.166,17.965,17.968,18.086,18.111,18.058,18.078,18.203,18.368,18.508,18.598,18.651,18.691,18.736,18.774,18.789,18.786,18.795,18.832,18.884,18.909,18.903,18.892,18.891,18.892,18.886,18.87,18.839,18.794,18.747,18.703,18.652,18.6,18.549,18.542,18.581
19.512,19.515,19.515,19.512,19.506,19.495,19.475,19.436,19.355,19.228,19.202,19.31,19.322,19.275,19.295,19.308,19.296,19.283,19.276,19.278,19.288,19.298,19.302,19.296,19.272,19.273,19.287,19.293,19.303,19.344,19.386,19.414,19.356,19.243,19.131,19,18.899,18.814,18.677,18.433,18.125,17.902,17.871,17.954,18.014,18.044,18.065,18.092,18.163,18.257,18.328,18.378,18.441,18.537,18.648,18.718,18.761,18.778,18.776,18.817,18.868,18.89,18.896,18.886,18.879,18.872,18.856,18.832,18.8,18.761,18.712,18.65,18.584,18.541,18.55,18.606
19.515,19.518,19.518,19.516,19.511,19.502,19.485,19.45,19.367,19.225,19.185,19.295,19.313,19.26,19.283,19.303,19.29,19.281,19.276,19.279,19.289,19.302,19.314,19.315,19.298,19.281,19.282,19.29,19.316,19.369,19.399,19.376,19.261,19.141,19.016,18.943,18.924,18.906,18.813,18.601,18.285,17.999,17.901,17.976,18.076,18.103,18.066,18.021,18.012,18.034,18.055,18.079,18.136,18.249,18.412,18.583,18.711,18.765,18.757,18.749,18.783,18.834,18.857,18.867,18.869,18.864,18.851,18.832,18.799,18.751,18.689,18.62,18.565,18.559,18.609,18.746
19.517,19.52,19.52,19.518,19.515,19.508,19.494,19.461,19.375,19.221,19.169,19.28,19.307,19.245,19.268,19.297,19.285,19.281,19.277,19.28,19.29,19.308,19.323,19.33,19.319,19.297,19.289,19.299,19.34,19.374,19.386,19.297,19.169,19.035,18.958,18.948,18.968,18.976,18.949,18.856,18.661,18.394,18.182,18.13,18.167,18.194,18.176,18.116,18.053,18.002,17.959,17.934,17.948,18.021,18.152,18.335,18.531,18.721,18.786,18.747,18.726,18.731,18.772,18.811,18.833,18.833,18.818,18.791,18.751,18.697,18.639,18.598,18.603,18.655,18.763,18.765
19.518,19.52,19.52,19.519,19.516,19.511,19.499,19.468,19.38,19.218,19.154,19.266,19.306,19.233,19.25,19.288,19.286,19.284,19.281,19.285,19.299,19.321,19.34,19.346,19.335,19.311,19.298,19.32,19.373,19.38,19.332,19.214,19.063,18.966,18.942,18.963,18.987,19.004,19.014,19.007,18.967,18.875,18.732,18.597,18.518,18.475,18.446,18.406,18.341,18.262,18.178,18.109,18.055,18.036,18.059,18.148,18.301,18.509,18.731,18.827,18.785,18.736,18.696,18.692,18.701,18.714,18.713,18.698,18.673,18.647,18.637,18.659,18.69,18.709,18.56,18.244
19.517,19.518,19.518,19.517,19.515,19.511,19.5,19.47,19.383,19.216,19.136,19.251,19.309,19.226,19.232,19.278,19.285,19.289,19.291,19.298,19.315,19.341,19.36,19.362,19.344,19.32,19.316,19.352,19.387,19.354,19.265,19.105,18.983,18.941,18.963,19,19.028,19.048,19.059,19.067,19.071,19.072,19.061,19.031,18.977,18.906,18.832,18.765,18.7,18.643,18.572,18.504,18.405,18.293,18.212,18.17,18.194,18.289,18.469,18.713,18.838,18.82,18.772,18.759,18.722,18.687,18.671,18.666,18.667,18.682,18.708,18.699,18.628,18.37,17.883,17.4
19.512,19.513,19.513,19.512,19.511,19.508,19.498,19.47,19.386,19.218,19.119,19.233,19.313,19.225,19.219,19.269,19.285,19.296,19.305,19.316,19.337,19.364,19.379,19.373,19.351,19.334,19.345,19.382,19.373,19.312,19.16,19.013,18.949,18.972,19.035,19.091,19.129,19.15,19.157,19.154,19.146,19.135,19.124,19.114,19.106,19.101,19.093,19.075,19.041,18.983,18.896,18.836,18.786,18.661,18.593,18.47,18.34,18.281,18.265,18.41,18.613,18.748,18.76,18.773,18.806,18.813,18.792,18.775,18.765,18.745,18.708,18.582,18.232,17.706,17.189,16.931
19.503,19.505,19.505,19.505,19.504,19.501,19.493,19.468,19.391,19.225,19.104,19.208,19.317,19.232,19.213,19.265,19.287,19.306,19.322,19.339,19.363,19.386,19.393,19.381,19.363,19.359,19.378,19.395,19.346,19.219,19.06,18.966,18.98,19.066,19.157,19.223,19.262,19.273,19.283,19.295,19.294,19.275,19.247,19.21,19.165,19.118,19.08,19.058,19.057,19.069,19.075,19.072,19.03,18.881,18.789,18.729,18.646,18.572,18.364,18.224,18.274,18.451,18.551,18.571,18.627,18.716,18.829,18.896,18.892,18.807,18.621,18.244,17.719,17.211,16.934,16.924
19.494,19.494,19.494,19.494,19.494,19.492,19.486,19.465,19.399,19.241,19.093,19.175,19.318,19.244,19.207,19.262,19.294,19.32,19.342,19.363,19.387,19.404,19.404,19.393,19.383,19.386,19.394,19.368,19.269,19.118,18.998,18.984,19.076,19.198,19.283,19.313,19.343,19.36,19.372,19.38,19.384,19.383,19.377,19.372,19.325,19.256,19.169,19.079,19.007,18.977,19.002,19.066,19.093,19.074,18.957,18.806,18.697,18.767,18.779,18.458,18.163,18.061,18.187,18.258,18.266,18.348,18.492,18.67,18.785,18.737,18.466,17.97,17.431,17.078,17.037,17.125
19.481,19.48,19.48,19.48,19.48,19.48,19.476,19.462,19.411,19.266,19.086,19.136,19.311,19.263,19.197,19.253,19.297,19.333,19.362,19.383,19.402,19.414,19.415,19.406,19.401,19.397,19.376,19.304,19.175,19.043,18.993,19.065,19.202,19.31,19.344,19.364,19.369,19.369,19.371,19.378,19.389,19.404,19.419,19.427,19.431,19.391,19.305,19.187,19.058,18.948,18.894,18.919,19.009,19.09,19.072,18.997,18.861,18.835,18.774,18.849,18.746,18.079,18.006,17.989,18.04,18.006,18.019,18.121,18.32,18.442,18.268,17.831,17.365,17.131,17.201,17.327
19.464,19.463,19.463,19.463,19.464,19.465,19.464,19.456,19.421,19.296,19.089,19.092,19.299,19.29,19.189,19.234,19.287,19.33,19.367,19.391,19.408,19.417,19.418,19.412,19.401,19.378,19.322,19.22,19.094,19.015,19.044,19.171,19.3,19.348,19.361,19.35,19.335,19.328,19.334,19.349,19.371,19.392,19.413,19.437,19.455,19.445,19.381,19.256,19.099,18.947,18.832,18.796,18.873,19.016,19.082,19.044,18.997,19.018,18.976,18.968,18.856,18.759,18.357,17.942,18.026,17.899,17.847,17.772,17.692,17.811,17.888,17.679,17.349,17.186,17.283,17.436
19.444,19.443,19.442,19.444,19.446,19.448,19.45,19.448,19.428,19.327,19.1,19.052,19.275,19.324,19.191,19.207,19.257,19.301,19.343,19.372,19.393,19.404,19.405,19.396,19.372,19.326,19.247,19.141,19.049,19.034,19.124,19.262,19.356,19.357,19.343,19.324,19.313,19.31,19.326,19.347,19.364,19.375,19.387,19.41,19.441,19.458,19.409,19.267,19.07,18.892,18.762,18.688,18.699,18.852,19.051,19.095,19.026,19.002,19.079,19.107,19.037,18.881,18.711,18.339,18.274,18.002,17.779,17.622,17.583,17.364,17.347,17.407,17.308,17.225,17.298,17.438
19.422,19.42,19.42,19.422,19.425,19.429,19.433,19.436,19.43,19.355,19.12,19.018,19.225,19.358,19.212,19.182,19.221,19.258,19.3,19.332,19.354,19.366,19.367,19.351,19.315,19.255,19.173,19.088,19.043,19.082,19.197,19.317,19.365,19.36,19.337,19.307,19.294,19.296,19.309,19.329,19.356,19.373,19.381,19.397,19.43,19.458,19.412,19.235,18.976,18.764,18.646,18.587,18.583,18.667,18.892,19.102,19.122,19.007,18.967,18.993,19.024,19.101,18.974,18.674,18.485,18.378,18.088,17.476,17.521,17.457,17.276,17.151,17.17,17.217,17.291,17.383
19.396,19.395,19.395,19.398,19.403,19.41,19.416,19.422,19.425,19.377,19.15,18.961,19.154,19.376,19.257,19.172,19.189,19.212,19.246,19.275,19.297,19.308,19.306,19.286,19.246,19.186,19.119,19.066,19.063,19.13,19.244,19.341,19.376,19.359,19.316,19.279,19.262,19.259,19.263,19.294,19.337,19.363,19.375,19.395,19.429,19.45,19.373,19.134,18.818,18.62,18.559,18.521,18.501,18.558,18.74,18.999,19.145,19.125,19.037,18.906,18.833,18.936,19.055,18.893,18.665,18.507,18.526,18.356,17.971,17.223,17.126,17.14,17.083,17.118,17.216,17.297
19.37,19.367,19.368,19.373,19.38,19.388,19.397,19.406,19.416,19.392,19.186,18.9,19.062,19.365,19.324,19.183,19.172,19.176,19.196,19.217,19.232,19.24,19.236,19.217,19.182,19.136,19.091,19.069,19.09,19.162,19.26,19.341,19.376,19.364,19.327,19.29,19.269,19.264,19.278,19.314,19.348,19.363,19.375,19.402,19.431,19.411,19.255,18.922,18.599,18.563,18.663,18.631,18.533,18.511,18.656,18.926,19.138,19.186,19.068,18.903,18.965,18.957,19.008,18.975,18.776,18.59,18.603,18.524,18.469,18.15,17.67,17.177,16.977,17,17.065,17.127
19.341,19.337,19.34,19.347,19.356,19.367,19.378,19.39,19.404,19.403,19.228,18.879,18.939,19.301,19.39,19.226,19.175,19.16,19.158,19.172,19.182,19.186,19.18,19.165,19.141,19.113,19.089,19.085,19.111,19.169,19.245,19.315,19.358,19.372,19.362,19.346,19.336,19.337,19.35,19.362,19.364,19.365,19.385,19.412,19.397,19.273,18.984,18.581,18.432,18.733,19.029,18.962,18.729,18.576,18.647,18.9,19.148,19.212,18.995,18.919,19.077,19.113,19.069,19.007,18.819,18.648,18.657,18.595,18.492,18.476,18.243,17.81,17.359,17.156,17.119,17.181
19.3,19.305,19.311,19.32,19.332,19.344,19.358,19.373,19.391,19.408,19.271,18.889,18.813,19.167,19.405,19.313,19.204,19.178,19.15,19.143,19.141,19.14,19.138,19.132,19.122,19.111,19.104,19.108,19.127,19.163,19.212,19.263,19.307,19.337,19.354,19.36,19.363,19.36,19.351,19.343,19.346,19.367,19.391,19.364,19.212,18.911,18.503,18.226,18.528,19.033,19.334,19.297,18.995,18.723,18.713,18.938,19.195,19.21,18.91,19.038,19.17,19.163,19.096,18.989,18.817,18.733,18.692,18.497,18.385,18.384,18.355,18.172,17.875,17.685,17.608,17.64
19.265,19.273,19.282,19.293,19.307,19.323,19.339,19.357,19.38,19.41,19.308,18.92,18.71,18.969,19.313,19.417,19.251,19.224,19.195,19.167,19.156,19.146,19.138,19.131,19.124,19.118,19.115,19.117,19.124,19.138,19.158,19.182,19.208,19.231,19.248,19.259,19.266,19.277,19.299,19.33,19.359,19.358,19.283,19.068,18.691,18.259,17.956,18.189,18.797,19.234,19.439,19.434,19.202,18.882,18.821,19.019,19.252,19.188,18.924,19.125,19.198,19.145,19.039,18.91,18.758,18.613,18.423,18.27,18.186,18.141,18.114,18.075,18.006,17.95,17.958,18.028
19.233,19.243,19.253,19.266,19.283,19.302,19.322,19.343,19.373,19.41,19.334,18.954,18.65,18.763,19.099,19.404,19.384,19.256,19.246,19.232,19.223,19.223,19.228,19.236,19.246,19.255,19.261,19.265,19.266,19.266,19.265,19.267,19.272,19.281,19.299,19.326,19.356,19.377,19.379,19.344,19.241,19.049,18.743,18.308,17.862,17.607,17.825,18.484,19.055,19.339,19.51,19.558,19.327,19.002,18.93,19.119,19.27,19.11,18.956,19.142,19.161,19.089,18.951,18.766,18.605,18.528,18.485,18.463,18.433,18.416,18.424,18.467,18.512,18.534,18.548,18.584
19.202,19.212,19.223,19.239,19.259,19.281,19.304,19.33,19.366,19.408,19.347,18.985,18.639,18.623,18.832,19.162,19.452,19.38,19.29,19.271,19.272,19.288,19.307,19.329,19.353,19.379,19.405,19.43,19.449,19.465,19.476,19.477,19.475,19.469,19.451,19.406,19.317,19.181,19.003,18.768,18.462,18.107,17.775,17.531,17.383,17.575,18.161,18.833,19.224,19.436,19.589,19.566,19.344,19.092,19.037,19.208,19.222,18.938,18.951,19.11,19.082,18.958,18.79,18.688,18.676,18.713,18.731,18.748,18.76,18.765,18.747,18.737,18.735,18.731,18.868,18.95
19.169,19.179,19.192,19.21,19.233,19.257,19.284,19.314,19.354,19.399,19.351,19.026,18.639,18.563,18.639,18.801,19.157,19.417,19.423,19.369,19.327,19.319,19.33,19.351,19.375,19.409,19.446,19.446,19.431,19.397,19.29,19.191,19.099,18.988,18.846,18.641,18.383,18.127,17.908,17.729,17.57,17.511,17.632,17.651,17.605,17.931,18.599,19.11,19.362,19.533,19.603,19.563,19.361,19.166,19.133,19.277,19.169,18.777,18.942,19.071,18.993,18.844,18.738,18.726,18.751,18.75,18.747,18.751,18.753,18.764,18.753,18.747,18.646,18.677,18.869,18.642
19.134,19.143,19.156,19.176,19.201,19.228,19.258,19.289,19.329,19.373,19.351,19.106,18.651,18.543,18.58,18.578,18.722,19.031,19.322,19.415,19.423,19.411,19.405,19.416,19.433,19.46,19.385,19.292,19.166,18.883,18.371,18.362,18.105,17.894,17.692,17.565,17.565,17.668,17.831,17.988,18.046,18.077,18.116,17.955,17.927,18.442,19.026,19.348,19.528,19.583,19.589,19.567,19.434,19.26,19.221,19.336,19.166,18.734,18.92,19.02,18.932,18.79,18.746,18.767,18.773,18.767,18.779,18.78,18.771,18.793,18.802,18.821,18.714,18.734,18.861,17.958
19.097,19.103,19.117,19.137,19.162,19.19,19.219,19.25,19.286,19.33,19.346,19.209,18.732,18.529,18.567,18.565,18.537,18.593,18.813,19.099,19.326,19.392,19.418,19.411,19.373,19.267,18.983,19.009,18.304,17.626,17.62,17.599,17.524,17.523,17.53,17.649,17.914,18.245,18.502,18.629,18.638,18.599,18.453,18.215,18.453,18.985,19.351,19.545,19.591,19.567,19.566,19.564,19.491,19.366,19.319,19.401,19.212,18.77,18.86,18.984,18.916,18.78,18.773,18.784,18.771,18.774,18.814,18.798,18.792,18.805,18.852,18.823,18.714,18.749,18.592,17.147
19.061,19.062,19.073,19.09,19.113,19.14,19.166,19.194,19.227,19.275,19.326,19.285,18.91,18.542,18.56,18.62,18.611,18.608,18.656,18.805,18.984,19.129,19.211,19.191,19.18,19.025,18.631,18.273,17.803,17.74,17.743,17.608,17.517,17.476,17.564,17.844,18.271,18.688,18.874,18.872,18.816,18.727,18.576,18.68,19.061,19.336,19.542,19.574,19.554,19.547,19.548,19.556,19.531,19.46,19.427,19.474,19.293,18.879,18.82,18.947,18.946,18.803,18.757,18.801,18.803,18.805,18.789,18.786,18.831,18.862,18.828,18.721,18.597,18.682,17.82,16.41
19.03,19.02,19.025,19.039,19.059,19.081,19.105,19.131,19.167,19.223,19.295,19.317,19.104,18.686,18.609,18.687,18.712,18.695,18.71,18.815,18.89,18.924,19.012,18.905,18.49,18.236,18.105,17.885,17.77,17.663,17.506,17.408,17.37,17.413,17.595,17.942,18.405,18.842,18.96,18.895,18.876,18.903,19.033,19.208,19.365,19.461,19.514,19.533,19.538,19.539,19.538,19.54,19.543,19.523,19.515,19.545,19.403,19.069,18.895,18.902,18.963,18.867,18.786,18.776,18.783,18.797,18.779,18.834,18.887,18.794,18.616,18.456,18.459,18.54,16.94,15.781
19,18.98,18.98,18.992,19.01,19.031,19.055,19.084,19.121,19.175,19.253,19.316,19.228,18.944,18.787,18.775,18.799,18.791,18.686,18.797,18.949,18.885,18.844,18.421,17.919,17.915,17.963,17.837,17.647,17.448,17.352,17.312,17.313,17.373,17.518,17.809,18.263,18.784,19.003,19.004,19.064,19.135,19.255,19.377,19.339,19.356,19.425,19.466,19.479,19.465,19.445,19.463,19.536,19.55,19.554,19.578,19.501,19.291,19.1,18.996,18.968,18.912,18.846,18.812,18.802,18.795,18.807,18.936,18.755,18.403,18.175,18.244,18.476,18.4,16.589,16.275
18.961,18.944,18.943,18.955,18.972,18.993,19.017,19.043,19.076,19.12,19.188,19.276,19.297,19.148,18.966,18.813,18.825,18.857,18.706,18.818,18.984,18.838,18.554,18.051,17.929,18.142,18.049,17.801,17.466,17.264,17.289,17.321,17.338,17.331,17.389,17.594,17.942,18.473,18.821,18.918,18.997,19.089,19.156,19.195,19.219,19.217,19.207,19.217,19.125,18.797,18.477,18.539,19.199,19.461,19.496,19.512,19.507,19.447,19.33,19.2,19.088,18.993,18.909,18.853,18.845,18.815,18.939,18.804,18.116,17.86,17.938,18.496,18.397,17.76,16.232,16.485
18.936,18.913,18.913,18.924,18.94,18.96,18.981,19.004,19.029,19.058,19.102,19.183,19.264,19.208,18.935,18.729,18.819,18.904,18.762,18.849,18.908,18.665,18.249,18.021,18.287,18.398,18.183,17.741,17.304,17.147,17.295,17.409,17.43,17.335,17.324,17.435,17.585,17.95,18.292,18.424,18.534,18.697,18.85,18.949,19.069,19.151,18.885,18.316,17.752,17.319,17.243,17.605,18.341,18.934,19.238,19.351,19.394,19.4,19.389,19.33,19.25,19.126,19.007,18.934,18.881,18.877,18.947,17.895,17.519,17.759,17.486,17.173,16.78,16.358,16.054,15.856
18.908,18.884,18.886,18.896,18.91,18.927,18.946,18.965,18.984,18.999,19.019,19.078,19.174,19.168,18.833,18.663,18.829,18.946,18.786,18.825,18.789,18.411,18.084,18.223,18.565,18.546,18.238,17.8,17.324,17.173,17.394,17.574,17.582,17.375,17.296,17.394,17.412,17.498,17.745,17.878,17.986,18.166,18.288,18.277,18.25,18.165,17.777,17.166,16.701,16.562,16.768,17.564,18.41,18.553,18.968,19.194,19.27,19.309,19.336,19.369,19.337,19.262,19.133,19.015,18.923,18.824,18.205,16.77,17.507,17.261,16.35,15.516,15.017,15.267,15.354,14.884
18.871,18.856,18.859,18.868,18.88,18.896,18.912,18.929,18.943,18.952,18.963,19.013,19.103,19.079,18.733,18.647,18.857,18.957,18.788,18.773,18.638,18.209,18.12,18.441,18.587,18.456,18.339,18.152,17.791,17.488,17.612,17.762,17.732,17.441,17.24,17.393,17.452,17.293,17.342,17.417,17.443,17.485,17.487,17.378,17.208,17.043,16.816,16.525,16.323,16.251,16.375,17.542,18.643,18.701,18.883,19.147,19.207,19.21,19.243,19.302,19.326,19.267,19.164,19.033,18.961,17.75,16.216,16.064,16.229,15.793,14.926,14.126,13.803,13.969,14.022,13.996
18.836,18.827,18.831,18.839,18.85,18.864,18.879,18.894,18.907,18.915,18.929,18.979,19.047,18.982,18.658,18.67,18.925,19.014,18.811,18.74,18.479,18.103,18.24,18.49,18.394,18.302,18.405,18.428,18.378,18.166,18.003,17.969,17.859,17.577,17.171,17.296,17.579,17.39,17.178,17.163,17.142,17.096,17.045,16.972,16.862,16.738,16.627,16.531,16.437,16.28,16.34,17.613,18.677,19.002,18.901,19.136,19.105,19.087,19.121,19.163,19.207,19.188,19.13,18.957,19.062,18.08,15.254,14.519,14.656,14.52,14.284,14.088,0,0,0,0
18.796,18.796,18.802,18.809,18.819,18.832,18.846,18.86,18.874,18.885,18.905,18.951,18.993,18.898,18.612,18.697,19,19.078,18.868,18.697,18.342,18.068,18.328,18.403,18.213,18.228,18.322,18.404,18.527,18.597,18.46,18.186,18.001,17.75,17.199,17.076,17.582,17.642,17.257,17.097,16.994,16.874,16.716,16.543,16.369,16.226,16.167,16.238,16.423,16.363,16.563,17.899,18.789,18.931,18.843,18.95,18.895,18.881,18.962,19.029,19.099,19.103,19.064,19.347,18.999,16.558,14.323,15.295,0,0,0,0,0,0,0,0
18.764,18.766,18.771,18.777,18.786,18.797,18.811,18.827,18.843,18.86,18.884,18.924,18.957,18.855,18.587,18.68,19.025,19.082,18.886,18.63,18.238,18.068,18.355,18.277,18.104,18.165,18.21,18.268,18.392,18.56,18.599,18.378,18.112,17.841,17.319,16.924,17.323,17.727,17.427,17.165,16.916,16.663,16.37,16.084,15.825,15.601,15.51,15.704,16.107,16.308,16.733,18.086,18.834,18.893,18.778,18.769,18.794,18.865,18.928,18.964,19.002,19.144,19.469,18.672,17.112,15.563,0,0,0,0,0,0,0,0,0,0
18.735,18.734,18.738,18.742,18.75,18.761,18.775,18.792,18.813,18.838,18.867,18.903,18.942,18.85,18.567,18.603,18.979,19.029,18.848,18.54,18.157,18.072,18.341,18.198,18.077,18.172,18.201,18.185,18.231,18.402,18.479,18.323,18.124,17.921,17.528,16.975,16.925,17.467,17.459,17.182,16.881,16.594,16.376,16.205,15.98,15.663,15.416,15.516,15.921,16.203,16.731,17.993,18.679,18.808,18.816,18.834,18.848,18.84,18.907,19.052,19.149,18.96,18.287,16.938,15.984,0,0,0,0,0,0,0,0,0,0,0
18.706,18.701,18.702,18.705,18.712,18.722,18.737,18.755,18.779,18.813,18.851,18.891,18.94,18.876,18.562,18.487,18.862,18.928,18.762,18.433,18.092,18.074,18.329,18.183,18.112,18.252,18.303,18.201,18.109,18.26,18.403,18.263,18.13,17.976,17.727,17.258,16.709,17.019,17.419,17.19,16.918,16.781,16.741,16.689,16.448,15.982,15.501,15.394,15.735,15.941,16.395,17.493,18.081,18.238,18.269,18.195,18.144,18.224,18.367,18.452,18.335,17.815,16.813,16.05,0,0,0,0,0,0,0,0,0,0,0,0
18.673,18.666,18.665,18.666,18.671,18.68,18.694,18.712,18.738,18.776,18.826,18.88,18.941,18.924,18.603,18.371,18.677,18.798,18.632,18.315,18.046,18.09,18.342,18.226,18.174,18.315,18.417,18.268,18.042,18.125,18.362,18.251,18.109,17.964,17.775,17.49,16.872,16.536,17.199,17.411,17.094,17.083,17.183,17.231,17.012,16.424,15.676,15.217,15.479,15.561,15.649,16.45,16.937,17.094,17.072,16.946,16.851,16.856,16.967,17.093,17.09,16.718,15.707,15.217,0,0,0,0,0,0,0,0,0,0,0,0
