15.347,15.352,15.365,15.374,15.38,15.383,15.378,15.356,15.32,15.275,15.229,15.19,15.16,15.13,15.081,15.058,15.042,15,14.884,14.701,14.543,14.45,14.355,14.271,14.196,14.125,14.062,14.002,13.945,13.898,13.861,13.834,13.811,13.79,13.776,13.768,13.746,13.722,13.701,13.681,13.657,13.621,13.568,13.498,13.409,13.3,13.171,13.031,12.888,12.757,12.664,12.563,12.476,12.414,12.361,12.325,12.295,12.271,12.25,12.231,12.215,12.2,12.187,12.173,12.172,12.158,12.148,12.13,12.113,12.091,12.067,12.041,12.011,11.979,11.947,11.915
15.343,15.309,15.309,15.318,15.327,15.333,15.33,15.315,15.291,15.259,15.224,15.189,15.155,15.12,15.08,15.043,14.999,14.933,14.829,14.692,14.56,14.453,14.357,14.273,14.197,14.127,14.063,14.004,13.951,13.906,13.868,13.839,13.816,13.799,13.787,13.777,13.765,13.753,13.742,13.728,13.708,13.677,13.632,13.571,13.493,13.394,13.273,13.132,12.98,12.829,12.692,12.577,12.486,12.42,12.369,12.33,12.3,12.274,12.252,12.233,12.217,12.202,12.188,12.177,12.171,12.158,12.144,12.127,12.109,12.087,12.063,12.036,12.007,11.976,11.945,11.913
15.28,15.244,15.244,15.258,15.273,15.283,15.286,15.279,15.264,15.242,15.216,15.187,15.155,15.12,15.08,15.036,14.981,14.908,14.811,14.694,14.575,14.466,14.367,14.279,14.2,14.129,14.064,14.005,13.952,13.906,13.868,13.84,13.819,13.805,13.796,13.792,13.79,13.79,13.79,13.786,13.774,13.751,13.715,13.666,13.601,13.515,13.4,13.254,13.084,12.904,12.738,12.6,12.497,12.424,12.371,12.332,12.301,12.275,12.253,12.234,12.217,12.202,12.189,12.178,12.172,12.158,12.143,12.127,12.108,12.087,12.062,12.035,12.006,11.975,11.944,11.913
15.209,15.167,15.166,15.183,15.206,15.223,15.232,15.235,15.231,15.222,15.207,15.187,15.162,15.13,15.092,15.044,14.985,14.91,14.817,14.709,14.596,14.486,14.384,14.292,14.209,14.134,14.067,14.006,13.952,13.906,13.869,13.842,13.823,13.813,13.809,13.813,13.822,13.835,13.848,13.855,13.852,13.835,13.807,13.769,13.718,13.649,13.549,13.406,13.22,13.009,12.804,12.635,12.513,12.431,12.376,12.336,12.304,12.278,12.256,12.236,12.219,12.204,12.191,12.186,12.173,12.16,12.145,12.128,12.11,12.088,12.063,12.036,12.007,11.976,11.945,11.913
15.101,15.075,15.075,15.089,15.112,15.136,15.154,15.168,15.179,15.187,15.19,15.187,15.175,15.153,15.119,15.073,15.012,14.935,14.843,14.737,14.625,14.513,14.406,14.309,14.221,14.143,14.072,14.009,13.953,13.906,13.87,13.844,13.829,13.823,13.826,13.84,13.863,13.891,13.918,13.936,13.939,13.925,13.898,13.866,13.83,13.783,13.708,13.583,13.393,13.148,12.892,12.678,12.531,12.441,12.384,12.343,12.311,12.284,12.261,12.241,12.223,12.207,12.194,12.189,12.176,12.162,12.148,12.131,12.113,12.091,12.066,12.039,12.009,11.979,11.947,11.915
14.979,14.973,14.972,14.976,14.987,15.007,15.031,15.056,15.086,15.118,15.148,15.171,15.183,15.182,15.164,15.126,15.066,14.986,14.889,14.779,14.663,14.546,14.434,14.331,14.237,14.154,14.079,14.013,13.955,13.907,13.871,13.847,13.835,13.834,13.846,13.873,13.913,13.961,14.005,14.034,14.038,14.018,13.982,13.946,13.92,13.897,13.853,13.761,13.592,13.327,13.009,12.732,12.551,12.454,12.397,12.357,12.323,12.295,12.27,12.248,12.229,12.212,12.198,12.192,12.179,12.165,12.151,12.135,12.117,12.096,12.071,12.044,12.014,11.982,11.95,11.919
14.87,14.871,14.865,14.857,14.85,14.846,14.859,14.892,14.939,14.997,15.058,15.115,15.162,15.196,15.211,15.2,15.154,15.071,14.963,14.842,14.715,14.588,14.468,14.356,14.256,14.167,14.088,14.019,13.958,13.908,13.872,13.849,13.841,13.847,13.871,13.915,13.977,14.049,14.113,14.153,14.156,14.12,14.061,14.007,13.985,13.979,13.956,13.899,13.78,13.536,13.165,12.803,12.572,12.473,12.422,12.382,12.347,12.316,12.289,12.264,12.242,12.221,12.204,12.197,12.183,12.169,12.155,12.14,12.122,12.102,12.077,12.05,12.019,11.988,11.955,11.923
14.771,14.775,14.766,14.75,14.729,14.707,14.696,14.715,14.769,14.842,14.924,15.009,15.092,15.165,15.224,15.261,15.26,15.201,15.083,14.937,14.788,14.645,14.51,14.387,14.278,14.182,14.098,14.025,13.961,13.909,13.871,13.85,13.846,13.861,13.9,13.967,14.059,14.161,14.249,14.299,14.299,14.246,14.153,14.066,14.039,14.049,14.023,13.963,13.889,13.722,13.352,12.905,12.599,12.5,12.465,12.422,12.382,12.35,12.324,12.299,12.273,12.246,12.222,12.208,12.189,12.173,12.159,12.145,12.129,12.109,12.085,12.057,12.026,11.994,11.962,11.931
14.685,14.69,14.681,14.663,14.64,14.616,14.6,14.602,14.637,14.705,14.793,14.89,14.992,15.092,15.184,15.261,15.32,15.341,15.267,15.092,14.896,14.721,14.567,14.428,14.305,14.2,14.109,14.031,13.964,13.909,13.87,13.85,13.852,13.877,13.936,14.034,14.165,14.301,14.402,14.449,14.445,14.389,14.275,14.154,14.117,14.144,14.103,13.993,13.89,13.781,13.513,13.042,12.646,12.531,12.523,12.468,12.41,12.384,12.378,12.37,12.351,12.32,12.28,12.244,12.204,12.176,12.16,12.151,12.137,12.117,12.094,12.066,12.036,12.004,11.973,11.943
14.615,14.62,14.611,14.594,14.575,14.557,14.545,14.546,14.568,14.628,14.721,14.822,14.925,15.028,15.132,15.229,15.306,15.375,15.43,15.346,15.102,14.839,14.638,14.479,14.34,14.221,14.122,14.039,13.968,13.91,13.868,13.849,13.857,13.897,13.982,14.121,14.296,14.443,14.513,14.521,14.504,14.469,14.386,14.276,14.23,14.264,14.227,14.072,13.879,13.689,13.533,13.163,12.747,12.557,12.573,12.498,12.407,12.399,12.436,12.474,12.493,12.486,12.447,12.374,12.288,12.206,12.157,12.148,12.146,12.127,12.105,12.078,12.049,12.02,11.991,11.966
14.563,14.564,14.561,14.546,14.529,14.516,14.511,14.518,14.543,14.628,14.747,14.865,14.967,15.052,15.13,15.214,15.304,15.363,15.423,15.484,15.369,15.068,14.763,14.544,14.382,14.248,14.139,14.048,13.974,13.913,13.869,13.849,13.865,13.921,14.038,14.218,14.409,14.514,14.51,14.472,14.431,14.416,14.398,14.36,14.336,14.361,14.35,14.201,13.966,13.633,13.405,13.175,12.893,12.591,12.581,12.502,12.383,12.433,12.531,12.589,12.633,12.671,12.689,12.669,12.569,12.404,12.218,12.135,12.148,12.143,12.118,12.095,12.07,12.045,12.022,12.003
14.539,14.523,14.509,14.493,14.479,14.471,14.475,14.5,14.553,14.677,14.833,14.978,15.093,15.175,15.231,15.27,15.316,15.385,15.441,15.501,15.52,15.321,14.966,14.65,14.436,14.282,14.161,14.064,13.984,13.92,13.872,13.852,13.872,13.943,14.083,14.282,14.459,14.512,14.472,14.405,14.338,14.304,14.308,14.32,14.341,14.38,14.419,14.315,14.101,13.747,13.322,13.105,12.983,12.646,12.557,12.492,12.406,12.552,12.667,12.662,12.656,12.708,12.772,12.835,12.851,12.738,12.488,12.226,12.129,12.15,12.136,12.114,12.095,12.077,12.061,12.05
14.488,14.474,14.459,14.444,14.434,14.433,14.45,14.497,14.585,14.746,14.926,15.081,15.198,15.281,15.339,15.379,15.401,15.419,15.449,15.498,15.569,15.51,15.204,14.813,14.516,14.326,14.191,14.085,14,13.932,13.881,13.856,13.874,13.949,14.092,14.291,14.46,14.489,14.452,14.387,14.311,14.246,14.21,14.202,14.23,14.292,14.399,14.386,14.211,13.926,13.381,13.047,12.991,12.695,12.548,12.475,12.408,12.538,12.592,12.518,12.529,12.616,12.691,12.758,12.86,12.929,12.8,12.476,12.202,12.134,12.149,12.134,12.12,12.109,12.101,12.096
14.437,14.424,14.41,14.398,14.392,14.401,14.433,14.505,14.629,14.826,15.021,15.172,15.279,15.352,15.402,15.437,15.464,15.487,15.501,15.517,15.572,15.606,15.415,15.019,14.639,14.389,14.231,14.115,14.024,13.951,13.896,13.863,13.87,13.935,14.063,14.244,14.416,14.477,14.462,14.416,14.359,14.292,14.22,14.159,14.13,14.155,14.284,14.391,14.28,14.068,13.514,13.055,12.983,12.738,12.555,12.468,12.367,12.429,12.463,12.435,12.535,12.671,12.768,12.797,12.8,12.913,12.972,12.75,12.391,12.165,12.142,12.152,12.14,12.136,12.132,12.131
14.384,14.374,14.362,14.353,14.353,14.372,14.421,14.518,14.681,14.909,15.111,15.256,15.36,15.436,15.484,15.504,15.508,15.519,15.54,15.549,15.578,15.639,15.564,15.232,14.809,14.485,14.285,14.154,14.056,13.978,13.919,13.878,13.866,13.905,14.002,14.15,14.31,14.413,14.449,14.439,14.401,14.345,14.276,14.199,14.129,14.083,14.149,14.328,14.31,14.155,13.657,13.117,12.994,12.809,12.589,12.473,12.354,12.379,12.414,12.416,12.564,12.763,12.923,12.963,12.875,12.862,13,12.939,12.595,12.271,12.143,12.154,12.155,12.153,12.153,12.153
14.332,14.324,14.315,14.309,14.315,14.343,14.408,14.531,14.735,14.988,15.189,15.334,15.455,15.557,15.619,15.626,15.592,15.559,15.56,15.574,15.593,15.648,15.651,15.419,15.005,14.619,14.362,14.203,14.095,14.014,13.952,13.905,13.876,13.88,13.929,14.024,14.146,14.252,14.32,14.346,14.335,14.297,14.245,14.192,14.146,14.087,14.074,14.236,14.305,14.206,13.812,13.223,13.02,12.924,12.655,12.491,12.353,12.334,12.366,12.386,12.569,12.839,13.056,13.113,13.001,12.891,12.988,13.045,12.768,12.392,12.18,12.146,12.159,12.16,12.161,12.162
14.28,14.275,14.267,14.264,14.274,14.311,14.393,14.538,14.786,15.059,15.256,15.414,15.577,15.731,15.818,15.809,15.731,15.639,15.59,15.588,15.606,15.654,15.694,15.56,15.199,14.782,14.464,14.266,14.143,14.058,13.994,13.944,13.907,13.886,13.89,13.924,13.983,14.051,14.108,14.143,14.153,14.143,14.125,14.107,14.102,14.087,14.054,14.164,14.279,14.229,13.971,13.399,13.079,13.038,12.766,12.542,12.368,12.29,12.319,12.347,12.529,12.823,13.073,13.161,13.051,12.936,13.002,13.092,12.874,12.5,12.239,12.15,12.151,12.159,12.159,12.161
14.229,14.225,14.219,14.217,14.231,14.274,14.372,14.548,14.83,15.117,15.312,15.499,15.727,15.943,16.051,16.015,15.884,15.739,15.642,15.605,15.612,15.659,15.715,15.655,15.367,14.955,14.591,14.347,14.202,14.108,14.041,13.989,13.95,13.921,13.905,13.903,13.914,13.936,13.961,13.982,13.997,14.006,14.014,14.024,14.042,14.06,14.044,14.122,14.252,14.229,14.086,13.627,13.192,13.044,12.884,12.625,12.411,12.274,12.272,12.283,12.418,12.688,12.958,13.141,13.142,13.068,13.086,13.106,12.912,12.563,12.286,12.166,12.144,12.149,12.153,12.159
14.178,14.175,14.17,14.169,14.183,14.232,14.345,14.551,14.864,15.159,15.356,15.579,15.874,16.14,16.247,16.18,16.002,15.817,15.691,15.628,15.616,15.66,15.727,15.713,15.5,15.119,14.731,14.448,14.273,14.165,14.09,14.035,13.995,13.968,13.951,13.943,13.941,13.943,13.949,13.957,13.966,13.976,13.989,14.001,14.021,14.043,14.036,14.101,14.235,14.218,14.13,13.815,13.341,13.03,12.991,12.754,12.501,12.296,12.233,12.227,12.284,12.469,12.701,12.959,13.124,13.148,13.121,13.055,12.861,12.559,12.311,12.177,12.138,12.138,12.149,12.153
14.128,14.127,14.122,14.119,14.132,14.184,14.311,14.542,14.879,15.181,15.381,15.635,15.977,16.267,16.356,16.262,16.07,15.864,15.723,15.647,15.618,15.659,15.737,15.75,15.596,15.262,14.876,14.564,14.358,14.227,14.14,14.079,14.039,14.015,14.003,13.999,13.998,13.998,13.999,14.001,14.005,14.01,14.016,14.021,14.033,14.046,14.039,14.102,14.232,14.202,14.13,13.897,13.444,13.06,13.021,12.872,12.622,12.375,12.231,12.199,12.182,12.253,12.375,12.571,12.779,12.908,12.926,12.852,12.703,12.482,12.287,12.176,12.139,12.142,12.152,12.149
14.083,14.082,14.076,14.071,14.081,14.132,14.267,14.517,14.871,15.18,15.383,15.65,16.012,16.309,16.376,16.261,16.084,15.887,15.743,15.66,15.621,15.658,15.747,15.776,15.662,15.38,15.016,14.691,14.456,14.298,14.192,14.124,14.084,14.063,14.055,14.052,14.05,14.046,14.043,14.043,14.045,14.047,14.047,14.043,14.048,14.052,14.045,14.119,14.238,14.177,14.116,13.891,13.408,13.04,12.99,12.941,12.738,12.511,12.318,12.221,12.156,12.147,12.182,12.246,12.347,12.48,12.536,12.513,12.453,12.321,12.197,12.129,12.112,12.124,12.139,12.143
14.041,14.041,14.034,14.026,14.031,14.078,14.212,14.472,14.836,15.156,15.361,15.621,15.982,16.286,16.352,16.221,16.05,15.889,15.755,15.668,15.626,15.661,15.759,15.799,15.708,15.474,15.146,14.823,14.565,14.379,14.253,14.175,14.135,14.117,14.111,14.106,14.098,14.089,14.086,14.088,14.091,14.088,14.075,14.062,14.062,14.059,14.068,14.17,14.249,14.136,14.094,13.779,13.253,12.957,12.953,12.968,12.815,12.635,12.479,12.334,12.216,12.134,12.122,12.145,12.151,12.237,12.255,12.238,12.274,12.216,12.162,12.13,12.125,12.132,12.148,12.175
14.005,14.006,13.997,13.987,13.987,14.023,14.146,14.408,14.772,15.111,15.318,15.554,15.899,16.221,16.327,16.206,16.014,15.875,15.759,15.674,15.638,15.676,15.777,15.822,15.743,15.547,15.262,14.955,14.685,14.475,14.328,14.24,14.197,14.181,14.173,14.163,14.15,14.143,14.145,14.151,14.146,14.121,14.09,14.071,14.068,14.06,14.103,14.225,14.218,14.086,14.048,13.517,13.058,12.875,12.912,12.919,12.794,12.667,12.577,12.497,12.401,12.281,12.165,12.083,12.051,12.078,12.077,12.111,12.205,12.182,12.17,12.178,12.184,12.195,12.208,12.219
13.976,13.978,13.969,13.957,13.951,13.972,14.072,14.313,14.679,15.042,15.262,15.464,15.776,16.113,16.294,16.238,16.037,15.869,15.766,15.69,15.664,15.707,15.802,15.844,15.772,15.604,15.362,15.083,14.813,14.587,14.422,14.322,14.273,14.254,14.241,14.226,14.215,14.214,14.22,14.214,14.175,14.118,14.077,14.065,14.07,14.099,14.193,14.266,14.127,14.041,13.885,13.205,12.898,12.808,12.846,12.778,12.672,12.62,12.595,12.586,12.566,12.506,12.389,12.252,12.134,12.045,11.996,11.994,12.031,12.05,12.107,12.14,12.179,12.211,12.203,12.151
13.954,13.958,13.951,13.938,13.926,13.931,13.998,14.203,14.56,14.949,15.196,15.367,15.629,15.955,16.212,16.274,16.132,15.926,15.801,15.732,15.712,15.754,15.835,15.866,15.799,15.651,15.448,15.202,14.944,14.712,14.533,14.418,14.36,14.331,14.312,14.295,14.288,14.292,14.283,14.234,14.15,14.083,14.061,14.075,14.108,14.179,14.258,14.213,14.033,13.979,13.503,13.005,12.814,12.724,12.702,12.655,12.624,12.636,12.662,12.69,12.699,12.636,12.575,12.49,12.367,12.224,12.098,12.015,11.973,11.943,12.014,12.052,12.119,12.108,12.071,12
13.932,13.948,13.945,13.932,13.915,13.903,13.933,14.089,14.424,14.824,15.115,15.277,15.481,15.764,16.056,16.241,16.236,16.064,15.893,15.81,15.781,15.811,15.874,15.895,15.833,15.702,15.526,15.312,15.073,14.841,14.651,14.521,14.448,14.408,14.381,14.364,14.36,14.35,14.293,14.19,14.098,14.064,14.082,14.137,14.197,14.257,14.224,14.101,13.995,13.914,13.265,12.89,12.741,12.681,12.624,12.626,12.688,12.798,12.912,12.988,12.994,12.827,12.68,12.626,12.579,12.489,12.324,12.152,12.041,11.963,11.905,11.96,11.977,11.95,11.893,11.847
13.92,13.949,13.949,13.939,13.919,13.893,13.887,13.981,14.262,14.668,15.011,15.195,15.355,15.577,15.841,16.096,16.249,16.216,16.055,15.928,15.87,15.873,15.915,15.933,15.882,15.767,15.609,15.417,15.194,14.964,14.762,14.617,14.529,14.479,14.445,14.427,14.414,14.358,14.241,14.122,14.067,14.087,14.133,14.177,14.185,14.203,14.118,14.004,14.005,13.992,13.266,12.78,12.662,12.635,12.631,12.732,12.91,13.104,13.252,13.349,13.378,13.24,13.009,12.842,12.714,12.664,12.591,12.374,12.168,12.026,11.896,11.871,11.859,11.828,11.799,11.801
13.945,13.964,13.964,13.955,13.935,13.902,13.866,13.895,14.101,14.485,14.873,15.107,15.256,15.428,15.627,15.859,16.1,16.246,16.212,16.084,15.992,15.953,15.969,15.984,15.945,15.847,15.697,15.514,15.299,15.066,14.854,14.696,14.598,14.538,14.498,14.476,14.429,14.31,14.157,14.071,14.078,14.112,14.138,14.153,14.149,14.118,14.036,13.97,13.854,13.456,12.881,12.646,12.61,12.637,12.751,12.984,13.233,13.411,13.498,13.526,13.52,13.525,13.541,13.377,12.984,12.726,12.703,12.594,12.326,12.115,11.927,11.834,11.822,11.817,11.841,11.891
13.972,13.985,13.985,13.978,13.96,13.925,13.871,13.842,13.958,14.292,14.696,14.995,15.167,15.318,15.472,15.623,15.827,16.072,16.221,16.211,16.133,16.077,16.067,16.066,16.026,15.932,15.783,15.595,15.376,15.137,14.916,14.752,14.651,14.585,14.543,14.499,14.39,14.211,14.081,14.067,14.089,14.096,14.091,14.071,14.041,14.027,13.995,13.919,13.478,12.958,12.732,12.586,12.609,12.723,12.944,13.241,13.457,13.52,13.503,13.482,13.45,13.448,13.57,13.596,13.28,12.859,12.708,12.714,12.486,12.219,11.987,11.835,11.819,11.85,11.899,11.955
13.998,14.007,14.007,14.002,13.987,13.955,13.898,13.828,13.848,14.09,14.487,14.845,15.067,15.222,15.372,15.48,15.571,15.752,15.994,16.152,16.18,16.169,16.157,16.147,16.099,16.002,15.846,15.646,15.416,15.169,14.946,14.788,14.688,14.616,14.567,14.478,14.282,14.108,14.066,14.084,14.092,14.061,14.068,14.059,14.042,14.005,13.959,13.785,13.057,12.754,12.653,12.547,12.605,12.772,13.104,13.429,13.531,13.471,13.397,13.369,13.363,13.401,13.48,13.407,13.049,12.763,12.693,12.768,12.627,12.321,12.062,11.866,11.824,11.874,11.928,11.986
14.02,14.028,14.028,14.023,14.011,13.986,13.934,13.849,13.79,13.916,14.267,14.655,14.941,15.121,15.278,15.413,15.457,15.493,15.643,15.86,16.017,16.07,16.113,16.131,16.106,16.021,15.866,15.654,15.411,15.162,14.951,14.809,14.708,14.637,14.564,14.375,14.16,14.072,14.078,14.064,13.939,13.793,13.952,14.102,14.066,13.988,13.904,13.677,12.837,12.658,12.59,12.483,12.554,12.844,13.299,13.528,13.475,13.332,13.282,13.281,13.307,13.417,13.351,12.982,12.8,12.744,12.7,12.77,12.724,12.428,12.143,11.918,11.84,11.88,11.936,12.053
14.039,14.046,14.046,14.041,14.03,14.01,13.97,13.891,13.785,13.792,14.045,14.44,14.781,15.01,15.168,15.336,15.436,15.419,15.421,15.529,15.705,15.845,15.926,15.998,16.03,15.975,15.83,15.613,15.367,15.13,14.944,14.813,14.711,14.631,14.469,14.234,14.1,14.09,14.096,13.91,13.451,13.297,13.607,13.975,14.131,14.103,13.946,13.744,12.772,12.555,12.584,12.453,12.514,12.981,13.471,13.519,13.335,13.201,13.234,13.25,13.309,13.412,13.126,12.814,12.796,12.719,12.629,12.7,12.746,12.512,12.222,11.983,11.875,11.893,11.948,12.105
14.047,14.057,14.058,14.053,14.043,14.025,13.995,13.935,13.821,13.734,13.861,14.203,14.584,14.882,15.057,15.219,15.389,15.434,15.386,15.384,15.463,15.605,15.726,15.834,15.907,15.88,15.748,15.535,15.298,15.088,14.927,14.805,14.714,14.585,14.329,14.125,14.09,14.105,14.008,13.64,13.252,13.074,13.288,13.655,13.953,14.085,13.998,13.92,13.031,12.472,12.52,12.469,12.615,13.197,13.563,13.412,13.196,13.151,13.273,13.287,13.346,13.311,12.861,12.799,12.669,12.543,12.538,12.684,12.748,12.554,12.271,12.047,11.928,11.937,12.034,12.129
14.047,14.064,14.066,14.06,14.048,14.032,14.008,13.966,13.874,13.739,13.739,13.986,14.369,14.724,14.953,15.094,15.285,15.421,15.405,15.367,15.383,15.461,15.586,15.698,15.779,15.761,15.637,15.437,15.223,15.044,14.901,14.783,14.64,14.394,14.181,14.183,14.26,14.284,14.294,14.061,13.5,13.058,13.068,13.255,13.632,13.882,13.94,13.966,13.484,12.807,12.62,12.608,12.877,13.456,13.566,13.281,13.122,13.156,13.315,13.337,13.36,13.165,12.717,12.688,12.462,12.449,12.549,12.695,12.705,12.54,12.297,12.1,11.992,11.992,12.137,12.107
14.042,14.071,14.07,14.061,14.047,14.03,14.009,13.979,13.916,13.785,13.69,13.816,14.143,14.534,14.841,14.99,15.151,15.354,15.413,15.371,15.367,15.412,15.501,15.602,15.666,15.637,15.514,15.333,15.148,14.993,14.861,14.718,14.502,14.276,14.242,14.293,14.123,14.089,14.223,13.903,13.278,13.098,13.073,13.071,13.275,13.688,13.858,13.9,13.77,13.319,13.028,12.916,13.262,13.64,13.473,13.173,13.097,13.147,13.307,13.37,13.345,13.032,12.634,12.506,12.405,12.431,12.503,12.59,12.584,12.475,12.292,12.134,12.047,12.079,12.194,11.985
14.079,14.081,14.07,14.056,14.039,14.021,14.001,13.977,13.935,13.838,13.703,13.713,13.948,14.333,14.701,14.907,15.02,15.236,15.387,15.377,15.36,15.392,15.459,15.534,15.564,15.515,15.391,15.229,15.071,14.939,14.809,14.641,14.446,14.308,14.1,13.648,13.282,13.338,13.455,13.307,13.108,13.096,13.081,13.116,13.112,13.488,13.777,13.81,13.845,13.665,13.371,13.275,13.619,13.674,13.322,13.113,13.088,13.125,13.285,13.389,13.304,12.896,12.57,12.448,12.397,12.381,12.398,12.426,12.422,12.363,12.254,12.144,12.124,12.194,12.113,11.849
14.111,14.085,14.064,14.044,14.025,14.006,13.986,13.964,13.934,13.871,13.747,13.678,13.805,14.131,14.534,14.827,14.919,15.091,15.314,15.366,15.354,15.374,15.424,15.466,15.461,15.393,15.274,15.137,15.007,14.873,14.687,14.449,14.24,14.036,13.681,13.221,13.057,13.125,13.162,13.16,13.11,13.094,13.104,13.171,13.148,13.349,13.725,13.787,13.864,13.791,13.556,13.632,13.797,13.536,13.184,13.094,13.092,13.115,13.287,13.416,13.251,12.799,12.566,12.47,12.414,12.37,12.35,12.337,12.317,12.289,12.235,12.209,12.229,12.184,11.964,11.839
14.112,14.074,14.048,14.026,14.006,13.986,13.966,13.944,13.919,13.877,13.786,13.688,13.723,13.967,14.363,14.732,14.852,14.948,15.195,15.322,15.334,15.339,15.367,15.382,15.354,15.278,15.17,15.049,14.909,14.711,14.429,14.128,13.886,13.68,13.435,13.226,13.142,13.163,13.167,13.13,13.091,13.152,13.207,13.251,13.206,13.292,13.728,13.882,13.913,13.825,13.745,13.865,13.698,13.331,13.12,13.093,13.1,13.113,13.265,13.469,13.276,12.773,12.603,12.525,12.477,12.424,12.387,12.364,12.346,12.329,12.31,12.288,12.22,12.048,11.866,11.862
14.075,14.047,14.023,14.001,13.981,13.961,13.941,13.92,13.897,13.864,13.803,13.713,13.69,13.852,14.214,14.619,14.807,14.831,15.046,15.237,15.294,15.296,15.298,15.291,15.251,15.174,15.068,14.933,14.753,14.519,14.265,14.063,13.937,13.816,13.619,13.278,13.139,13.15,13.126,13.085,13.153,13.26,13.326,13.343,13.283,13.241,13.565,13.825,13.89,13.877,13.873,13.832,13.45,13.186,13.109,13.097,13.101,13.105,13.139,13.277,13.384,12.863,12.653,12.557,12.519,12.475,12.427,12.386,12.349,12.32,12.284,12.215,12.081,11.915,11.832,11.86
14.038,14.015,13.993,13.972,13.952,13.933,13.913,13.893,13.87,13.843,13.799,13.73,13.686,13.78,14.082,14.499,14.768,14.75,14.894,15.108,15.215,15.244,15.236,15.21,15.16,15.081,14.973,14.832,14.662,14.492,14.375,14.318,14.165,13.781,13.339,13.135,13.152,13.143,13.096,13.111,13.218,13.332,13.388,13.363,13.285,13.173,13.319,13.66,13.879,13.844,13.834,13.573,13.218,13.124,13.104,13.09,13.08,13.097,13.108,13.176,13.502,13.04,12.719,12.603,12.544,12.502,12.45,12.396,12.332,12.248,12.14,12.026,11.923,11.844,11.831,11.832
14.004,13.982,13.961,13.941,13.921,13.902,13.883,13.864,13.842,13.818,13.783,13.731,13.69,13.743,13.981,14.383,14.721,14.698,14.761,14.958,15.086,15.145,15.157,15.123,15.061,14.969,14.854,14.729,14.62,14.534,14.427,14.187,13.748,13.291,13.108,13.139,13.156,13.119,13.088,13.133,13.23,13.331,13.37,13.302,13.221,13.228,13.413,13.682,13.776,13.751,13.64,13.236,13.136,13.105,13.073,13.046,13.031,13.06,13.116,13.196,13.52,13.311,12.907,12.667,12.578,12.527,12.463,12.383,12.307,12.229,12.098,11.917,11.815,11.818,11.826,11.803
13.967,13.946,13.926,13.907,13.889,13.871,13.852,13.834,13.813,13.79,13.761,13.723,13.693,13.729,13.907,14.278,14.665,14.661,14.652,14.816,14.943,14.996,15.011,14.986,14.908,14.783,14.63,14.486,14.363,14.2,13.92,13.538,13.189,13.098,13.147,13.157,13.142,13.101,13.079,13.106,13.179,13.283,13.342,13.297,13.264,13.37,13.552,13.668,13.637,13.494,13.18,13.103,13.084,13.048,12.984,12.953,12.948,12.99,13.062,13.155,13.144,13.407,13.157,12.837,12.639,12.552,12.483,12.378,12.261,12.184,12.085,11.891,11.775,11.809,11.804,11.794
13.928,13.909,13.89,13.872,13.855,13.838,13.821,13.804,13.784,13.764,13.738,13.712,13.695,13.726,13.856,14.189,14.605,14.63,14.553,14.672,14.807,14.873,14.865,14.813,14.716,14.549,14.328,14.099,13.869,13.601,13.29,13.086,13.113,13.171,13.16,13.152,13.125,13.086,13.059,13.057,13.109,13.215,13.322,13.368,13.384,13.456,13.521,13.46,13.305,13.166,13.067,13.028,12.984,12.9,12.833,12.835,12.855,12.912,13,13.15,13.147,13.319,13.319,13.061,12.776,12.598,12.493,12.386,12.242,12.138,12.041,11.87,11.769,11.794,11.781,11.804
13.886,13.869,13.853,13.837,13.821,13.806,13.79,13.774,13.757,13.74,13.719,13.702,13.699,13.729,13.821,14.12,14.541,14.604,14.462,14.508,14.611,14.731,14.803,14.724,14.583,14.376,14.105,13.807,13.513,13.222,13.049,13.101,13.175,13.163,13.157,13.136,13.101,13.068,13.038,13.025,13.054,13.135,13.231,13.289,13.312,13.3,13.251,13.169,13.104,13.075,13.011,12.902,12.822,12.733,12.72,12.763,12.797,12.904,13.011,13.105,13.182,13.213,13.354,13.235,12.946,12.686,12.51,12.38,12.23,12.098,11.976,11.836,11.766,11.766,11.758,11.834
13.842,13.829,13.815,13.802,13.788,13.774,13.76,13.746,13.731,13.718,13.704,13.698,13.702,13.729,13.795,14.051,14.475,14.584,14.386,14.348,14.337,14.403,14.627,14.694,14.575,14.354,14.076,13.762,13.428,13.124,13.051,13.143,13.145,13.132,13.125,13.097,13.07,13.045,13.024,13.013,13.035,13.091,13.143,13.167,13.172,13.159,13.132,13.103,13.069,13.009,12.91,12.782,12.692,12.667,12.716,12.738,12.803,13.009,13.156,13.193,13.237,13.218,13.323,13.33,13.091,12.79,12.541,12.366,12.209,12.057,11.911,11.803,11.75,11.732,11.751,11.879
13.798,13.789,13.778,13.767,13.756,13.744,13.732,13.72,13.707,13.7,13.692,13.695,13.698,13.723,13.775,13.994,14.408,14.567,14.32,14.223,14.107,13.984,14.242,14.554,14.605,14.462,14.208,13.853,13.412,13.073,13.065,13.125,13.1,13.098,13.091,13.08,13.069,13.05,13.024,13.009,13.026,13.078,13.129,13.142,13.119,13.076,13.029,12.999,12.981,12.95,12.866,12.744,12.662,12.701,12.747,12.687,12.832,13.139,13.336,13.339,13.341,13.268,13.307,13.372,13.188,12.872,12.569,12.348,12.184,12.016,11.858,11.775,11.734,11.725,11.775,11.955
13.755,13.75,13.743,13.734,13.725,13.715,13.705,13.695,13.685,13.683,13.68,13.688,13.683,13.709,13.759,13.952,14.346,14.549,14.263,14.124,14.042,13.731,13.884,14.348,14.608,14.573,14.306,13.844,13.311,13.025,13.072,13.1,13.087,13.108,13.123,13.132,13.128,13.105,13.068,13.029,13.007,13.008,13.018,13.006,12.968,12.933,12.925,12.944,12.974,12.969,12.859,12.713,12.676,12.738,12.72,12.62,12.909,13.237,13.398,13.38,13.346,13.282,13.284,13.391,13.238,12.915,12.576,12.323,12.155,11.983,11.822,11.765,11.753,11.758,11.801,12.072
13.715,13.714,13.71,13.704,13.696,13.688,13.679,13.671,13.664,13.667,13.664,13.668,13.656,13.69,13.75,13.925,14.292,14.527,14.219,14.007,14.05,13.667,13.598,14.097,14.502,14.526,14.201,13.671,13.169,12.992,13.053,13.055,13.043,13.077,13.113,13.146,13.17,13.172,13.152,13.113,13.064,13.014,12.98,12.962,12.947,12.931,12.933,12.947,12.971,12.974,12.833,12.698,12.702,12.741,12.64,12.66,13.002,13.257,13.362,13.345,13.298,13.26,13.289,13.403,13.244,12.906,12.549,12.288,12.132,11.969,11.807,11.767,11.78,11.775,11.856,12.21
13.681,13.682,13.68,13.675,13.669,13.662,13.655,13.649,13.644,13.648,13.641,13.632,13.624,13.676,13.752,13.911,14.249,14.497,14.19,13.873,13.998,13.74,13.338,13.671,14.106,14.199,13.912,13.436,13.064,12.976,13.015,12.998,12.991,13.03,13.055,13.068,13.11,13.156,13.185,13.194,13.189,13.164,13.125,13.084,13.048,13.018,12.993,12.972,12.969,12.954,12.782,12.679,12.723,12.724,12.613,12.791,13.093,13.261,13.327,13.307,13.266,13.276,13.356,13.404,13.197,12.838,12.486,12.249,12.126,11.979,11.806,11.74,11.757,11.8,12.005,12.371
13.652,13.655,13.653,13.65,13.645,13.638,13.632,13.626,13.622,13.626,13.611,13.586,13.597,13.674,13.768,13.909,14.219,14.446,14.139,13.792,13.961,13.909,13.292,13.21,13.486,13.647,13.528,13.233,13.015,12.967,12.972,13.002,13.131,13.22,13.211,13.104,13.039,13.051,13.103,13.143,13.189,13.225,13.228,13.205,13.177,13.138,13.049,12.977,12.953,12.895,12.712,12.664,12.716,12.691,12.677,12.941,13.164,13.29,13.368,13.378,13.372,13.398,13.425,13.345,13.076,12.711,12.394,12.216,12.151,12.065,11.927,11.837,11.875,12.004,12.251,12.534
13.629,13.631,13.63,13.626,13.622,13.616,13.61,13.604,13.599,13.598,13.576,13.543,13.582,13.693,13.796,13.913,14.203,14.364,14,13.768,14.043,14.01,13.467,13.214,13.165,13.165,13.162,13.072,12.988,12.975,13.029,13.219,13.378,13.436,13.438,13.372,13.227,13.06,13.021,13.037,13.096,13.18,13.237,13.238,13.214,13.208,13.119,12.996,12.927,12.809,12.656,12.659,12.698,12.691,12.808,13.044,13.196,13.351,13.467,13.49,13.471,13.439,13.355,13.166,12.863,12.535,12.305,12.224,12.236,12.231,12.175,12.14,12.19,12.324,12.503,12.638
13.609,13.61,13.608,13.605,13.6,13.594,13.588,13.582,13.576,13.567,13.541,13.516,13.588,13.733,13.828,13.92,14.197,14.255,13.832,13.825,14.226,14.11,13.69,13.416,13.181,13.024,12.99,12.993,13.012,13.082,13.233,13.423,13.484,13.469,13.44,13.432,13.421,13.321,13.158,13.073,13.085,13.158,13.239,13.253,13.196,13.196,13.172,13.04,12.906,12.722,12.621,12.657,12.692,12.764,12.95,13.074,13.173,13.317,13.391,13.385,13.336,13.245,13.092,12.87,12.611,12.394,12.296,12.298,12.33,12.332,12.324,12.358,12.44,12.547,12.637,12.638
13.59,13.59,13.588,13.584,13.58,13.573,13.567,13.559,13.552,13.536,13.512,13.51,13.615,13.786,13.849,13.919,14.197,14.123,13.66,13.822,14.342,14.286,13.842,13.405,13.113,13.009,12.998,13.05,13.148,13.27,13.393,13.461,13.454,13.407,13.357,13.323,13.343,13.38,13.349,13.288,13.235,13.232,13.274,13.278,13.198,13.156,13.147,13.03,12.857,12.647,12.612,12.674,12.753,12.907,13.028,13.025,13.059,13.109,13.098,13.055,12.986,12.882,12.743,12.583,12.439,12.359,12.35,12.371,12.394,12.422,12.47,12.531,12.59,12.641,12.644,12.527
13.572,13.572,13.569,13.565,13.56,13.553,13.546,13.537,13.528,13.509,13.495,13.521,13.661,13.832,13.85,13.937,14.211,14.032,13.467,13.599,14.126,14.201,13.751,13.277,13.105,13.129,13.197,13.282,13.36,13.412,13.418,13.369,13.294,13.232,13.204,13.209,13.226,13.252,13.299,13.339,13.337,13.325,13.312,13.265,13.177,13.138,13.107,12.967,12.766,12.596,12.639,12.75,12.901,13.01,12.951,12.88,12.85,12.804,12.743,12.69,12.635,12.571,12.503,12.444,12.413,12.418,12.442,12.473,12.513,12.549,12.575,12.59,12.598,12.6,12.509,12.312
13.554,13.553,13.55,13.546,13.54,13.533,13.525,13.515,13.504,13.489,13.494,13.547,13.713,13.85,13.832,13.976,14.245,14.002,13.345,13.246,13.613,13.739,13.508,13.275,13.276,13.338,13.369,13.369,13.334,13.256,13.151,13.063,13.006,12.983,12.986,13.012,13.066,13.132,13.198,13.248,13.274,13.285,13.263,13.2,13.119,13.112,13.066,12.885,12.659,12.586,12.715,12.877,12.988,12.942,12.805,12.703,12.628,12.549,12.492,12.46,12.441,12.43,12.423,12.421,12.43,12.45,12.482,12.528,12.552,12.543,12.523,12.502,12.5,12.46,12.225,12.001
13.536,13.535,13.532,13.527,13.521,13.514,13.505,13.494,13.483,13.479,13.507,13.581,13.758,13.832,13.809,14.049,14.272,13.948,13.296,13.147,13.35,13.413,13.365,13.335,13.345,13.335,13.292,13.206,13.08,12.967,12.911,12.903,12.917,12.935,12.952,12.965,12.979,13.016,13.071,13.124,13.166,13.168,13.138,13.099,13.067,13.089,13.003,12.789,12.582,12.629,12.811,12.951,12.955,12.811,12.64,12.514,12.398,12.298,12.238,12.214,12.22,12.244,12.275,12.31,12.359,12.417,12.503,12.535,12.47,12.393,12.354,12.333,12.33,12.188,11.777,11.616
13.515,13.516,13.514,13.509,13.503,13.495,13.486,13.476,13.468,13.482,13.533,13.622,13.785,13.793,13.808,14.088,14.215,13.82,13.255,13.174,13.33,13.352,13.338,13.337,13.324,13.27,13.145,12.986,12.886,12.871,12.897,12.928,12.95,12.966,12.976,12.983,12.986,12.986,12.995,13.011,13.025,13.028,13.04,13.04,13.046,13.062,12.903,12.675,12.555,12.688,12.871,12.948,12.862,12.661,12.461,12.289,12.123,11.991,11.924,11.919,11.947,11.993,12.067,12.182,12.324,12.433,12.557,12.427,12.186,12.087,12.087,12.127,12.07,11.819,11.506,11.54
13.495,13.498,13.496,13.491,13.485,13.477,13.468,13.46,13.462,13.498,13.567,13.668,13.783,13.739,13.776,14.011,14.024,13.624,13.229,13.239,13.337,13.338,13.337,13.33,13.25,13.096,12.949,12.873,12.863,12.884,12.907,12.926,12.945,12.966,12.987,13.006,13.021,13.029,13.032,13.033,13.038,13.048,13.068,13.051,13.058,12.985,12.762,12.563,12.566,12.729,12.878,12.899,12.758,12.525,12.3,12.108,11.952,11.869,11.874,11.919,11.955,11.988,12.055,12.207,12.389,12.51,12.579,12.098,11.779,11.805,11.841,11.974,11.799,11.41,11.351,11.508
13.474,13.48,13.478,13.473,13.467,13.459,13.452,13.449,13.464,13.519,13.6,13.702,13.751,13.658,13.676,13.814,13.751,13.444,13.247,13.297,13.33,13.333,13.341,13.306,13.203,13.053,12.917,12.839,12.825,12.842,12.861,12.878,12.899,12.926,12.958,12.991,13.02,13.04,13.053,13.066,13.087,13.097,13.044,12.991,12.959,12.829,12.636,12.509,12.558,12.723,12.847,12.833,12.671,12.427,12.197,12.023,11.92,11.899,11.941,11.99,12.021,12.058,12.148,12.324,12.493,12.583,12.488,11.714,11.572,11.802,11.928,11.826,11.499,11.247,11.564,11.874
13.455,13.463,13.461,13.456,13.45,13.443,13.438,13.442,13.472,13.536,13.62,13.707,13.687,13.58,13.547,13.599,13.521,13.344,13.286,13.312,13.316,13.329,13.337,13.296,13.174,12.998,12.841,12.769,12.769,12.784,12.792,12.803,12.818,12.841,12.87,12.901,12.93,12.954,12.969,12.97,12.957,12.92,12.859,12.792,12.736,12.659,12.542,12.465,12.513,12.656,12.773,12.765,12.625,12.412,12.214,12.086,12.038,12.056,12.077,12.087,12.102,12.155,12.28,12.467,12.585,12.619,12.4,11.813,11.695,11.718,11.684,11.609,0,0,0,0
13.439,13.447,13.445,13.44,13.434,13.428,13.426,13.437,13.477,13.54,13.604,13.664,13.614,13.486,13.42,13.432,13.386,13.314,13.298,13.298,13.307,13.326,13.332,13.287,13.163,12.98,12.811,12.724,12.71,12.716,12.723,12.734,12.747,12.762,12.782,12.806,12.83,12.853,12.873,12.872,12.843,12.784,12.713,12.647,12.588,12.539,12.471,12.417,12.446,12.561,12.677,12.698,12.613,12.47,12.331,12.247,12.214,12.19,12.172,12.168,12.214,12.316,12.465,12.603,12.638,12.643,12.661,12.617,0,0,0,0,0,0,0,0
13.421,13.431,13.429,13.424,13.419,13.414,13.415,13.432,13.476,13.53,13.573,13.603,13.533,13.408,13.338,13.349,13.338,13.303,13.283,13.285,13.303,13.321,13.32,13.27,13.155,12.993,12.835,12.739,12.715,12.723,12.732,12.741,12.758,12.771,12.775,12.785,12.798,12.795,12.799,12.812,12.83,12.823,12.776,12.706,12.624,12.529,12.439,12.367,12.343,12.387,12.495,12.568,12.547,12.467,12.375,12.308,12.266,12.258,12.271,12.31,12.413,12.526,12.625,12.667,12.644,12.649,0,0,0,0,0,0,0,0,0,0
13.405,13.415,13.413,13.409,13.403,13.4,13.403,13.425,13.468,13.496,13.524,13.53,13.468,13.353,13.301,13.325,13.325,13.286,13.263,13.271,13.283,13.292,13.286,13.247,13.175,13.08,12.984,12.91,12.874,12.864,12.853,12.84,12.849,12.858,12.84,12.82,12.836,12.821,12.806,12.774,12.758,12.772,12.795,12.812,12.812,12.774,12.691,12.573,12.449,12.36,12.32,12.349,12.355,12.323,12.321,12.37,12.432,12.498,12.536,12.593,12.643,12.651,12.66,12.656,12.609,0,0,0,0,0,0,0,0,0,0,0
13.389,13.4,13.397,13.393,13.388,13.385,13.39,13.415,13.458,13.473,13.472,13.461,13.408,13.321,13.295,13.324,13.314,13.264,13.244,13.247,13.244,13.24,13.228,13.205,13.176,13.149,13.126,13.106,13.087,13.064,13.03,12.993,12.974,12.975,12.953,12.897,12.891,12.858,12.865,12.86,12.81,12.773,12.763,12.775,12.793,12.813,12.82,12.801,12.747,12.629,12.476,12.39,12.389,12.469,12.584,12.641,12.708,12.773,12.797,12.821,12.585,12.525,12.577,12.63,0,0,0,0,0,0,0,0,0,0,0,0
13.374,13.384,13.382,13.378,13.373,13.37,13.375,13.401,13.446,13.457,13.432,13.418,13.366,13.309,13.305,13.328,13.299,13.242,13.226,13.224,13.212,13.197,13.181,13.164,13.149,13.138,13.133,13.129,13.123,13.114,13.099,13.079,13.051,13.04,13.048,13.012,12.981,12.898,12.857,12.874,12.875,12.871,12.862,12.868,12.891,12.919,12.927,12.851,12.821,12.816,12.748,12.64,12.625,12.692,12.548,12.545,12.641,12.742,12.798,12.669,12.338,12.454,12.546,12.618,0,0,0,0,0,0,0,0,0,0,0,0
