18.583,18.572,18.576,18.575,18.555,18.554,18.531,18.531,18.546,18.566,18.568,18.569,18.581,18.666,18.825,18.938,19.026,19.089,19.128,19.153,19.168,19.177,19.182,19.185,19.186,19.185,19.182,19.175,19.166,19.152,19.134,19.113,19.091,19.066,19.038,19.006,18.972,18.934,18.883,18.823,18.761,18.7,18.632,18.578,18.534,18.486,18.426,18.362,18.306,18.26,18.216,18.175,18.132,18.093,18.051,18.006,17.959,17.908,17.859,17.811,17.762,17.72,17.689,17.652,17.61,17.566,17.522,17.48,17.443,17.41,17.377,17.345,17.314,17.286,17.261,17.229
18.593,18.592,18.605,18.616,18.62,18.62,18.62,18.624,18.632,18.643,18.655,18.673,18.706,18.765,18.848,18.936,19.018,19.083,19.127,19.155,19.173,19.181,19.186,19.188,19.189,19.187,19.183,19.176,19.166,19.152,19.135,19.115,19.092,19.067,19.039,19.008,18.974,18.936,18.892,18.843,18.788,18.729,18.666,18.606,18.55,18.496,18.441,18.386,18.336,18.291,18.248,18.206,18.165,18.123,18.081,18.037,17.991,17.944,17.895,17.846,17.798,17.751,17.706,17.662,17.619,17.578,17.539,17.502,17.467,17.433,17.398,17.362,17.327,17.296,17.269,17.245
18.585,18.585,18.599,18.61,18.614,18.613,18.613,18.618,18.628,18.641,18.654,18.671,18.705,18.765,18.848,18.94,19.024,19.09,19.135,19.164,19.18,19.187,19.191,19.191,19.191,19.189,19.185,19.178,19.168,19.155,19.138,19.118,19.095,19.07,19.042,19.01,18.975,18.936,18.892,18.843,18.788,18.729,18.666,18.604,18.544,18.487,18.434,18.383,18.336,18.291,18.248,18.207,18.165,18.123,18.081,18.037,17.991,17.944,17.895,17.846,17.798,17.751,17.707,17.665,17.627,17.592,17.558,17.526,17.493,17.457,17.417,17.375,17.334,17.299,17.269,17.245
18.587,18.578,18.587,18.593,18.593,18.589,18.587,18.593,18.607,18.623,18.635,18.648,18.68,18.746,18.843,18.95,19.044,19.113,19.157,19.182,19.193,19.198,19.198,19.197,19.195,19.193,19.188,19.181,19.171,19.158,19.141,19.12,19.097,19.07,19.04,19.007,18.97,18.929,18.882,18.831,18.774,18.712,18.648,18.583,18.522,18.465,18.414,18.367,18.321,18.278,18.235,18.193,18.152,18.11,18.067,18.022,17.975,17.927,17.878,17.829,17.782,17.738,17.699,17.664,17.635,17.609,17.586,17.56,17.529,17.489,17.442,17.39,17.341,17.298,17.265,17.24
18.574,18.566,18.571,18.572,18.566,18.559,18.555,18.562,18.581,18.604,18.617,18.622,18.647,18.719,18.835,18.963,19.072,19.146,19.187,19.206,19.211,19.21,19.206,19.203,19.199,19.195,19.19,19.183,19.173,19.159,19.142,19.121,19.095,19.067,19.034,18.998,18.958,18.913,18.862,18.807,18.747,18.683,18.616,18.55,18.489,18.434,18.385,18.34,18.296,18.253,18.21,18.167,18.125,18.082,18.037,17.991,17.942,17.893,17.842,17.794,17.751,17.713,17.683,17.661,17.647,17.637,17.628,17.611,17.582,17.536,17.477,17.412,17.349,17.296,17.257,17.232
18.555,18.549,18.551,18.547,18.537,18.524,18.518,18.527,18.554,18.588,18.604,18.597,18.608,18.684,18.819,18.971,19.1,19.184,19.222,19.232,19.23,19.222,19.214,19.206,19.201,19.196,19.191,19.184,19.174,19.16,19.141,19.119,19.091,19.06,19.025,18.985,18.939,18.888,18.832,18.771,18.707,18.641,18.573,18.508,18.448,18.395,18.348,18.304,18.261,18.217,18.173,18.128,18.083,18.037,17.989,17.94,17.89,17.839,17.79,17.745,17.708,17.681,17.666,17.664,17.672,17.686,17.695,17.688,17.657,17.601,17.525,17.441,17.359,17.292,17.246,17.22
18.534,18.529,18.528,18.521,18.506,18.489,18.479,18.489,18.525,18.573,18.599,18.58,18.567,18.636,18.785,18.959,19.113,19.213,19.253,19.257,19.247,19.232,19.218,19.207,19.199,19.194,19.19,19.183,19.173,19.158,19.139,19.114,19.084,19.048,19.008,18.963,18.911,18.852,18.789,18.723,18.655,18.587,18.52,18.457,18.4,18.349,18.301,18.256,18.211,18.165,18.118,18.068,18.017,17.965,17.912,17.861,17.813,17.767,17.725,17.69,17.665,17.654,17.659,17.683,17.723,17.766,17.794,17.792,17.753,17.68,17.585,17.479,17.375,17.289,17.231,17.205
18.513,18.506,18.503,18.493,18.476,18.455,18.441,18.451,18.493,18.555,18.597,18.576,18.532,18.576,18.724,18.911,19.088,19.213,19.265,19.27,19.256,19.237,19.218,19.203,19.193,19.189,19.186,19.181,19.171,19.155,19.133,19.103,19.067,19.025,18.979,18.926,18.867,18.802,18.733,18.663,18.594,18.526,18.462,18.402,18.345,18.292,18.24,18.189,18.137,18.084,18.028,17.969,17.909,17.85,17.798,17.754,17.719,17.692,17.671,17.656,17.648,17.654,17.683,17.74,17.816,17.884,17.919,17.906,17.849,17.758,17.647,17.526,17.404,17.294,17.217,17.185
18.489,18.483,18.478,18.468,18.448,18.424,18.41,18.419,18.461,18.53,18.592,18.584,18.513,18.514,18.639,18.817,19.006,19.16,19.242,19.261,19.251,19.231,19.21,19.191,19.181,19.178,19.178,19.176,19.166,19.146,19.117,19.078,19.031,18.978,18.924,18.866,18.804,18.737,18.667,18.598,18.531,18.463,18.396,18.333,18.273,18.214,18.153,18.087,18.016,17.944,17.873,17.807,17.747,17.7,17.668,17.655,17.656,17.665,17.675,17.683,17.691,17.712,17.764,17.852,17.951,18.018,18.028,17.986,17.91,17.815,17.708,17.591,17.464,17.334,17.224,17.168
18.467,18.462,18.457,18.446,18.425,18.401,18.386,18.395,18.434,18.501,18.575,18.594,18.519,18.467,18.545,18.694,18.868,19.038,19.159,19.214,19.223,19.211,19.192,19.174,19.163,19.161,19.164,19.162,19.148,19.119,19.076,19.021,18.959,18.898,18.843,18.79,18.732,18.666,18.596,18.53,18.464,18.388,18.309,18.238,18.173,18.104,18.022,17.929,17.831,17.743,17.675,17.63,17.608,17.606,17.624,17.655,17.692,17.726,17.754,17.773,17.79,17.823,17.893,17.993,18.077,18.095,18.052,17.986,17.917,17.847,17.77,17.681,17.57,17.435,17.294,17.187
18.452,18.446,18.44,18.429,18.41,18.388,18.374,18.382,18.417,18.476,18.547,18.592,18.541,18.45,18.465,18.573,18.709,18.862,19.003,19.1,19.148,19.162,19.158,19.148,19.136,19.127,19.121,19.111,19.088,19.049,18.996,18.932,18.869,18.816,18.772,18.725,18.662,18.584,18.508,18.444,18.375,18.29,18.205,18.13,18.051,17.958,17.85,17.741,17.654,17.603,17.588,17.599,17.628,17.666,17.706,17.74,17.764,17.782,17.799,17.819,17.847,17.894,17.968,18.051,18.094,18.072,18.004,17.933,17.876,17.834,17.8,17.753,17.677,17.566,17.424,17.28
18.44,18.434,18.43,18.42,18.403,18.385,18.374,18.38,18.407,18.456,18.518,18.574,18.563,18.464,18.416,18.474,18.571,18.682,18.804,18.918,19.001,19.051,19.074,19.078,19.071,19.058,19.041,19.022,18.994,18.954,18.903,18.848,18.799,18.762,18.724,18.664,18.572,18.473,18.398,18.341,18.273,18.191,18.111,18.024,17.92,17.806,17.705,17.64,17.621,17.635,17.664,17.693,17.717,17.73,17.728,17.72,17.714,17.715,17.727,17.75,17.787,17.839,17.906,17.981,18.039,18.038,17.978,17.905,17.845,17.809,17.793,17.776,17.739,17.668,17.555,17.409
18.425,18.427,18.425,18.416,18.404,18.39,18.382,18.384,18.402,18.44,18.488,18.544,18.569,18.498,18.405,18.406,18.468,18.541,18.621,18.71,18.799,18.872,18.923,18.952,18.963,18.958,18.943,18.92,18.891,18.856,18.818,18.782,18.754,18.73,18.684,18.586,18.452,18.345,18.288,18.243,18.178,18.104,18.021,17.917,17.801,17.706,17.664,17.671,17.698,17.718,17.721,17.713,17.705,17.695,17.679,17.662,17.646,17.633,17.626,17.629,17.649,17.689,17.753,17.839,17.933,17.994,17.983,17.921,17.86,17.818,17.799,17.79,17.774,17.736,17.668,17.548
18.407,18.424,18.425,18.419,18.41,18.401,18.393,18.389,18.397,18.426,18.462,18.505,18.552,18.528,18.429,18.374,18.398,18.45,18.497,18.545,18.605,18.672,18.735,18.788,18.824,18.843,18.843,18.829,18.807,18.781,18.758,18.743,18.736,18.72,18.646,18.488,18.319,18.226,18.197,18.158,18.094,18.018,17.924,17.816,17.727,17.696,17.723,17.755,17.751,17.725,17.703,17.692,17.691,17.693,17.687,17.67,17.643,17.608,17.569,17.535,17.516,17.521,17.559,17.634,17.742,17.863,17.948,17.956,17.915,17.865,17.829,17.819,17.806,17.775,17.74,17.674
18.411,18.429,18.431,18.427,18.421,18.415,18.406,18.391,18.388,18.409,18.439,18.467,18.515,18.534,18.467,18.38,18.357,18.39,18.431,18.458,18.48,18.514,18.561,18.615,18.669,18.716,18.749,18.762,18.757,18.742,18.731,18.732,18.743,18.73,18.622,18.401,18.203,18.138,18.129,18.087,18.018,17.933,17.836,17.751,17.72,17.759,17.803,17.786,17.74,17.71,17.707,17.727,17.748,17.755,17.745,17.721,17.68,17.627,17.565,17.5,17.442,17.4,17.39,17.42,17.496,17.619,17.767,17.889,17.941,17.93,17.883,17.863,17.851,17.807,17.763,17.743
18.428,18.442,18.443,18.439,18.436,18.432,18.42,18.395,18.375,18.386,18.415,18.434,18.468,18.512,18.494,18.411,18.348,18.348,18.386,18.419,18.431,18.437,18.451,18.477,18.516,18.564,18.617,18.668,18.705,18.721,18.723,18.731,18.752,18.752,18.641,18.373,18.131,18.076,18.078,18.032,17.958,17.871,17.781,17.733,17.763,17.831,17.846,17.804,17.765,17.77,17.809,17.846,17.844,17.81,17.775,17.738,17.682,17.616,17.542,17.464,17.387,17.321,17.274,17.259,17.283,17.353,17.476,17.629,17.77,17.865,17.899,17.897,17.883,17.849,17.778,17.75
18.451,18.458,18.459,18.456,18.455,18.452,18.438,18.404,18.366,18.36,18.386,18.406,18.423,18.468,18.493,18.445,18.366,18.33,18.349,18.386,18.406,18.406,18.402,18.404,18.416,18.44,18.48,18.533,18.592,18.648,18.687,18.711,18.735,18.762,18.708,18.446,18.119,18.027,18.04,17.999,17.93,17.846,17.763,17.738,17.804,17.886,17.902,17.877,17.886,17.951,18.024,18.03,17.959,17.864,17.792,17.74,17.669,17.592,17.505,17.414,17.327,17.25,17.189,17.148,17.135,17.159,17.226,17.339,17.481,17.625,17.732,17.786,17.821,17.84,17.795,17.74
18.469,18.475,18.477,18.477,18.478,18.477,18.464,18.426,18.371,18.339,18.352,18.378,18.388,18.416,18.463,18.463,18.397,18.333,18.325,18.355,18.377,18.374,18.356,18.338,18.33,18.338,18.366,18.411,18.47,18.537,18.6,18.649,18.689,18.733,18.757,18.593,18.202,17.997,18.006,17.988,17.934,17.86,17.772,17.738,17.814,17.922,17.969,17.99,18.067,18.188,18.243,18.172,18.036,17.894,17.801,17.74,17.661,17.568,17.459,17.345,17.244,17.166,17.111,17.078,17.06,17.054,17.064,17.108,17.206,17.345,17.495,17.619,17.69,17.74,17.76,17.73
18.479,18.488,18.495,18.501,18.506,18.508,18.499,18.465,18.4,18.339,18.322,18.344,18.364,18.372,18.412,18.453,18.426,18.353,18.312,18.325,18.348,18.344,18.314,18.277,18.253,18.255,18.291,18.352,18.415,18.473,18.533,18.592,18.644,18.697,18.754,18.709,18.375,18.034,17.972,17.978,17.952,17.902,17.815,17.74,17.783,17.912,18,18.056,18.174,18.323,18.335,18.213,18.033,17.895,17.817,17.748,17.652,17.518,17.361,17.215,17.104,17.037,17.007,17.002,17.01,17.023,17.036,17.047,17.063,17.114,17.23,17.394,17.548,17.646,17.69,17.699
18.486,18.498,18.511,18.523,18.535,18.544,18.543,18.519,18.455,18.37,18.314,18.31,18.337,18.346,18.358,18.412,18.434,18.383,18.316,18.298,18.317,18.322,18.293,18.244,18.204,18.203,18.264,18.37,18.469,18.524,18.557,18.594,18.639,18.689,18.749,18.758,18.526,18.148,17.98,17.964,17.957,17.933,17.878,17.782,17.746,17.848,17.97,18.04,18.149,18.318,18.346,18.226,18.004,17.902,17.846,17.752,17.594,17.385,17.176,17.021,16.941,16.926,16.951,16.992,17.031,17.058,17.072,17.078,17.082,17.087,17.107,17.182,17.333,17.518,17.644,17.675
18.49,18.506,18.523,18.541,18.56,18.578,18.59,18.58,18.528,18.431,18.341,18.293,18.301,18.329,18.321,18.353,18.41,18.404,18.341,18.289,18.288,18.303,18.29,18.239,18.179,18.162,18.237,18.393,18.55,18.638,18.66,18.669,18.693,18.735,18.784,18.774,18.577,18.239,18.027,17.965,17.944,17.925,17.905,17.849,17.763,17.779,17.891,17.979,18.066,18.242,18.325,18.223,17.998,17.935,17.858,17.687,17.437,17.165,16.957,16.867,16.885,16.973,17.082,17.181,17.249,17.28,17.275,17.242,17.2,17.165,17.143,17.144,17.208,17.364,17.557,17.66
18.489,18.508,18.529,18.552,18.577,18.603,18.626,18.635,18.604,18.511,18.399,18.312,18.271,18.303,18.305,18.3,18.356,18.395,18.366,18.302,18.267,18.277,18.288,18.255,18.18,18.127,18.177,18.342,18.538,18.679,18.742,18.764,18.78,18.792,18.77,18.671,18.46,18.196,18.026,17.958,17.928,17.903,17.886,17.875,17.812,17.762,17.817,17.904,17.99,18.177,18.286,18.162,18.018,17.967,17.805,17.533,17.225,16.96,16.838,16.881,17.039,17.236,17.414,17.542,17.617,17.643,17.625,17.565,17.473,17.371,17.284,17.223,17.207,17.283,17.464,17.626
18.483,18.506,18.531,18.558,18.587,18.617,18.647,18.669,18.662,18.587,18.472,18.364,18.267,18.267,18.291,18.271,18.291,18.353,18.366,18.323,18.267,18.249,18.267,18.269,18.206,18.114,18.098,18.203,18.369,18.515,18.601,18.63,18.615,18.564,18.473,18.346,18.196,18.061,17.985,17.952,17.934,17.911,17.88,17.866,17.842,17.779,17.779,17.845,17.946,18.151,18.232,18.078,18.047,17.938,17.674,17.359,17.054,16.857,16.867,17.06,17.334,17.585,17.761,17.859,17.903,17.912,17.897,17.852,17.764,17.636,17.498,17.377,17.292,17.285,17.411,17.589
18.473,18.501,18.53,18.56,18.591,18.622,18.653,18.682,18.692,18.639,18.535,18.431,18.294,18.242,18.257,18.259,18.238,18.292,18.335,18.325,18.278,18.236,18.237,18.261,18.237,18.139,18.055,18.062,18.128,18.191,18.22,18.215,18.188,18.148,18.103,18.054,18.008,17.974,17.957,17.953,17.952,17.939,17.901,17.865,17.847,17.794,17.767,17.816,17.951,18.177,18.207,18.094,18.065,17.837,17.531,17.239,16.957,16.846,16.991,17.301,17.624,17.845,17.942,17.964,17.958,17.95,17.948,17.944,17.916,17.833,17.7,17.552,17.42,17.345,17.404,17.567
18.464,18.496,18.528,18.56,18.592,18.624,18.655,18.684,18.701,18.665,18.576,18.486,18.334,18.236,18.213,18.238,18.21,18.23,18.287,18.3,18.275,18.233,18.214,18.236,18.247,18.177,18.07,18.011,17.992,17.971,17.941,17.915,17.901,17.895,17.893,17.896,17.9,17.904,17.911,17.931,17.955,17.951,17.909,17.863,17.837,17.79,17.761,17.832,18.03,18.218,18.196,18.162,18.016,17.743,17.459,17.175,16.909,16.88,17.136,17.514,17.822,17.948,17.94,17.902,17.88,17.872,17.872,17.885,17.909,17.901,17.825,17.696,17.55,17.431,17.432,17.565
18.457,18.492,18.527,18.56,18.593,18.625,18.656,18.685,18.703,18.676,18.6,18.521,18.372,18.243,18.178,18.192,18.187,18.181,18.236,18.266,18.252,18.224,18.199,18.209,18.238,18.204,18.103,18.017,17.957,17.902,17.865,17.865,17.876,17.863,17.843,17.834,17.837,17.85,17.868,17.906,17.947,17.94,17.894,17.85,17.814,17.772,17.78,17.921,18.146,18.247,18.229,18.177,17.967,17.72,17.447,17.143,16.892,16.923,17.255,17.66,17.917,17.938,17.869,17.841,17.845,17.851,17.845,17.837,17.854,17.883,17.868,17.787,17.656,17.517,17.478,17.58
18.454,18.491,18.527,18.561,18.594,18.627,18.659,18.688,18.707,18.683,18.619,18.542,18.402,18.257,18.153,18.134,18.15,18.148,18.19,18.236,18.227,18.202,18.185,18.188,18.221,18.214,18.131,18.033,17.952,17.896,17.906,17.961,17.956,17.898,17.862,17.853,17.851,17.858,17.882,17.916,17.932,17.903,17.856,17.815,17.78,17.777,17.877,18.09,18.263,18.304,18.278,18.16,17.985,17.76,17.469,17.14,16.894,16.952,17.32,17.732,17.943,17.901,17.828,17.834,17.855,17.861,17.848,17.826,17.819,17.845,17.865,17.831,17.73,17.59,17.527,17.604
18.457,18.494,18.529,18.563,18.596,18.629,18.662,18.692,18.712,18.692,18.639,18.556,18.428,18.275,18.136,18.089,18.104,18.121,18.153,18.207,18.211,18.183,18.168,18.171,18.205,18.213,18.144,18.041,17.95,17.928,18.018,18.064,17.975,17.882,17.858,17.864,17.875,17.886,17.897,17.9,17.879,17.84,17.804,17.78,17.793,17.893,18.087,18.275,18.358,18.351,18.292,18.194,18.055,17.839,17.531,17.17,16.907,16.952,17.323,17.741,17.941,17.888,17.816,17.832,17.853,17.853,17.84,17.814,17.798,17.813,17.847,17.848,17.775,17.641,17.572,17.631
18.462,18.498,18.532,18.565,18.599,18.633,18.667,18.699,18.719,18.702,18.657,18.569,18.454,18.297,18.131,18.068,18.073,18.096,18.127,18.178,18.195,18.172,18.155,18.159,18.192,18.207,18.143,18.033,17.954,18.012,18.148,18.128,17.997,17.912,17.882,17.873,17.872,17.871,17.864,17.846,17.82,17.798,17.797,17.843,17.962,18.139,18.305,18.394,18.397,18.359,18.32,18.266,18.146,17.942,17.631,17.243,16.937,16.923,17.263,17.698,17.929,17.894,17.812,17.823,17.838,17.828,17.815,17.794,17.78,17.793,17.832,17.853,17.797,17.671,17.607,17.656
18.468,18.502,18.535,18.569,18.603,18.637,18.673,18.706,18.727,18.712,18.672,18.58,18.482,18.325,18.138,18.066,18.066,18.083,18.11,18.153,18.175,18.16,18.148,18.154,18.185,18.198,18.128,18.016,17.988,18.138,18.258,18.177,18.056,17.99,17.944,17.915,17.894,17.873,17.853,17.84,17.844,17.88,17.961,18.085,18.23,18.356,18.423,18.419,18.384,18.366,18.362,18.321,18.221,18.048,17.763,17.371,17.003,16.884,17.146,17.596,17.897,17.91,17.82,17.814,17.825,17.802,17.784,17.77,17.765,17.785,17.829,17.855,17.801,17.685,17.635,17.678
18.473,18.506,18.539,18.572,18.607,18.643,18.679,18.714,18.734,18.72,18.679,18.59,18.511,18.358,18.159,18.076,18.075,18.085,18.1,18.13,18.152,18.146,18.14,18.152,18.182,18.186,18.104,18.006,18.059,18.272,18.346,18.236,18.156,18.108,18.059,18.025,18.001,17.989,17.995,18.021,18.072,18.145,18.236,18.334,18.412,18.442,18.422,18.382,18.366,18.375,18.37,18.325,18.249,18.127,17.908,17.552,17.135,16.877,16.995,17.422,17.818,17.924,17.84,17.81,17.826,17.801,17.77,17.758,17.763,17.793,17.836,17.851,17.79,17.688,17.657,17.696
18.476,18.509,18.542,18.576,18.612,18.649,18.686,18.72,18.739,18.725,18.679,18.598,18.538,18.395,18.189,18.094,18.087,18.093,18.098,18.11,18.125,18.129,18.131,18.15,18.18,18.17,18.078,18.013,18.153,18.389,18.414,18.322,18.304,18.295,18.274,18.262,18.256,18.256,18.266,18.288,18.326,18.375,18.421,18.449,18.445,18.41,18.369,18.349,18.351,18.348,18.318,18.273,18.228,18.167,18.036,17.767,17.354,16.96,16.865,17.181,17.652,17.906,17.872,17.809,17.83,17.827,17.794,17.778,17.786,17.816,17.846,17.838,17.768,17.687,17.673,17.711
18.478,18.511,18.545,18.579,18.616,18.654,18.692,18.725,18.74,18.723,18.669,18.603,18.562,18.43,18.228,18.119,18.099,18.101,18.105,18.106,18.109,18.113,18.12,18.146,18.176,18.15,18.055,18.04,18.251,18.474,18.449,18.363,18.373,18.389,18.394,18.403,18.412,18.422,18.434,18.447,18.46,18.466,18.457,18.43,18.389,18.352,18.33,18.321,18.309,18.281,18.244,18.218,18.204,18.186,18.131,17.972,17.641,17.181,16.845,16.924,17.374,17.802,17.902,17.82,17.817,17.85,17.838,17.824,17.826,17.84,17.846,17.814,17.744,17.685,17.685,17.721
18.479,18.513,18.547,18.583,18.621,18.66,18.697,18.726,18.734,18.71,18.651,18.605,18.58,18.462,18.273,18.154,18.116,18.112,18.12,18.122,18.117,18.113,18.12,18.147,18.171,18.13,18.04,18.08,18.338,18.531,18.461,18.37,18.389,18.421,18.44,18.457,18.47,18.478,18.482,18.478,18.466,18.444,18.412,18.376,18.343,18.32,18.301,18.282,18.258,18.233,18.221,18.224,18.231,18.229,18.205,18.129,17.927,17.527,17.028,16.774,17.015,17.543,17.874,17.854,17.792,17.83,17.856,17.854,17.851,17.846,17.827,17.781,17.719,17.682,17.694,17.729
18.479,18.514,18.549,18.585,18.624,18.664,18.7,18.724,18.723,18.687,18.627,18.606,18.592,18.49,18.321,18.199,18.142,18.127,18.139,18.147,18.142,18.132,18.134,18.154,18.165,18.109,18.033,18.121,18.405,18.567,18.465,18.36,18.373,18.411,18.435,18.45,18.458,18.458,18.454,18.446,18.435,18.421,18.401,18.373,18.338,18.304,18.278,18.261,18.253,18.258,18.279,18.302,18.314,18.311,18.29,18.243,18.137,17.885,17.411,16.881,16.725,17.122,17.681,17.885,17.799,17.776,17.82,17.836,17.835,17.82,17.789,17.743,17.698,17.682,17.703,17.737
18.479,18.514,18.55,18.587,18.627,18.667,18.702,18.721,18.707,18.658,18.603,18.606,18.6,18.516,18.375,18.253,18.176,18.145,18.154,18.165,18.159,18.149,18.15,18.162,18.155,18.088,18.03,18.152,18.447,18.596,18.482,18.355,18.346,18.379,18.404,18.418,18.421,18.42,18.422,18.431,18.442,18.449,18.444,18.416,18.366,18.315,18.29,18.295,18.32,18.356,18.391,18.415,18.424,18.416,18.39,18.344,18.271,18.132,17.831,17.281,16.726,16.688,17.24,17.782,17.858,17.754,17.754,17.779,17.782,17.769,17.741,17.708,17.684,17.687,17.716,17.746
18.48,18.514,18.549,18.588,18.629,18.67,18.704,18.717,18.691,18.628,18.583,18.605,18.604,18.544,18.433,18.316,18.22,18.165,18.164,18.176,18.172,18.16,18.16,18.164,18.139,18.068,18.026,18.165,18.462,18.62,18.521,18.377,18.329,18.342,18.366,18.383,18.392,18.396,18.409,18.434,18.464,18.487,18.491,18.467,18.42,18.379,18.372,18.399,18.44,18.477,18.5,18.513,18.518,18.509,18.483,18.439,18.373,18.272,18.099,17.755,17.121,16.548,16.671,17.369,17.841,17.818,17.725,17.724,17.726,17.718,17.702,17.686,17.683,17.7,17.73,17.755
18.483,18.511,18.547,18.587,18.63,18.673,18.706,18.714,18.677,18.602,18.567,18.602,18.604,18.569,18.494,18.387,18.275,18.196,18.175,18.185,18.184,18.171,18.164,18.157,18.119,18.048,18.017,18.153,18.441,18.628,18.579,18.442,18.355,18.331,18.335,18.35,18.368,18.38,18.395,18.426,18.47,18.512,18.53,18.517,18.486,18.467,18.477,18.506,18.529,18.537,18.54,18.555,18.572,18.573,18.549,18.506,18.451,18.373,18.236,18.028,17.656,16.909,16.347,16.693,17.494,17.86,17.79,17.715,17.704,17.695,17.687,17.686,17.698,17.722,17.749,17.766
18.484,18.507,18.542,18.585,18.63,18.674,18.709,18.714,18.667,18.582,18.555,18.595,18.597,18.586,18.549,18.461,18.349,18.25,18.199,18.193,18.194,18.182,18.164,18.145,18.101,18.032,18.003,18.113,18.372,18.595,18.625,18.529,18.43,18.374,18.348,18.337,18.345,18.364,18.379,18.403,18.453,18.514,18.556,18.56,18.543,18.532,18.534,18.536,18.519,18.498,18.505,18.549,18.596,18.617,18.599,18.545,18.487,18.44,18.343,18.148,17.932,17.538,16.617,16.158,16.756,17.585,17.857,17.785,17.725,17.711,17.706,17.711,17.726,17.747,17.763,17.771
18.481,18.5,18.537,18.58,18.627,18.674,18.71,18.715,18.661,18.569,18.544,18.587,18.584,18.583,18.584,18.531,18.44,18.34,18.261,18.22,18.206,18.195,18.17,18.135,18.089,18.026,17.989,18.055,18.256,18.493,18.614,18.605,18.527,18.449,18.402,18.372,18.352,18.352,18.367,18.38,18.413,18.478,18.545,18.577,18.576,18.562,18.543,18.508,18.456,18.423,18.457,18.543,18.616,18.649,18.637,18.579,18.499,18.451,18.413,18.262,18.006,17.87,17.356,16.242,16.028,16.839,17.623,17.846,17.8,17.754,17.745,17.746,17.753,17.764,17.775,17.79
18.478,18.493,18.53,18.574,18.622,18.671,18.711,18.717,18.659,18.561,18.533,18.578,18.567,18.556,18.582,18.573,18.526,18.458,18.377,18.304,18.252,18.219,18.193,18.156,18.1,18.035,17.982,17.991,18.105,18.301,18.484,18.588,18.602,18.551,18.485,18.434,18.397,18.373,18.367,18.371,18.379,18.42,18.487,18.539,18.554,18.541,18.505,18.445,18.379,18.362,18.435,18.551,18.636,18.669,18.649,18.588,18.506,18.442,18.422,18.35,18.094,17.881,17.9,16.988,15.872,15.987,16.892,17.595,17.821,17.824,17.792,17.783,17.786,17.795,17.811,17.815
18.473,18.487,18.523,18.567,18.615,18.666,18.709,18.719,18.661,18.556,18.521,18.569,18.558,18.514,18.529,18.551,18.55,18.532,18.495,18.439,18.373,18.306,18.248,18.203,18.161,18.106,18.038,17.991,18,18.087,18.229,18.383,18.505,18.56,18.55,18.508,18.461,18.424,18.397,18.385,18.376,18.376,18.413,18.467,18.493,18.483,18.447,18.394,18.351,18.364,18.454,18.569,18.65,18.67,18.634,18.565,18.488,18.431,18.411,18.376,18.194,17.886,17.894,17.832,16.456,15.6,15.993,16.838,17.433,17.727,17.819,17.829,17.832,17.836,17.81,17.689
18.468,18.483,18.518,18.559,18.607,18.658,18.704,18.72,18.667,18.556,18.507,18.557,18.566,18.493,18.45,18.452,18.458,18.465,18.473,18.479,18.477,18.456,18.406,18.333,18.254,18.187,18.135,18.084,18.04,18.024,18.054,18.133,18.252,18.374,18.458,18.49,18.483,18.465,18.445,18.425,18.408,18.387,18.375,18.392,18.421,18.431,18.418,18.397,18.394,18.435,18.52,18.61,18.659,18.647,18.59,18.517,18.451,18.408,18.401,18.374,18.233,17.96,17.827,18.141,17.397,15.908,15.458,15.936,16.516,16.997,17.34,17.507,17.537,17.455,17.275,16.998
18.462,18.48,18.515,18.552,18.596,18.647,18.695,18.719,18.677,18.561,18.492,18.535,18.575,18.52,18.425,18.359,18.313,18.273,18.249,18.26,18.315,18.398,18.476,18.511,18.492,18.426,18.334,18.245,18.171,18.115,18.074,18.056,18.079,18.148,18.245,18.336,18.395,18.424,18.445,18.456,18.453,18.438,18.413,18.393,18.391,18.399,18.408,18.424,18.46,18.524,18.597,18.646,18.643,18.592,18.521,18.455,18.407,18.387,18.392,18.358,18.23,18.005,17.798,18.015,18.147,16.741,15.521,15.407,15.642,15.856,16.088,16.272,16.359,16.348,16.263,16.143
18.455,18.478,18.512,18.546,18.585,18.633,18.682,18.715,18.69,18.577,18.482,18.503,18.557,18.548,18.471,18.369,18.264,18.151,18.038,17.964,17.968,18.061,18.209,18.357,18.477,18.555,18.58,18.553,18.482,18.383,18.279,18.19,18.122,18.088,18.101,18.159,18.236,18.304,18.361,18.414,18.456,18.475,18.473,18.461,18.453,18.457,18.476,18.511,18.559,18.606,18.633,18.62,18.569,18.5,18.436,18.391,18.369,18.375,18.384,18.323,18.195,18.017,17.836,17.907,18.347,17.851,16.209,15.489,15.477,15.435,15.397,15.405,15.445,15.541,15.67,15.794
18.447,18.475,18.509,18.54,18.574,18.617,18.664,18.703,18.701,18.607,18.486,18.473,18.515,18.526,18.49,18.408,18.285,18.137,17.976,17.842,17.796,17.874,18.032,18.184,18.303,18.403,18.477,18.545,18.605,18.629,18.588,18.484,18.361,18.243,18.152,18.109,18.12,18.17,18.235,18.306,18.38,18.442,18.481,18.5,18.513,18.529,18.551,18.575,18.593,18.592,18.565,18.513,18.452,18.396,18.357,18.343,18.354,18.377,18.361,18.254,18.138,18.02,17.879,17.896,18.216,18.438,17.452,16.089,15.933,15.907,15.842,15.722,15.543,15.451,15.49,15.644
18.439,18.472,18.505,18.534,18.565,18.602,18.643,18.682,18.703,18.649,18.516,18.458,18.484,18.504,18.495,18.447,18.35,18.208,18.029,17.848,17.739,17.779,17.932,18.128,18.316,18.481,18.562,18.588,18.588,18.595,18.625,18.65,18.621,18.523,18.384,18.248,18.153,18.119,18.137,18.189,18.26,18.338,18.405,18.453,18.485,18.507,18.52,18.521,18.508,18.477,18.432,18.382,18.341,18.317,18.313,18.334,18.366,18.371,18.286,18.139,18.082,18.03,17.922,17.947,18.167,18.548,18.194,17.155,16.435,16.129,16.29,16.391,16.338,16.186,15.937,15.678
18.432,18.469,18.502,18.531,18.558,18.588,18.623,18.654,18.685,18.685,18.58,18.475,18.467,18.488,18.493,18.476,18.43,18.346,18.206,18.005,17.797,17.717,17.824,18.019,18.233,18.467,18.621,18.687,18.706,18.696,18.676,18.674,18.688,18.68,18.617,18.49,18.336,18.208,18.138,18.127,18.16,18.218,18.282,18.337,18.376,18.396,18.401,18.39,18.366,18.335,18.304,18.282,18.277,18.29,18.32,18.362,18.375,18.3,18.13,18.008,18.065,18.063,17.973,18.037,18.219,18.539,18.532,18.056,17.379,16.73,16.281,16.171,16.429,16.755,16.894,16.556
18.427,18.467,18.501,18.529,18.554,18.58,18.606,18.627,18.648,18.684,18.654,18.533,18.471,18.471,18.47,18.461,18.442,18.412,18.347,18.202,17.941,17.724,17.761,17.919,18.123,18.383,18.588,18.677,18.73,18.758,18.758,18.737,18.725,18.728,18.719,18.668,18.555,18.401,18.259,18.168,18.134,18.144,18.178,18.215,18.244,18.26,18.261,18.252,18.241,18.234,18.238,18.255,18.286,18.325,18.362,18.375,18.3,18.118,17.929,17.925,18.112,18.111,18.018,18.131,18.315,18.543,18.278,17.124,16.725,16.849,16.756,16.761,16.748,16.714,17.034,17.317
18.425,18.467,18.501,18.53,18.555,18.576,18.597,18.609,18.609,18.635,18.679,18.613,18.511,18.465,18.442,18.422,18.399,18.381,18.362,18.303,18.064,17.761,17.739,17.861,18.055,18.278,18.524,18.64,18.714,18.757,18.787,18.798,18.788,18.777,18.769,18.75,18.698,18.596,18.452,18.312,18.213,18.163,18.149,18.155,18.166,18.174,18.18,18.191,18.213,18.244,18.281,18.319,18.354,18.372,18.358,18.281,18.099,17.868,17.741,17.929,18.195,18.155,18.061,18.224,18.417,18.579,18.157,17.022,17.494,17.834,17.609,17.558,17.505,17.431,17.664,17.818
18.425,18.467,18.503,18.532,18.558,18.578,18.595,18.603,18.589,18.577,18.618,18.643,18.577,18.499,18.45,18.406,18.369,18.334,18.323,18.307,18.106,17.785,17.745,17.848,18.065,18.227,18.474,18.604,18.683,18.726,18.758,18.788,18.807,18.811,18.806,18.791,18.765,18.716,18.626,18.502,18.379,18.285,18.229,18.204,18.199,18.211,18.24,18.283,18.329,18.365,18.387,18.393,18.38,18.33,18.228,18.064,17.825,17.623,17.64,18,18.272,18.201,18.1,18.285,18.476,18.647,18.264,17.18,18.065,18.17,18.061,18.157,18.138,18.06,18.2,18.153
18.426,18.468,18.504,18.535,18.562,18.583,18.599,18.606,18.591,18.553,18.54,18.57,18.571,18.526,18.474,18.415,18.362,18.311,18.292,18.268,18.076,17.779,17.753,17.892,18.102,18.247,18.448,18.565,18.64,18.694,18.733,18.766,18.796,18.818,18.825,18.815,18.794,18.769,18.728,18.654,18.557,18.466,18.399,18.364,18.362,18.39,18.429,18.458,18.466,18.452,18.418,18.364,18.287,18.162,17.993,17.797,17.591,17.5,17.671,18.101,18.326,18.248,18.136,18.312,18.511,18.711,18.506,17.848,18.002,17.745,17.926,18.226,18.22,18.143,18.267,18.575
18.427,18.469,18.506,18.538,18.567,18.59,18.607,18.615,18.604,18.563,18.513,18.492,18.49,18.476,18.439,18.393,18.346,18.302,18.277,18.211,17.979,17.755,17.78,17.991,18.144,18.293,18.423,18.496,18.557,18.641,18.707,18.743,18.774,18.805,18.825,18.82,18.801,18.783,18.769,18.742,18.689,18.625,18.574,18.554,18.56,18.565,18.548,18.512,18.468,18.42,18.358,18.267,18.143,17.979,17.796,17.64,17.521,17.526,17.783,18.203,18.354,18.27,18.171,18.354,18.574,18.728,18.633,18.338,17.854,17.319,17.76,18.217,18.25,18.086,18.264,18.595
18.427,18.47,18.508,18.541,18.571,18.596,18.615,18.625,18.62,18.589,18.535,18.484,18.445,18.418,18.384,18.356,18.329,18.304,18.255,18.116,17.852,17.74,17.874,18.081,18.19,18.313,18.348,18.362,18.42,18.552,18.668,18.715,18.739,18.767,18.791,18.794,18.78,18.771,18.776,18.773,18.748,18.711,18.669,18.652,18.604,18.542,18.506,18.495,18.486,18.472,18.444,18.364,18.207,17.999,17.803,17.663,17.555,17.613,17.938,18.28,18.356,18.276,18.238,18.408,18.642,18.733,18.456,17.845,17.294,17.236,17.668,18.215,18.316,18.104,18.418,18.429
18.428,18.472,18.511,18.545,18.576,18.602,18.622,18.634,18.633,18.612,18.571,18.519,18.468,18.425,18.39,18.365,18.346,18.315,18.204,17.973,17.747,17.794,17.999,18.121,18.219,18.22,18.165,18.164,18.255,18.434,18.603,18.675,18.689,18.699,18.721,18.738,18.746,18.761,18.783,18.781,18.74,18.699,18.632,18.545,18.47,18.53,18.588,18.579,18.531,18.501,18.515,18.534,18.475,18.311,18.121,17.904,17.652,17.718,18.048,18.339,18.365,18.292,18.29,18.5,18.68,18.525,18.001,17.47,17.244,17.22,17.572,18.101,18.255,18.302,18.109,17.355
18.428,18.473,18.514,18.55,18.582,18.609,18.629,18.641,18.642,18.623,18.586,18.534,18.488,18.449,18.425,18.407,18.386,18.301,18.091,17.813,17.738,17.916,18.057,18.131,18.116,17.969,17.922,18.029,18.17,18.34,18.523,18.626,18.645,18.635,18.659,18.706,18.743,18.762,18.75,18.693,18.68,18.738,18.526,18.378,18.58,18.665,18.618,18.492,18.374,18.341,18.397,18.494,18.51,18.378,18.15,17.863,17.728,17.974,18.2,18.384,18.365,18.309,18.432,18.624,18.503,17.982,17.484,17.507,17.367,17.112,17.379,17.8,17.914,17.633,17.069,16.298
18.426,18.474,18.517,18.555,18.588,18.614,18.634,18.645,18.644,18.626,18.584,18.531,18.491,18.468,18.462,18.447,18.393,18.218,17.901,17.708,17.835,17.99,18.044,18.024,17.806,17.658,17.841,18.116,18.28,18.37,18.48,18.575,18.598,18.584,18.623,18.684,18.703,18.683,18.67,18.71,18.634,18.371,18.443,18.578,18.646,18.645,18.533,18.387,18.272,18.245,18.3,18.361,18.338,18.219,18.073,18.005,18.118,18.243,18.345,18.396,18.364,18.402,18.603,18.556,18.132,17.548,17.569,17.628,17.454,17.063,17.105,17.319,17.302,16.947,16.487,16.094
18.426,18.475,18.521,18.56,18.593,18.619,18.636,18.646,18.642,18.622,18.575,18.524,18.491,18.482,18.48,18.44,18.314,18.014,17.7,17.742,17.91,17.967,17.926,17.698,17.43,17.556,17.924,18.276,18.477,18.521,18.539,18.56,18.546,18.535,18.578,18.627,18.653,18.689,18.729,18.503,18.264,18.289,18.482,18.476,18.583,18.645,18.563,18.451,18.353,18.299,18.296,18.299,18.287,18.279,18.303,18.362,18.399,18.421,18.435,18.431,18.42,18.52,18.647,18.461,17.924,17.56,17.723,17.634,17.614,17.178,17.039,17.155,17.18,16.875,16.598,16.554
18.425,18.476,18.524,18.565,18.598,18.622,18.637,18.643,18.635,18.611,18.56,18.51,18.479,18.48,18.472,18.349,18.119,17.722,17.651,17.825,17.904,17.858,17.618,17.319,17.304,17.531,17.82,18.194,18.506,18.606,18.597,18.567,18.536,18.538,18.594,18.658,18.691,18.617,18.417,18.192,18.176,18.233,18.118,18.212,18.527,18.668,18.615,18.545,18.485,18.433,18.415,18.436,18.482,18.536,18.573,18.585,18.581,18.581,18.569,18.536,18.517,18.563,18.599,18.381,17.814,17.806,17.767,17.485,17.547,17.416,17.438,17.255,17.281,17.131,17.076,16.967
18.425,18.478,18.527,18.569,18.602,18.625,18.636,18.637,18.623,18.591,18.537,18.487,18.466,18.468,18.417,18.149,17.789,17.556,17.736,17.854,17.808,17.552,17.293,17.242,17.338,17.403,17.536,17.877,18.281,18.514,18.591,18.607,18.599,18.616,18.639,18.582,18.435,18.259,18.104,18.02,17.897,17.68,17.621,17.888,18.34,18.616,18.613,18.58,18.593,18.608,18.63,18.645,18.651,18.66,18.701,18.745,18.733,18.694,18.677,18.654,18.637,18.629,18.56,18.348,17.959,17.989,17.641,17.135,17.234,17.471,17.533,17.481,0,0,0,0
18.425,18.48,18.532,18.575,18.608,18.628,18.635,18.628,18.605,18.563,18.506,18.464,18.458,18.437,18.268,17.849,17.463,17.593,17.784,17.801,17.546,17.292,17.299,17.411,17.458,17.412,17.397,17.571,17.922,18.232,18.423,18.551,18.607,18.574,18.429,18.207,18.009,17.873,17.747,17.556,17.364,17.293,17.319,17.48,17.99,18.444,18.492,18.409,18.394,18.36,18.28,18.2,18.149,18.173,18.329,18.576,18.758,18.748,18.672,18.629,18.628,18.65,18.594,18.321,18.242,17.934,17.242,16.901,0,0,0,0,0,0,0,0
18.427,18.484,18.537,18.581,18.615,18.633,18.634,18.618,18.583,18.531,18.474,18.445,18.443,18.363,18.036,17.567,17.393,17.642,17.783,17.632,17.358,17.32,17.456,17.544,17.53,17.46,17.384,17.389,17.573,17.872,18.147,18.358,18.419,18.261,17.983,17.739,17.6,17.503,17.373,17.282,17.285,17.319,17.336,17.314,17.612,18.121,18.259,18.06,17.844,17.737,17.647,17.572,17.476,17.515,17.641,18.022,18.485,18.753,18.727,18.697,18.618,18.538,18.566,18.427,18.212,17.594,0,0,0,0,0,0,0,0,0,0
18.43,18.489,18.544,18.589,18.623,18.639,18.635,18.609,18.56,18.501,18.446,18.424,18.401,18.253,17.837,17.403,17.424,17.658,17.701,17.512,17.368,17.414,17.497,17.521,17.461,17.369,17.32,17.328,17.41,17.621,17.881,18.074,18.061,17.822,17.544,17.394,17.344,17.307,17.283,17.277,17.283,17.308,17.32,17.329,17.396,17.771,18.066,18.249,18.1,17.871,17.671,17.654,17.539,17.537,17.381,17.518,18.044,18.413,18.605,18.691,18.82,18.54,18.249,18.166,18.119,0,0,0,0,0,0,0,0,0,0,0
18.434,18.495,18.552,18.599,18.633,18.647,18.639,18.603,18.541,18.477,18.421,18.384,18.331,18.165,17.756,17.334,17.402,17.622,17.594,17.446,17.362,17.404,17.472,17.478,17.372,17.241,17.212,17.282,17.354,17.448,17.6,17.722,17.675,17.464,17.29,17.258,17.287,17.283,17.247,17.224,17.241,17.268,17.299,17.324,17.367,17.5,17.596,17.683,17.69,17.781,17.524,17.302,17.355,17.469,17.53,17.494,17.861,18.01,18.276,18.494,18.741,18.687,18.148,17.889,0,0,0,0,0,0,0,0,0,0,0,0
18.44,18.503,18.561,18.61,18.644,18.658,18.645,18.599,18.528,18.457,18.386,18.313,18.24,18.134,17.784,17.315,17.352,17.547,17.481,17.337,17.295,17.355,17.427,17.427,17.337,17.213,17.137,17.173,17.25,17.28,17.326,17.399,17.389,17.293,17.249,17.301,17.302,17.253,17.211,17.17,17.158,17.205,17.272,17.314,17.313,17.275,17.207,17.142,17.105,17.081,16.948,16.646,16.793,17.082,17.339,17.292,17.281,17.597,17.864,18.193,18.524,18.529,17.985,17.736,0,0,0,0,0,0,0,0,0,0,0,0
