18.291,18.285,18.329,18.339,18.338,18.341,18.348,18.409,18.45,18.479,18.501,18.525,18.557,18.604,18.66,18.754,18.828,18.881,18.909,18.928,18.94,18.948,18.957,18.965,18.983,19,19.005,18.999,18.994,18.984,18.97,18.948,18.924,18.898,18.871,18.845,18.819,18.792,18.762,18.729,18.695,18.66,18.624,18.584,18.543,18.5,18.455,18.409,18.361,18.32,18.28,18.239,18.195,18.151,18.105,18.062,18.016,17.965,17.911,17.854,17.793,17.728,17.657,17.583,17.513,17.449,17.393,17.342,17.298,17.256,17.232,17.21,17.19,17.174,17.161,17.148
18.297,18.31,18.34,18.356,18.364,18.375,18.395,18.423,18.45,18.473,18.493,18.518,18.556,18.611,18.678,18.751,18.819,18.872,18.908,18.931,18.945,18.953,18.959,18.97,18.987,19.002,19.012,19.012,19.007,18.997,18.983,18.965,18.943,18.918,18.891,18.862,18.832,18.801,18.77,18.738,18.705,18.67,18.634,18.595,18.555,18.513,18.47,18.426,18.381,18.335,18.29,18.245,18.2,18.156,18.11,18.064,18.015,17.963,17.909,17.851,17.788,17.721,17.65,17.579,17.515,17.459,17.409,17.365,17.326,17.292,17.264,17.239,17.219,17.203,17.191,17.18
18.279,18.313,18.345,18.36,18.366,18.376,18.395,18.42,18.445,18.464,18.48,18.501,18.54,18.601,18.676,18.752,18.821,18.875,18.915,18.941,18.955,18.96,18.962,18.968,18.981,18.996,19.006,19.009,19.005,18.996,18.982,18.964,18.942,18.917,18.89,18.86,18.83,18.799,18.768,18.736,18.703,18.668,18.631,18.591,18.55,18.508,18.464,18.419,18.373,18.327,18.28,18.235,18.19,18.145,18.099,18.051,18.001,17.948,17.893,17.833,17.768,17.698,17.626,17.559,17.5,17.448,17.402,17.361,17.324,17.29,17.26,17.234,17.212,17.196,17.184,17.174
18.293,18.322,18.351,18.362,18.364,18.37,18.387,18.411,18.435,18.451,18.459,18.473,18.512,18.582,18.67,18.757,18.831,18.889,18.931,18.958,18.971,18.973,18.969,18.968,18.976,18.991,19.002,19.006,19.003,18.994,18.98,18.962,18.94,18.914,18.886,18.857,18.826,18.794,18.762,18.729,18.695,18.658,18.619,18.578,18.535,18.49,18.443,18.396,18.348,18.301,18.254,18.207,18.162,18.117,18.07,18.023,17.973,17.92,17.862,17.8,17.732,17.661,17.594,17.533,17.479,17.43,17.387,17.347,17.311,17.277,17.245,17.216,17.193,17.176,17.166,17.16
18.312,18.334,18.357,18.364,18.361,18.363,18.376,18.399,18.423,18.438,18.437,18.44,18.478,18.562,18.669,18.77,18.851,18.911,18.952,18.977,18.989,18.988,18.977,18.969,18.973,18.986,18.998,19.003,19.001,18.992,18.977,18.958,18.935,18.909,18.879,18.848,18.816,18.783,18.749,18.714,18.677,18.638,18.595,18.55,18.503,18.454,18.403,18.352,18.302,18.252,18.204,18.157,18.112,18.066,18.02,17.973,17.924,17.87,17.811,17.747,17.681,17.617,17.558,17.503,17.452,17.406,17.365,17.33,17.297,17.263,17.228,17.194,17.165,17.146,17.138,17.138
18.326,18.343,18.362,18.365,18.358,18.354,18.362,18.382,18.409,18.426,18.418,18.405,18.441,18.545,18.675,18.79,18.879,18.942,18.981,19.002,19.009,19.003,18.987,18.97,18.968,18.981,18.994,18.999,18.996,18.987,18.971,18.951,18.926,18.898,18.866,18.833,18.799,18.763,18.727,18.688,18.646,18.601,18.553,18.502,18.448,18.393,18.337,18.281,18.228,18.177,18.128,18.081,18.035,17.99,17.946,17.9,17.852,17.8,17.744,17.686,17.629,17.572,17.516,17.462,17.414,17.374,17.343,17.318,17.294,17.264,17.226,17.183,17.143,17.113,17.103,17.108
18.33,18.346,18.362,18.363,18.354,18.344,18.347,18.362,18.39,18.417,18.406,18.372,18.402,18.528,18.683,18.811,18.909,18.978,19.018,19.032,19.032,19.02,18.997,18.971,18.963,18.975,18.988,18.994,18.991,18.98,18.963,18.939,18.912,18.88,18.846,18.809,18.771,18.733,18.692,18.646,18.595,18.54,18.483,18.423,18.361,18.299,18.238,18.18,18.127,18.078,18.031,17.987,17.944,17.902,17.862,17.821,17.778,17.732,17.682,17.63,17.573,17.514,17.456,17.405,17.368,17.347,17.339,17.336,17.33,17.31,17.271,17.214,17.149,17.092,17.063,17.069
18.326,18.342,18.358,18.359,18.348,18.335,18.332,18.339,18.365,18.405,18.402,18.346,18.361,18.504,18.678,18.818,18.929,19.01,19.056,19.066,19.057,19.038,19.007,18.972,18.956,18.967,18.982,18.989,18.985,18.972,18.951,18.923,18.89,18.853,18.812,18.77,18.729,18.687,18.638,18.577,18.51,18.444,18.379,18.313,18.246,18.181,18.122,18.07,18.024,17.982,17.941,17.901,17.862,17.825,17.789,17.753,17.714,17.669,17.618,17.558,17.492,17.426,17.371,17.339,17.336,17.355,17.387,17.418,17.438,17.435,17.399,17.324,17.218,17.107,17.032,17.021
18.312,18.331,18.35,18.352,18.339,18.324,18.318,18.318,18.334,18.384,18.401,18.33,18.318,18.461,18.648,18.799,18.925,19.021,19.078,19.091,19.078,19.053,19.012,18.967,18.944,18.956,18.975,18.981,18.973,18.955,18.927,18.891,18.849,18.801,18.751,18.704,18.662,18.615,18.55,18.471,18.396,18.333,18.272,18.207,18.141,18.079,18.026,17.981,17.941,17.903,17.865,17.827,17.79,17.755,17.72,17.683,17.638,17.584,17.519,17.445,17.371,17.311,17.286,17.308,17.367,17.44,17.511,17.574,17.622,17.642,17.613,17.522,17.373,17.191,17.035,16.972
18.293,18.317,18.339,18.34,18.326,18.311,18.305,18.3,18.304,18.351,18.395,18.327,18.278,18.396,18.585,18.747,18.885,18.992,19.06,19.086,19.078,19.048,19,18.953,18.932,18.945,18.959,18.953,18.931,18.898,18.857,18.809,18.755,18.699,18.648,18.608,18.571,18.517,18.443,18.368,18.306,18.253,18.193,18.122,18.053,17.996,17.949,17.909,17.871,17.832,17.794,17.756,17.719,17.678,17.632,17.576,17.51,17.435,17.361,17.294,17.245,17.233,17.279,17.377,17.49,17.588,17.668,17.746,17.819,17.856,17.832,17.742,17.582,17.356,17.113,16.953
18.277,18.304,18.325,18.326,18.31,18.296,18.293,18.286,18.277,18.313,18.379,18.336,18.251,18.32,18.496,18.66,18.803,18.918,18.991,19.027,19.025,19,18.965,18.935,18.918,18.908,18.889,18.853,18.808,18.76,18.711,18.66,18.612,18.571,18.543,18.521,18.488,18.432,18.358,18.279,18.214,18.158,18.089,18.016,17.958,17.917,17.883,17.847,17.808,17.764,17.716,17.664,17.606,17.537,17.459,17.375,17.296,17.239,17.214,17.221,17.252,17.311,17.409,17.53,17.624,17.682,17.751,17.852,17.939,17.967,17.949,17.893,17.776,17.572,17.288,17.015
18.267,18.292,18.31,18.307,18.291,18.279,18.281,18.275,18.254,18.271,18.35,18.35,18.245,18.247,18.39,18.547,18.684,18.804,18.885,18.927,18.938,18.929,18.91,18.884,18.852,18.814,18.773,18.731,18.687,18.642,18.599,18.561,18.529,18.506,18.49,18.473,18.441,18.377,18.269,18.157,18.083,18.023,17.957,17.905,17.873,17.848,17.817,17.776,17.723,17.657,17.578,17.491,17.401,17.315,17.242,17.193,17.18,17.207,17.268,17.349,17.433,17.51,17.576,17.626,17.649,17.673,17.755,17.869,17.928,17.931,17.934,17.936,17.903,17.782,17.532,17.188
18.261,18.281,18.293,18.286,18.268,18.26,18.268,18.268,18.239,18.231,18.306,18.359,18.266,18.195,18.279,18.418,18.541,18.653,18.742,18.796,18.818,18.817,18.799,18.771,18.737,18.703,18.669,18.636,18.602,18.567,18.532,18.504,18.483,18.469,18.463,18.457,18.43,18.324,18.144,18.007,17.946,17.899,17.855,17.83,17.809,17.778,17.731,17.666,17.584,17.487,17.39,17.31,17.257,17.233,17.238,17.269,17.316,17.37,17.43,17.497,17.568,17.63,17.661,17.652,17.626,17.639,17.725,17.81,17.816,17.807,17.83,17.87,17.913,17.903,17.76,17.439
18.254,18.268,18.275,18.263,18.243,18.237,18.252,18.261,18.234,18.201,18.251,18.347,18.309,18.186,18.186,18.291,18.394,18.483,18.558,18.611,18.636,18.638,18.623,18.6,18.576,18.555,18.54,18.527,18.516,18.503,18.486,18.47,18.459,18.457,18.464,18.477,18.442,18.267,18.02,17.884,17.845,17.816,17.794,17.777,17.744,17.685,17.607,17.519,17.43,17.357,17.322,17.329,17.363,17.408,17.454,17.494,17.515,17.512,17.5,17.497,17.518,17.567,17.621,17.643,17.62,17.61,17.666,17.717,17.704,17.692,17.706,17.742,17.811,17.884,17.873,17.669
18.242,18.254,18.254,18.237,18.215,18.211,18.23,18.248,18.233,18.186,18.195,18.306,18.349,18.23,18.137,18.181,18.267,18.336,18.388,18.423,18.44,18.441,18.432,18.418,18.406,18.4,18.402,18.413,18.428,18.443,18.453,18.458,18.46,18.466,18.485,18.51,18.467,18.234,17.932,17.799,17.779,17.764,17.749,17.722,17.662,17.575,17.485,17.415,17.382,17.396,17.448,17.517,17.583,17.628,17.641,17.632,17.605,17.558,17.502,17.458,17.434,17.431,17.457,17.514,17.583,17.637,17.669,17.685,17.666,17.648,17.645,17.649,17.686,17.776,17.857,17.79
18.223,18.237,18.233,18.212,18.186,18.181,18.2,18.224,18.227,18.187,18.155,18.239,18.356,18.304,18.158,18.11,18.162,18.226,18.273,18.299,18.309,18.307,18.297,18.286,18.28,18.283,18.299,18.322,18.351,18.381,18.411,18.439,18.464,18.485,18.512,18.54,18.493,18.23,17.886,17.745,17.736,17.727,17.707,17.662,17.585,17.498,17.436,17.419,17.45,17.518,17.596,17.651,17.675,17.691,17.711,17.726,17.704,17.627,17.543,17.507,17.492,17.468,17.431,17.395,17.394,17.467,17.598,17.716,17.754,17.733,17.701,17.66,17.622,17.666,17.78,17.809
18.203,18.218,18.211,18.187,18.158,18.148,18.162,18.185,18.204,18.19,18.143,18.17,18.313,18.364,18.234,18.106,18.086,18.129,18.179,18.214,18.232,18.232,18.222,18.211,18.21,18.225,18.25,18.278,18.308,18.346,18.391,18.437,18.477,18.509,18.537,18.559,18.512,18.243,17.872,17.714,17.705,17.698,17.673,17.62,17.545,17.479,17.448,17.463,17.515,17.586,17.645,17.683,17.738,17.833,17.913,17.908,17.803,17.641,17.547,17.538,17.541,17.542,17.538,17.52,17.476,17.413,17.394,17.459,17.577,17.682,17.744,17.72,17.628,17.594,17.693,17.781
18.186,18.199,18.191,18.164,18.131,18.115,18.119,18.133,18.159,18.18,18.153,18.126,18.235,18.371,18.322,18.168,18.074,18.063,18.094,18.131,18.16,18.174,18.174,18.169,18.176,18.194,18.209,18.219,18.244,18.297,18.369,18.439,18.493,18.531,18.554,18.57,18.518,18.249,17.873,17.7,17.685,17.68,17.658,17.609,17.543,17.492,17.474,17.494,17.549,17.619,17.679,17.753,17.9,18.035,18.045,17.957,17.76,17.58,17.531,17.515,17.492,17.472,17.466,17.478,17.507,17.536,17.521,17.466,17.44,17.479,17.552,17.609,17.608,17.559,17.617,17.739
18.171,18.182,18.174,18.145,18.108,18.083,18.075,18.076,18.099,18.148,18.167,18.121,18.157,18.315,18.371,18.255,18.122,18.056,18.051,18.075,18.105,18.129,18.14,18.142,18.146,18.148,18.14,18.135,18.168,18.251,18.361,18.456,18.518,18.553,18.573,18.578,18.496,18.214,17.865,17.7,17.676,17.67,17.658,17.624,17.565,17.52,17.504,17.521,17.576,17.652,17.726,17.856,18.073,18.138,18.086,17.896,17.642,17.527,17.494,17.454,17.415,17.39,17.383,17.387,17.398,17.42,17.464,17.508,17.504,17.466,17.457,17.494,17.528,17.518,17.559,17.691
18.154,18.167,18.159,18.131,18.09,18.056,18.035,18.022,18.036,18.097,18.162,18.142,18.111,18.223,18.351,18.321,18.197,18.091,18.046,18.049,18.072,18.099,18.115,18.116,18.109,18.098,18.079,18.066,18.098,18.194,18.326,18.448,18.527,18.566,18.577,18.541,18.395,18.114,17.838,17.712,17.678,17.66,17.655,17.645,17.603,17.552,17.536,17.542,17.584,17.669,17.78,17.98,18.201,18.178,18.021,17.727,17.54,17.481,17.427,17.372,17.334,17.324,17.334,17.352,17.367,17.375,17.382,17.414,17.478,17.517,17.503,17.482,17.484,17.482,17.518,17.646
18.133,18.154,18.15,18.123,18.081,18.037,18.004,17.981,17.985,18.04,18.13,18.162,18.107,18.138,18.272,18.327,18.263,18.153,18.066,18.036,18.042,18.065,18.085,18.09,18.08,18.063,18.037,18.008,18.011,18.081,18.205,18.335,18.43,18.471,18.451,18.358,18.18,17.955,17.781,17.698,17.656,17.627,17.618,17.635,17.638,17.593,17.563,17.56,17.582,17.672,17.838,18.129,18.264,18.127,17.835,17.57,17.477,17.412,17.342,17.289,17.269,17.284,17.319,17.355,17.379,17.388,17.383,17.372,17.386,17.448,17.502,17.507,17.492,17.471,17.488,17.603
18.121,18.144,18.145,18.123,18.082,18.032,17.987,17.957,17.954,17.995,18.082,18.159,18.129,18.091,18.177,18.271,18.282,18.22,18.119,18.048,18.023,18.029,18.051,18.066,18.061,18.042,18.014,17.973,17.938,17.948,18.012,18.097,18.161,18.177,18.134,18.034,17.9,17.776,17.699,17.663,17.64,17.616,17.593,17.593,17.626,17.624,17.589,17.574,17.584,17.688,17.919,18.268,18.237,17.965,17.642,17.495,17.42,17.334,17.258,17.211,17.209,17.248,17.303,17.354,17.39,17.408,17.408,17.391,17.366,17.38,17.446,17.501,17.511,17.486,17.476,17.564
18.122,18.137,18.143,18.13,18.097,18.047,17.995,17.958,17.946,17.968,18.037,18.13,18.151,18.085,18.101,18.189,18.243,18.249,18.186,18.095,18.034,18.009,18.017,18.039,18.048,18.032,18.004,17.966,17.91,17.864,17.852,17.863,17.871,17.858,17.82,17.769,17.722,17.695,17.686,17.687,17.686,17.674,17.641,17.604,17.607,17.63,17.606,17.582,17.601,17.769,18.072,18.318,18.093,17.773,17.546,17.457,17.356,17.25,17.163,17.118,17.134,17.198,17.279,17.352,17.409,17.444,17.455,17.438,17.394,17.358,17.388,17.464,17.514,17.506,17.481,17.533
18.115,18.128,18.142,18.142,18.123,18.084,18.036,17.995,17.967,17.961,18.002,18.089,18.15,18.105,18.061,18.114,18.175,18.219,18.223,18.158,18.078,18.017,17.992,18.005,18.028,18.027,17.999,17.962,17.913,17.85,17.798,17.767,17.747,17.731,17.717,17.707,17.701,17.701,17.706,17.717,17.729,17.729,17.696,17.633,17.602,17.626,17.608,17.578,17.661,17.947,18.26,18.214,17.92,17.651,17.521,17.416,17.283,17.148,17.044,17.001,17.05,17.162,17.291,17.408,17.494,17.542,17.558,17.548,17.497,17.41,17.368,17.419,17.497,17.519,17.495,17.517
18.095,18.116,18.142,18.156,18.153,18.135,18.109,18.079,18.034,17.979,17.979,18.051,18.127,18.127,18.056,18.057,18.11,18.154,18.196,18.19,18.128,18.051,17.99,17.974,17.997,18.017,18,17.957,17.912,17.855,17.798,17.76,17.738,17.721,17.699,17.671,17.646,17.636,17.647,17.678,17.714,17.737,17.716,17.646,17.608,17.612,17.585,17.619,17.84,18.166,18.293,18.055,17.817,17.627,17.512,17.365,17.197,17.028,16.908,16.889,17.005,17.194,17.383,17.523,17.593,17.617,17.622,17.621,17.595,17.508,17.406,17.396,17.471,17.522,17.511,17.514
18.075,18.107,18.142,18.167,18.179,18.184,18.189,18.19,18.152,18.047,17.975,18.021,18.097,18.131,18.071,18.022,18.055,18.094,18.13,18.16,18.141,18.082,18.006,17.957,17.962,17.994,17.997,17.956,17.907,17.857,17.804,17.763,17.725,17.672,17.604,17.55,17.533,17.541,17.566,17.609,17.671,17.719,17.708,17.635,17.586,17.579,17.62,17.807,18.124,18.314,18.163,17.981,17.809,17.661,17.501,17.315,17.106,16.907,16.784,16.826,17.039,17.298,17.502,17.603,17.62,17.61,17.609,17.619,17.629,17.585,17.473,17.404,17.449,17.518,17.525,17.519
18.062,18.1,18.142,18.175,18.198,18.217,18.244,18.28,18.282,18.168,18.007,18.005,18.074,18.115,18.093,18.007,18.001,18.046,18.074,18.093,18.095,18.067,18.009,17.949,17.936,17.969,17.989,17.956,17.901,17.853,17.8,17.741,17.665,17.578,17.523,17.52,17.535,17.556,17.589,17.632,17.679,17.69,17.631,17.57,17.573,17.652,17.839,18.121,18.312,18.233,18.101,18.007,17.891,17.725,17.51,17.278,17.031,16.812,16.702,16.835,17.128,17.407,17.577,17.618,17.591,17.567,17.569,17.588,17.619,17.618,17.534,17.435,17.44,17.51,17.534,17.529
18.055,18.098,18.143,18.181,18.21,18.237,18.271,18.323,18.369,18.3,18.078,18.007,18.065,18.09,18.108,18.016,17.955,17.99,18.032,18.04,18.026,18.006,17.974,17.932,17.918,17.948,17.977,17.951,17.895,17.843,17.781,17.694,17.597,17.543,17.554,17.576,17.572,17.572,17.596,17.618,17.614,17.586,17.572,17.612,17.729,17.931,18.173,18.315,18.256,18.164,18.138,18.107,18.021,17.83,17.555,17.271,16.99,16.753,16.673,16.884,17.211,17.476,17.605,17.601,17.553,17.539,17.55,17.569,17.602,17.625,17.572,17.472,17.444,17.504,17.541,17.538
18.056,18.099,18.145,18.185,18.22,18.251,18.287,18.34,18.405,18.389,18.16,18.025,18.07,18.071,18.098,18.037,17.931,17.933,17.984,18.002,17.974,17.943,17.922,17.901,17.902,17.933,17.965,17.945,17.887,17.83,17.75,17.645,17.573,17.591,17.659,17.682,17.648,17.61,17.593,17.594,17.603,17.637,17.723,17.872,18.069,18.25,18.314,18.246,18.186,18.198,18.224,18.229,18.162,17.968,17.649,17.309,16.992,16.733,16.672,16.916,17.254,17.51,17.61,17.581,17.531,17.537,17.564,17.575,17.598,17.625,17.592,17.504,17.457,17.501,17.544,17.546
18.059,18.101,18.146,18.189,18.228,18.264,18.303,18.354,18.419,18.427,18.219,18.046,18.079,18.068,18.065,18.045,17.929,17.891,17.935,17.963,17.939,17.904,17.888,17.878,17.891,17.925,17.954,17.936,17.879,17.816,17.722,17.619,17.594,17.678,17.786,17.827,17.816,17.783,17.756,17.765,17.822,17.93,18.077,18.224,18.308,18.291,18.216,18.18,18.208,18.258,18.304,18.32,18.272,18.108,17.787,17.397,17.04,16.744,16.666,16.906,17.257,17.518,17.606,17.568,17.522,17.548,17.592,17.602,17.61,17.627,17.602,17.528,17.476,17.502,17.546,17.551
18.064,18.103,18.147,18.192,18.236,18.278,18.322,18.374,18.436,18.44,18.246,18.065,18.082,18.074,18.033,18.023,17.929,17.867,17.895,17.927,17.913,17.883,17.871,17.872,17.89,17.92,17.944,17.927,17.874,17.807,17.704,17.612,17.625,17.747,17.888,18.001,18.078,18.105,18.123,18.166,18.234,18.302,18.337,18.313,18.24,18.169,18.153,18.188,18.244,18.294,18.329,18.347,18.331,18.22,17.94,17.533,17.132,16.783,16.646,16.853,17.221,17.504,17.6,17.564,17.521,17.554,17.612,17.633,17.631,17.633,17.604,17.543,17.497,17.506,17.545,17.551
18.068,18.105,18.149,18.196,18.244,18.292,18.341,18.397,18.455,18.443,18.254,18.085,18.077,18.077,18.013,17.98,17.911,17.85,17.864,17.894,17.892,17.873,17.863,17.87,17.89,17.916,17.933,17.918,17.873,17.806,17.699,17.615,17.651,17.799,17.99,18.21,18.372,18.424,18.443,18.445,18.423,18.365,18.272,18.176,18.118,18.115,18.154,18.208,18.249,18.273,18.293,18.316,18.331,18.275,18.064,17.695,17.273,16.858,16.627,16.764,17.136,17.461,17.592,17.569,17.525,17.549,17.611,17.644,17.645,17.634,17.601,17.552,17.517,17.516,17.542,17.548
18.073,18.107,18.151,18.201,18.253,18.306,18.361,18.418,18.468,18.435,18.255,18.107,18.063,18.07,18,17.935,17.874,17.831,17.841,17.863,17.864,17.854,17.85,17.861,17.883,17.907,17.92,17.909,17.876,17.812,17.702,17.622,17.674,17.842,18.067,18.311,18.44,18.471,18.468,18.416,18.329,18.221,18.128,18.079,18.081,18.12,18.166,18.195,18.209,18.219,18.233,18.259,18.284,18.264,18.13,17.851,17.46,16.994,16.641,16.652,16.994,17.371,17.569,17.582,17.538,17.543,17.595,17.633,17.641,17.626,17.594,17.559,17.536,17.529,17.54,17.545
18.079,18.11,18.155,18.207,18.263,18.32,18.378,18.435,18.472,18.418,18.258,18.137,18.045,18.053,17.993,17.899,17.832,17.809,17.824,17.835,17.832,17.829,17.837,17.855,17.874,17.894,17.906,17.903,17.883,17.823,17.71,17.633,17.7,17.89,18.13,18.35,18.425,18.426,18.383,18.293,18.193,18.107,18.062,18.061,18.089,18.122,18.149,18.163,18.17,18.176,18.19,18.211,18.225,18.21,18.13,17.968,17.679,17.21,16.731,16.558,16.801,17.212,17.506,17.589,17.561,17.545,17.579,17.614,17.625,17.614,17.591,17.569,17.554,17.544,17.543,17.545
18.085,18.115,18.16,18.214,18.273,18.333,18.393,18.448,18.469,18.4,18.271,18.176,18.029,18.028,17.992,17.879,17.802,17.793,17.812,17.818,17.818,17.827,17.847,17.865,17.872,17.88,17.894,17.901,17.894,17.838,17.724,17.647,17.723,17.925,18.164,18.347,18.378,18.363,18.296,18.201,18.118,18.068,18.055,18.069,18.094,18.119,18.134,18.14,18.146,18.16,18.18,18.194,18.19,18.156,18.091,18.027,17.889,17.501,16.943,16.553,16.595,16.972,17.363,17.56,17.582,17.561,17.573,17.601,17.612,17.609,17.595,17.582,17.568,17.556,17.549,17.545
18.09,18.119,18.165,18.221,18.282,18.345,18.407,18.458,18.466,18.391,18.297,18.228,18.029,18.001,17.997,17.88,17.789,17.781,17.803,17.809,17.813,17.829,17.854,17.874,17.877,17.876,17.887,17.903,17.906,17.858,17.745,17.661,17.734,17.935,18.166,18.319,18.325,18.311,18.245,18.159,18.099,18.072,18.072,18.085,18.104,18.117,18.12,18.123,18.136,18.165,18.196,18.212,18.197,18.14,18.06,18.033,18.034,17.816,17.291,16.717,16.466,16.677,17.107,17.443,17.571,17.579,17.578,17.599,17.614,17.614,17.605,17.593,17.578,17.565,17.553,17.544
18.095,18.123,18.17,18.227,18.291,18.357,18.421,18.468,18.467,18.395,18.338,18.288,18.059,17.977,18.004,17.905,17.796,17.772,17.789,17.795,17.797,17.811,17.84,17.875,17.894,17.891,17.889,17.905,17.918,17.883,17.776,17.677,17.726,17.913,18.134,18.281,18.274,18.276,18.227,18.157,18.111,18.096,18.097,18.104,18.11,18.109,18.103,18.107,18.132,18.176,18.221,18.252,18.243,18.178,18.074,18.017,18.078,18.056,17.711,17.09,16.545,16.431,16.749,17.184,17.469,17.565,17.577,17.588,17.608,17.614,17.608,17.596,17.581,17.566,17.552,17.538
18.099,18.125,18.172,18.232,18.299,18.368,18.434,18.478,18.472,18.413,18.384,18.35,18.125,17.969,18.006,17.954,17.833,17.779,17.784,17.794,17.798,17.806,17.825,17.864,17.908,17.924,17.911,17.908,17.922,17.909,17.82,17.705,17.705,17.86,18.071,18.239,18.226,18.242,18.225,18.175,18.14,18.129,18.125,18.119,18.11,18.097,18.087,18.094,18.125,18.172,18.227,18.279,18.301,18.257,18.139,18.02,18.037,18.138,18.05,17.602,16.915,16.413,16.403,16.779,17.202,17.459,17.549,17.563,17.571,17.585,17.589,17.582,17.57,17.554,17.539,17.527
18.1,18.125,18.172,18.234,18.305,18.379,18.445,18.486,18.481,18.438,18.426,18.405,18.213,17.998,17.999,18.012,17.913,17.826,17.804,17.809,17.816,17.82,17.822,17.836,17.874,17.924,17.946,17.936,17.929,17.924,17.872,17.758,17.695,17.79,17.975,18.181,18.184,18.195,18.215,18.198,18.18,18.174,18.165,18.142,18.114,18.092,18.082,18.09,18.112,18.142,18.184,18.251,18.323,18.335,18.235,18.069,17.987,18.086,18.171,18.045,17.501,16.763,16.299,16.355,16.751,17.158,17.42,17.531,17.549,17.545,17.55,17.553,17.547,17.538,17.534,17.54
18.101,18.121,18.168,18.234,18.31,18.387,18.454,18.492,18.489,18.459,18.451,18.439,18.301,18.076,17.998,18.051,18.022,17.935,17.876,17.855,17.849,17.848,17.846,17.841,17.841,17.861,17.905,17.945,17.956,17.943,17.914,17.838,17.733,17.737,17.862,18.076,18.156,18.143,18.181,18.204,18.219,18.23,18.227,18.192,18.146,18.115,18.108,18.114,18.117,18.105,18.098,18.147,18.269,18.365,18.321,18.148,17.989,18.014,18.098,18.204,18.048,17.411,16.632,16.189,16.271,16.641,17.025,17.321,17.49,17.547,17.553,17.551,17.556,17.56,17.561,17.527
18.1,18.116,18.163,18.232,18.312,18.392,18.46,18.495,18.491,18.464,18.445,18.435,18.365,18.187,18.037,18.058,18.107,18.08,18.023,17.98,17.958,17.949,17.944,17.929,17.899,17.864,17.849,17.873,17.923,17.959,17.955,17.914,17.818,17.746,17.778,17.919,18.113,18.111,18.13,18.178,18.235,18.28,18.305,18.282,18.225,18.183,18.18,18.195,18.19,18.129,18.026,18.006,18.153,18.329,18.358,18.212,18.028,18.004,17.995,18.102,18.258,18.055,17.345,16.532,16.092,16.149,16.433,16.752,17.054,17.28,17.408,17.463,17.46,17.403,17.288,17.107
18.1,18.109,18.155,18.227,18.31,18.394,18.462,18.496,18.486,18.447,18.405,18.385,18.373,18.284,18.133,18.077,18.133,18.18,18.181,18.165,18.155,18.157,18.165,18.161,18.127,18.059,17.971,17.894,17.864,17.898,17.954,17.964,17.913,17.821,17.772,17.786,18.001,18.101,18.094,18.126,18.212,18.295,18.362,18.379,18.338,18.288,18.278,18.306,18.315,18.219,18.008,17.906,18.059,18.273,18.351,18.226,18.051,18.028,17.957,17.944,18.137,18.328,18.081,17.326,16.477,16.029,16.018,16.158,16.348,16.556,16.708,16.793,16.819,16.785,16.69,16.522
18.099,18.104,18.147,18.219,18.306,18.392,18.462,18.495,18.477,18.419,18.35,18.31,18.312,18.308,18.237,18.161,18.165,18.221,18.262,18.282,18.293,18.305,18.32,18.337,18.347,18.338,18.291,18.192,18.05,17.923,17.892,17.939,17.963,17.918,17.841,17.759,17.85,18.043,18.091,18.08,18.154,18.264,18.365,18.435,18.438,18.391,18.35,18.345,18.329,18.208,17.98,17.9,18.064,18.261,18.328,18.192,18.045,18.024,17.941,17.833,17.934,18.213,18.401,18.147,17.345,16.455,16.013,15.922,15.914,15.985,16.083,16.13,16.141,16.109,16.014,15.849
18.098,18.1,18.139,18.209,18.297,18.387,18.46,18.494,18.472,18.398,18.31,18.249,18.224,18.233,18.249,18.246,18.258,18.298,18.328,18.337,18.333,18.326,18.321,18.325,18.338,18.362,18.391,18.407,18.368,18.233,18.028,17.91,17.921,17.949,17.929,17.84,17.783,17.933,18.073,18.073,18.089,18.19,18.308,18.412,18.473,18.457,18.38,18.277,18.151,18.018,17.95,18.024,18.176,18.293,18.284,18.126,18.019,17.977,17.887,17.735,17.755,18.022,18.292,18.46,18.216,17.309,16.399,16.025,15.858,15.737,15.764,15.797,15.764,15.718,15.661,15.571
18.1,18.099,18.133,18.197,18.284,18.376,18.454,18.494,18.474,18.397,18.305,18.23,18.174,18.151,18.163,18.206,18.277,18.345,18.385,18.393,18.375,18.344,18.313,18.294,18.292,18.306,18.334,18.371,18.411,18.436,18.386,18.19,17.974,17.915,17.932,17.922,17.834,17.857,18.001,18.077,18.07,18.115,18.209,18.305,18.388,18.423,18.375,18.275,18.182,18.141,18.171,18.241,18.293,18.287,18.183,18.044,17.965,17.883,17.772,17.618,17.593,17.852,18.156,18.34,18.462,18.125,17.012,16.265,16.042,15.758,15.579,15.697,15.762,15.695,15.572,15.442
18.103,18.098,18.126,18.183,18.268,18.361,18.443,18.492,18.484,18.417,18.331,18.252,18.178,18.134,18.131,18.15,18.179,18.227,18.279,18.302,18.287,18.25,18.221,18.215,18.235,18.269,18.306,18.332,18.349,18.386,18.446,18.448,18.295,18.056,17.941,17.932,17.904,17.856,17.93,18.044,18.086,18.101,18.148,18.208,18.263,18.3,18.312,18.317,18.326,18.335,18.33,18.3,18.241,18.154,18.039,17.959,17.862,17.725,17.602,17.49,17.477,17.71,18.06,18.265,18.362,18.339,17.584,16.462,16.102,16.025,15.32,15.265,15.652,15.887,15.994,15.911
18.108,18.095,18.117,18.167,18.248,18.341,18.427,18.485,18.493,18.446,18.372,18.295,18.215,18.151,18.115,18.105,18.113,18.142,18.186,18.207,18.176,18.117,18.082,18.094,18.144,18.212,18.284,18.341,18.361,18.358,18.396,18.482,18.508,18.358,18.116,17.976,17.937,17.895,17.892,17.981,18.073,18.12,18.153,18.189,18.224,18.253,18.278,18.292,18.281,18.242,18.176,18.106,18.045,17.987,17.937,17.841,17.672,17.511,17.429,17.388,17.426,17.642,17.995,18.237,18.339,18.358,17.963,16.83,15.988,15.89,15.191,14.653,14.934,15.254,15.561,16.008
18.115,18.087,18.104,18.149,18.227,18.318,18.405,18.468,18.491,18.469,18.417,18.348,18.265,18.19,18.131,18.093,18.082,18.1,18.138,18.154,18.11,18.041,18.012,18.043,18.123,18.223,18.321,18.401,18.444,18.434,18.386,18.391,18.494,18.549,18.396,18.155,18.007,17.941,17.901,17.921,18.005,18.094,18.159,18.2,18.227,18.245,18.241,18.2,18.131,18.055,17.996,17.969,17.969,17.938,17.809,17.609,17.424,17.333,17.326,17.342,17.425,17.644,17.978,18.227,18.351,18.375,18.101,17.073,15.891,15.755,15.518,14.653,14.668,14.95,15.114,15.59
18.097,18.07,18.086,18.129,18.204,18.293,18.378,18.442,18.472,18.47,18.448,18.4,18.319,18.233,18.171,18.129,18.112,18.123,18.152,18.154,18.083,17.98,17.928,17.975,18.095,18.236,18.361,18.453,18.5,18.509,18.481,18.431,18.437,18.519,18.538,18.389,18.176,18.032,17.954,17.919,17.935,17.994,18.06,18.113,18.144,18.133,18.079,18.009,17.959,17.948,17.974,18.009,17.968,17.764,17.493,17.346,17.31,17.302,17.303,17.326,17.445,17.678,17.991,18.229,18.363,18.365,17.916,16.634,15.578,15.479,15.523,14.792,14.924,15.037,15.038,15.541
18.075,18.048,18.064,18.108,18.182,18.267,18.348,18.409,18.437,18.44,18.441,18.425,18.362,18.268,18.193,18.141,18.109,18.112,18.149,18.144,18.031,17.871,17.816,17.919,18.101,18.281,18.421,18.511,18.547,18.54,18.514,18.478,18.453,18.488,18.533,18.496,18.356,18.183,18.056,17.983,17.949,17.946,17.958,17.964,17.945,17.917,17.912,17.949,18.008,18.055,18.055,17.953,17.686,17.322,17.195,17.367,17.48,17.403,17.304,17.32,17.482,17.721,18.013,18.238,18.366,18.424,18.234,17.205,15.662,15.362,15.398,15.275,15.479,15.216,15.016,15.627
18.053,18.024,18.042,18.088,18.161,18.242,18.318,18.372,18.391,18.383,18.383,18.388,18.352,18.267,18.177,18.108,18.064,18.064,18.115,18.097,17.932,17.727,17.72,17.919,18.168,18.366,18.491,18.554,18.57,18.55,18.513,18.477,18.455,18.475,18.507,18.489,18.432,18.318,18.182,18.081,18.023,17.996,17.985,17.982,17.991,18.029,18.092,18.136,18.108,17.999,17.817,17.518,17.162,17.012,17.288,17.722,17.824,17.556,17.318,17.349,17.551,17.771,18.032,18.253,18.372,18.344,17.906,17.209,15.971,15.916,16.139,16.481,16.268,15.243,14.939,15.701
18.031,18,18.021,18.069,18.142,18.22,18.289,18.335,18.344,18.318,18.297,18.296,18.276,18.214,18.125,18.052,18.015,18.033,18.087,18.027,17.777,17.561,17.669,17.986,18.278,18.459,18.543,18.563,18.554,18.525,18.482,18.434,18.413,18.447,18.484,18.448,18.418,18.38,18.282,18.177,18.104,18.066,18.054,18.062,18.104,18.16,18.151,18.023,17.797,17.528,17.267,17.021,16.883,17.087,17.609,18.074,18.09,17.67,17.362,17.448,17.667,17.836,18.054,18.269,18.338,17.942,17.033,16.752,16.411,16.708,17.351,17.86,16.986,15.097,14.795,15.492
18.011,17.98,18.003,18.054,18.125,18.2,18.262,18.3,18.302,18.263,18.221,18.204,18.184,18.135,18.055,17.992,17.966,18.013,18.05,17.906,17.553,17.42,17.704,18.118,18.4,18.528,18.559,18.541,18.515,18.479,18.425,18.363,18.336,18.407,18.462,18.408,18.366,18.38,18.333,18.241,18.169,18.131,18.121,18.161,18.188,18.098,17.831,17.475,17.199,17.032,16.887,16.789,16.929,17.369,17.887,18.214,18.129,17.671,17.455,17.631,17.819,17.908,18.073,18.277,18.392,18.164,18.031,18.072,18.196,18.163,18.246,18.56,17.523,14.997,14.536,14.958
17.994,17.965,17.989,18.042,18.113,18.183,18.239,18.269,18.265,18.228,18.182,18.15,18.115,18.053,17.972,17.927,17.922,17.991,17.973,17.697,17.305,17.379,17.84,18.277,18.488,18.551,18.542,18.505,18.475,18.433,18.373,18.303,18.249,18.333,18.418,18.337,18.31,18.37,18.362,18.292,18.211,18.181,18.228,18.197,17.933,17.497,17.129,16.957,16.905,16.878,16.872,16.979,17.291,17.744,18.112,18.222,17.985,17.594,17.629,17.863,17.961,17.982,18.101,18.292,18.446,18.516,18.667,18.758,18.765,18.671,18.76,18.978,17.684,14.817,14.297,14.296
17.984,17.955,17.982,18.035,18.104,18.171,18.22,18.243,18.236,18.208,18.175,18.138,18.081,17.99,17.898,17.867,17.904,17.951,17.825,17.388,17.136,17.478,18.036,18.401,18.513,18.531,18.508,18.472,18.445,18.399,18.343,18.28,18.209,18.2,18.238,18.227,18.296,18.361,18.343,18.287,18.278,18.307,18.107,17.686,17.127,16.829,16.859,17.019,17.174,17.284,17.383,17.543,17.818,18.132,18.257,18.105,17.73,17.619,17.893,18.066,18.068,18.067,18.163,18.326,18.432,18.49,18.469,18.45,18.213,18.013,18.363,18.599,17.04,14.534,14.353,14.142
17.98,17.952,17.979,18.033,18.1,18.163,18.208,18.226,18.218,18.199,18.18,18.139,18.054,17.937,17.854,17.849,17.9,17.863,17.563,17.066,17.132,17.679,18.217,18.452,18.487,18.493,18.473,18.444,18.414,18.359,18.31,18.266,18.218,18.177,18.198,18.278,18.352,18.375,18.372,18.361,18.271,17.9,17.378,16.815,16.674,16.928,17.257,17.51,17.674,17.79,17.901,18.048,18.236,18.323,18.128,17.749,17.681,17.934,18.124,18.163,18.152,18.167,18.295,18.529,18.496,18.031,17.817,17.734,17.431,17.623,18.163,17.683,15.619,14.208,14.37,14.176
17.981,17.954,17.981,18.034,18.099,18.159,18.199,18.216,18.212,18.201,18.185,18.124,18.007,17.891,17.849,17.879,17.862,17.694,17.2,16.892,17.279,17.902,18.327,18.438,18.448,18.457,18.438,18.403,18.347,18.284,18.265,18.259,18.254,18.26,18.292,18.335,18.374,18.377,18.233,17.916,17.61,17.187,16.63,16.592,16.989,17.417,17.665,17.746,17.803,17.903,18.043,18.196,18.236,17.944,17.715,17.81,17.985,18.135,18.186,18.203,18.31,18.533,18.512,17.584,16.45,16.038,16.24,16.466,16.933,17.725,17.797,16.443,14.428,14.356,14.679,14.359
17.983,17.959,17.986,18.038,18.1,18.156,18.195,18.213,18.214,18.21,18.187,18.102,17.976,17.895,17.897,17.905,17.759,17.444,16.867,16.925,17.491,18.071,18.349,18.4,18.419,18.421,18.385,18.313,18.21,18.157,18.2,18.267,18.302,18.321,18.344,18.309,18.151,17.941,17.735,17.378,16.811,16.383,16.473,16.938,17.384,17.667,17.664,17.595,17.658,17.796,17.943,17.916,17.777,17.829,17.985,18.147,18.217,18.222,18.226,18.313,18.422,18.046,17.257,16.221,15.857,15.424,15.466,16.266,17.091,17.468,17.039,15.673,14.468,14.963,15.446,15.343
17.985,17.967,17.993,18.042,18.101,18.154,18.192,18.212,18.219,18.218,18.185,18.09,17.986,17.945,17.963,17.882,17.619,17.169,16.725,17.071,17.675,18.14,18.304,18.369,18.405,18.377,18.291,18.142,17.977,17.921,18,18.103,18.113,18.046,17.963,17.846,17.664,17.448,17.179,16.785,16.375,16.343,16.761,17.097,17.463,17.682,17.665,17.666,17.748,17.79,17.824,17.936,18.1,18.279,18.343,18.336,18.324,18.33,18.35,18.373,18.288,17.55,16.403,16.075,17.002,16.549,15.661,15.88,16.552,16.671,16.362,15.746,15.859,16.219,16.336,16.421
17.998,17.978,18.002,18.047,18.103,18.153,18.191,18.212,18.221,18.221,18.183,18.095,18.019,18.001,18.001,17.832,17.487,16.958,16.759,17.204,17.757,18.098,18.225,18.347,18.394,18.315,18.135,17.872,17.631,17.51,17.472,17.467,17.471,17.484,17.494,17.449,17.315,17.053,16.654,16.294,16.243,16.563,16.78,17.009,17.463,17.819,17.93,17.946,18.017,18.146,18.294,18.377,18.394,18.367,18.341,18.364,18.422,18.488,18.52,18.388,18.005,17.351,16.205,16.195,16.747,16.95,16.378,15.471,16.143,16.44,16.567,16.813,0,0,0,0
18.002,17.991,18.014,18.055,18.106,18.154,18.19,18.212,18.221,18.22,18.182,18.108,18.048,18.031,18.002,17.794,17.39,16.861,16.833,17.249,17.705,17.964,18.132,18.32,18.364,18.217,17.918,17.549,17.278,17.124,16.968,16.807,16.731,16.781,16.909,17.031,17.031,16.736,16.3,16.153,16.414,16.645,16.681,16.889,17.324,17.805,18.12,18.246,18.314,18.356,18.35,18.296,18.212,18.163,18.203,18.313,18.459,18.569,18.575,18.441,18.035,17.385,16.432,16.549,16.963,16.722,16.233,15.567,0,0,0,0,0,0,0,0
18.019,18.01,18.029,18.064,18.11,18.156,18.191,18.212,18.22,18.215,18.176,18.108,18.052,18.028,17.99,17.783,17.343,16.849,16.851,17.183,17.545,17.784,18.031,18.266,18.292,18.082,17.706,17.312,17.056,16.878,16.697,16.58,16.577,16.633,16.722,16.85,16.783,16.457,16.202,16.37,16.685,16.741,16.666,16.706,16.943,17.396,17.913,18.256,18.367,18.345,18.255,18.112,17.977,17.922,17.961,18.089,18.178,18.392,18.601,18.631,18.431,17.831,17.075,17.138,17.227,17.141,0,0,0,0,0,0,0,0,0,0
18.045,18.03,18.049,18.078,18.117,18.159,18.192,18.212,18.218,18.207,18.16,18.089,18.033,18.011,17.986,17.802,17.344,16.852,16.799,17.043,17.344,17.596,17.9,18.16,18.181,17.958,17.576,17.188,16.945,16.792,16.667,16.624,16.701,16.783,16.773,16.724,16.575,16.392,16.45,16.74,16.929,16.884,16.758,16.677,16.633,16.745,17.099,17.588,17.984,18.101,17.935,17.685,17.481,17.339,17.462,17.826,17.904,18.135,18.383,18.563,18.701,18.418,17.842,17.613,17.286,0,0,0,0,0,0,0,0,0,0,0
18.051,18.05,18.072,18.096,18.126,18.162,18.193,18.211,18.214,18.192,18.132,18.054,18.004,17.995,17.998,17.847,17.384,16.852,16.715,16.889,17.155,17.398,17.7,17.98,18.044,17.886,17.602,17.304,17.091,16.925,16.736,16.669,16.822,16.904,16.808,16.726,16.692,16.753,16.916,17.052,17.049,16.941,16.905,16.865,16.748,16.579,16.459,16.535,16.839,17.183,17.292,16.98,16.617,16.44,16.895,17.77,17.679,17.947,18.094,18.119,18.415,18.639,18.235,17.755,0,0,0,0,0,0,0,0,0,0,0,0
18.061,18.072,18.101,18.121,18.141,18.167,18.192,18.206,18.202,18.166,18.091,18.014,17.981,17.993,18.025,17.913,17.465,16.875,16.649,16.756,16.983,17.177,17.428,17.706,17.84,17.781,17.583,17.322,17.066,16.832,16.635,16.637,16.905,17.132,17.097,17.057,17.133,17.184,17.129,17.014,16.868,16.833,16.876,16.859,16.871,16.893,16.781,16.43,16.193,16.088,16.322,16.449,15.903,15.441,15.854,17.462,17.237,17.526,17.598,17.747,18.128,18.498,18.087,17.706,0,0,0,0,0,0,0,0,0,0,0,0
