16.653,16.649,16.591,16.721,16.742,16.751,16.756,16.76,16.764,16.766,16.768,16.769,16.77,16.77,16.769,16.768,16.766,16.763,16.76,16.756,16.749,16.742,16.734,16.724,16.714,16.703,16.691,16.677,16.661,16.643,16.629,16.596,16.48,16.44,16.415,16.554,16.578,16.591,16.597,16.602,16.604,16.605,16.605,16.605,16.603,16.601,16.599,16.595,16.591,16.584,16.576,16.567,16.557,16.546,16.534,16.52,16.503,16.48,16.448,16.419,16.405,16.4,16.401,16.401,16.4,16.398,16.395,16.392,16.388,16.383,16.377,16.37,16.363,16.354,16.343,16.326
16.658,16.665,16.665,16.71,16.734,16.747,16.755,16.761,16.765,16.768,16.77,16.771,16.771,16.771,16.77,16.769,16.767,16.764,16.76,16.755,16.749,16.742,16.733,16.724,16.714,16.702,16.69,16.676,16.659,16.641,16.618,16.584,16.529,16.501,16.499,16.547,16.573,16.588,16.597,16.602,16.605,16.607,16.607,16.606,16.605,16.602,16.599,16.595,16.59,16.583,16.575,16.566,16.556,16.545,16.532,16.518,16.501,16.481,16.458,16.437,16.423,16.416,16.412,16.409,16.407,16.404,16.4,16.396,16.391,16.386,16.379,16.372,16.363,16.353,16.34,16.323
16.684,16.688,16.697,16.717,16.735,16.747,16.756,16.762,16.766,16.769,16.771,16.773,16.773,16.773,16.772,16.77,16.767,16.764,16.76,16.755,16.749,16.742,16.733,16.724,16.714,16.702,16.69,16.676,16.659,16.641,16.618,16.59,16.559,16.541,16.54,16.559,16.577,16.589,16.598,16.603,16.607,16.608,16.609,16.608,16.606,16.603,16.6,16.596,16.59,16.583,16.575,16.566,16.556,16.545,16.532,16.518,16.503,16.485,16.467,16.45,16.437,16.428,16.422,16.417,16.414,16.41,16.406,16.401,16.396,16.39,16.383,16.375,16.365,16.354,16.34,16.323
16.704,16.708,16.716,16.728,16.739,16.749,16.758,16.764,16.768,16.771,16.774,16.775,16.775,16.774,16.773,16.771,16.769,16.765,16.761,16.755,16.749,16.742,16.733,16.724,16.714,16.703,16.69,16.676,16.661,16.643,16.623,16.601,16.581,16.568,16.566,16.574,16.585,16.594,16.601,16.606,16.609,16.611,16.611,16.61,16.608,16.605,16.601,16.596,16.591,16.584,16.576,16.567,16.557,16.546,16.534,16.52,16.506,16.491,16.475,16.46,16.448,16.438,16.431,16.425,16.42,16.416,16.411,16.406,16.401,16.394,16.387,16.378,16.368,16.357,16.343,16.326
16.723,16.724,16.73,16.737,16.744,16.753,16.76,16.767,16.771,16.774,16.776,16.777,16.777,16.777,16.775,16.773,16.77,16.766,16.762,16.756,16.75,16.742,16.734,16.724,16.714,16.703,16.691,16.678,16.663,16.647,16.629,16.612,16.597,16.587,16.585,16.588,16.594,16.6,16.605,16.609,16.612,16.613,16.613,16.612,16.61,16.607,16.603,16.598,16.592,16.585,16.577,16.568,16.559,16.548,16.536,16.524,16.51,16.496,16.482,16.469,16.457,16.447,16.439,16.433,16.428,16.423,16.418,16.412,16.406,16.399,16.392,16.383,16.373,16.361,16.348,16.332
16.734,16.736,16.74,16.746,16.751,16.757,16.765,16.771,16.775,16.778,16.779,16.78,16.78,16.779,16.778,16.775,16.772,16.768,16.763,16.758,16.751,16.743,16.734,16.725,16.715,16.704,16.692,16.68,16.666,16.651,16.636,16.621,16.609,16.601,16.598,16.599,16.602,16.606,16.61,16.613,16.615,16.616,16.616,16.615,16.612,16.609,16.605,16.6,16.594,16.587,16.579,16.57,16.561,16.551,16.539,16.528,16.515,16.502,16.489,16.476,16.464,16.455,16.447,16.441,16.435,16.43,16.425,16.419,16.413,16.406,16.398,16.389,16.379,16.368,16.356,16.342
16.74,16.744,16.748,16.753,16.757,16.764,16.771,16.776,16.78,16.782,16.784,16.784,16.784,16.783,16.781,16.778,16.775,16.771,16.766,16.76,16.753,16.745,16.736,16.727,16.717,16.706,16.695,16.683,16.67,16.656,16.642,16.63,16.619,16.612,16.609,16.609,16.61,16.613,16.616,16.618,16.62,16.62,16.62,16.618,16.615,16.612,16.608,16.603,16.597,16.59,16.582,16.573,16.564,16.554,16.544,16.532,16.521,16.508,16.495,16.483,16.472,16.463,16.456,16.45,16.444,16.439,16.433,16.427,16.421,16.414,16.406,16.398,16.388,16.378,16.366,16.354
16.742,16.749,16.755,16.76,16.765,16.771,16.779,16.785,16.787,16.789,16.789,16.79,16.789,16.788,16.786,16.783,16.779,16.774,16.769,16.763,16.756,16.748,16.739,16.73,16.72,16.71,16.699,16.687,16.674,16.662,16.649,16.638,16.629,16.622,16.619,16.618,16.619,16.621,16.623,16.625,16.626,16.626,16.625,16.623,16.62,16.616,16.612,16.606,16.6,16.594,16.586,16.577,16.568,16.559,16.549,16.538,16.527,16.515,16.503,16.491,16.481,16.473,16.466,16.46,16.454,16.449,16.444,16.438,16.432,16.425,16.417,16.409,16.4,16.39,16.38,16.369
16.741,16.754,16.761,16.767,16.773,16.78,16.788,16.795,16.797,16.797,16.797,16.797,16.796,16.794,16.792,16.789,16.785,16.78,16.774,16.768,16.761,16.753,16.744,16.735,16.725,16.715,16.704,16.692,16.681,16.669,16.658,16.648,16.639,16.633,16.63,16.629,16.629,16.63,16.632,16.633,16.633,16.633,16.631,16.629,16.626,16.622,16.617,16.612,16.606,16.599,16.591,16.583,16.574,16.565,16.555,16.545,16.535,16.524,16.513,16.502,16.493,16.486,16.479,16.473,16.468,16.463,16.458,16.452,16.446,16.439,16.432,16.424,16.415,16.407,16.398,16.388
16.765,16.768,16.77,16.775,16.782,16.79,16.798,16.806,16.811,16.809,16.807,16.807,16.806,16.804,16.801,16.798,16.793,16.788,16.782,16.776,16.768,16.76,16.752,16.742,16.733,16.722,16.712,16.701,16.69,16.679,16.669,16.66,16.653,16.647,16.644,16.643,16.643,16.643,16.644,16.644,16.644,16.643,16.641,16.639,16.635,16.631,16.626,16.621,16.615,16.608,16.601,16.593,16.584,16.575,16.566,16.557,16.547,16.538,16.528,16.519,16.511,16.504,16.498,16.493,16.489,16.484,16.479,16.474,16.469,16.462,16.455,16.447,16.439,16.431,16.424,16.418
16.767,16.776,16.779,16.785,16.792,16.8,16.809,16.817,16.824,16.827,16.825,16.824,16.823,16.821,16.818,16.814,16.81,16.805,16.799,16.792,16.785,16.777,16.768,16.759,16.749,16.739,16.728,16.717,16.707,16.697,16.687,16.679,16.673,16.668,16.665,16.664,16.663,16.663,16.663,16.663,16.662,16.66,16.658,16.655,16.652,16.647,16.642,16.637,16.63,16.623,16.615,16.607,16.598,16.589,16.58,16.571,16.563,16.554,16.545,16.538,16.533,16.53,16.528,16.526,16.522,16.515,16.505,16.493,16.478,16.464,16.452,16.444,16.441,16.447,16.462,16.482
16.763,16.782,16.79,16.797,16.804,16.811,16.82,16.828,16.836,16.841,16.84,16.838,16.836,16.834,16.83,16.827,16.822,16.817,16.811,16.805,16.798,16.791,16.782,16.773,16.763,16.753,16.743,16.732,16.722,16.712,16.703,16.695,16.689,16.685,16.682,16.68,16.679,16.678,16.677,16.676,16.674,16.672,16.669,16.665,16.661,16.656,16.65,16.644,16.637,16.629,16.621,16.612,16.603,16.593,16.584,16.575,16.567,16.56,16.556,16.553,16.55,16.545,16.535,16.52,16.501,16.482,16.469,16.468,16.479,16.505,16.548,16.612,16.7,16.799,16.88,16.926
16.794,16.8,16.805,16.81,16.816,16.823,16.831,16.839,16.846,16.849,16.846,16.843,16.84,16.837,16.833,16.828,16.823,16.818,16.812,16.806,16.799,16.792,16.784,16.775,16.766,16.757,16.747,16.737,16.727,16.718,16.71,16.703,16.697,16.693,16.69,16.687,16.686,16.684,16.683,16.682,16.68,16.677,16.673,16.669,16.664,16.658,16.653,16.647,16.64,16.633,16.625,16.616,16.608,16.6,16.594,16.588,16.584,16.579,16.574,16.566,16.55,16.529,16.508,16.496,16.502,16.529,16.578,16.647,16.736,16.844,16.964,17.074,17.14,17.154,17.168,17.186
16.818,16.819,16.821,16.825,16.83,16.836,16.843,16.85,16.856,16.858,16.851,16.845,16.842,16.837,16.832,16.827,16.821,16.814,16.808,16.801,16.794,16.786,16.778,16.77,16.762,16.754,16.745,16.736,16.728,16.72,16.714,16.708,16.703,16.7,16.697,16.695,16.693,16.692,16.691,16.689,16.687,16.684,16.68,16.676,16.671,16.666,16.661,16.656,16.649,16.643,16.636,16.629,16.624,16.619,16.615,16.608,16.6,16.589,16.573,16.554,16.539,16.539,16.562,16.612,16.69,16.791,16.906,17.025,17.133,17.197,17.183,17.088,16.994,17.009,17.146,17.258
16.836,16.836,16.837,16.84,16.844,16.849,16.855,16.862,16.867,16.867,16.858,16.852,16.847,16.842,16.835,16.829,16.822,16.815,16.807,16.799,16.791,16.784,16.776,16.768,16.761,16.754,16.746,16.74,16.733,16.728,16.723,16.718,16.715,16.712,16.71,16.708,16.706,16.705,16.704,16.703,16.701,16.698,16.694,16.689,16.685,16.68,16.674,16.668,16.661,16.655,16.65,16.645,16.639,16.63,16.618,16.604,16.589,16.574,16.565,16.572,16.606,16.674,16.774,16.897,17.022,17.125,17.188,17.186,17.103,16.993,16.925,16.922,16.98,17.092,17.203,17.337
16.852,16.852,16.853,16.855,16.858,16.863,16.868,16.873,16.878,16.877,16.867,16.86,16.856,16.85,16.843,16.837,16.829,16.821,16.813,16.805,16.797,16.789,16.781,16.774,16.767,16.761,16.755,16.749,16.744,16.74,16.736,16.733,16.73,16.728,16.726,16.724,16.723,16.721,16.72,16.718,16.715,16.712,16.707,16.702,16.696,16.689,16.682,16.676,16.669,16.663,16.656,16.647,16.634,16.618,16.602,16.59,16.585,16.596,16.63,16.697,16.795,16.92,17.056,17.171,17.22,17.189,17.097,16.98,16.879,16.82,16.815,16.865,16.955,17.054,17.152,17.294
16.867,16.867,16.868,16.869,16.872,16.876,16.88,16.884,16.888,16.885,16.873,16.867,16.864,16.858,16.852,16.845,16.838,16.831,16.823,16.815,16.807,16.8,16.792,16.785,16.778,16.772,16.766,16.761,16.757,16.753,16.749,16.746,16.743,16.741,16.739,16.737,16.736,16.734,16.732,16.729,16.724,16.719,16.713,16.706,16.699,16.692,16.686,16.679,16.671,16.663,16.651,16.638,16.624,16.615,16.615,16.631,16.669,16.736,16.832,16.943,17.055,17.154,17.218,17.204,17.111,16.989,16.873,16.789,16.757,16.779,16.831,16.883,16.911,16.925,17.034,17.204
16.88,16.881,16.881,16.883,16.885,16.888,16.892,16.895,16.897,16.891,16.877,16.871,16.868,16.862,16.856,16.85,16.844,16.837,16.83,16.823,16.816,16.808,16.801,16.794,16.787,16.781,16.775,16.77,16.765,16.761,16.758,16.754,16.752,16.75,16.748,16.746,16.744,16.741,16.737,16.733,16.727,16.721,16.714,16.708,16.702,16.695,16.688,16.68,16.671,16.66,16.65,16.644,16.648,16.667,16.709,16.782,16.887,17.013,17.13,17.207,17.239,17.23,17.167,17.053,16.926,16.824,16.771,16.78,16.842,16.902,16.921,16.902,16.865,16.843,16.922,17.13
16.894,16.894,16.895,16.896,16.898,16.901,16.903,16.906,16.905,16.896,16.88,16.874,16.869,16.863,16.857,16.851,16.845,16.839,16.832,16.825,16.819,16.812,16.805,16.798,16.792,16.786,16.78,16.775,16.771,16.767,16.764,16.761,16.758,16.756,16.754,16.752,16.749,16.745,16.741,16.736,16.73,16.725,16.719,16.714,16.708,16.702,16.694,16.685,16.678,16.674,16.68,16.699,16.738,16.805,16.905,17.039,17.187,17.304,17.354,17.335,17.262,17.158,17.038,16.917,16.826,16.795,16.832,16.915,16.981,16.991,16.967,16.937,16.899,16.831,16.778,16.91
16.908,16.907,16.908,16.909,16.91,16.912,16.914,16.915,16.913,16.903,16.884,16.877,16.872,16.865,16.858,16.851,16.845,16.838,16.831,16.825,16.818,16.812,16.806,16.8,16.794,16.789,16.785,16.78,16.777,16.773,16.771,16.768,16.766,16.764,16.762,16.759,16.756,16.752,16.748,16.743,16.739,16.735,16.73,16.725,16.718,16.71,16.704,16.704,16.712,16.733,16.77,16.828,16.909,17.019,17.156,17.303,17.412,17.437,17.384,17.292,17.178,17.053,16.937,16.854,16.816,16.85,16.934,17.006,17.024,17.015,17.002,16.968,16.947,16.892,16.688,16.66
16.921,16.92,16.92,16.921,16.922,16.923,16.924,16.925,16.922,16.909,16.889,16.881,16.876,16.868,16.861,16.854,16.846,16.839,16.832,16.826,16.819,16.813,16.808,16.803,16.799,16.795,16.791,16.788,16.785,16.782,16.78,16.778,16.776,16.775,16.772,16.769,16.766,16.763,16.759,16.756,16.752,16.746,16.74,16.733,16.729,16.729,16.739,16.761,16.799,16.855,16.928,17.017,17.122,17.243,17.368,17.465,17.481,17.4,17.284,17.168,17.048,16.962,16.895,16.838,16.853,16.928,17.021,17.077,17.098,17.106,17.068,16.995,16.953,16.978,16.758,16.501
16.932,16.932,16.932,16.932,16.933,16.934,16.935,16.934,16.93,16.916,16.895,16.886,16.881,16.873,16.866,16.858,16.851,16.844,16.837,16.83,16.824,16.819,16.814,16.81,16.806,16.803,16.8,16.798,16.795,16.793,16.792,16.79,16.789,16.787,16.784,16.782,16.779,16.776,16.772,16.767,16.761,16.756,16.752,16.754,16.764,16.785,16.821,16.873,16.942,17.024,17.114,17.208,17.305,17.403,17.491,17.536,17.492,17.338,17.157,17.023,16.984,16.928,16.89,16.857,16.893,16.985,17.073,17.119,17.146,17.149,17.122,17.037,16.939,16.994,16.85,16.445
16.943,16.943,16.943,16.943,16.944,16.944,16.944,16.943,16.938,16.923,16.901,16.892,16.886,16.879,16.872,16.864,16.857,16.85,16.844,16.837,16.832,16.827,16.823,16.819,16.816,16.814,16.811,16.809,16.807,16.806,16.804,16.803,16.801,16.8,16.797,16.794,16.791,16.787,16.782,16.778,16.776,16.78,16.792,16.814,16.848,16.895,16.955,17.027,17.109,17.193,17.276,17.353,17.424,17.492,17.547,17.575,17.543,17.409,17.193,17.007,16.988,16.913,16.852,16.877,16.926,17.018,17.093,17.126,17.138,17.142,17.116,17.045,16.947,16.984,16.887,16.47
16.954,16.954,16.954,16.954,16.954,16.955,16.954,16.952,16.946,16.931,16.908,16.897,16.892,16.884,16.877,16.87,16.864,16.857,16.851,16.846,16.841,16.837,16.833,16.83,16.828,16.825,16.824,16.822,16.821,16.819,16.818,16.817,16.815,16.812,16.81,16.806,16.802,16.8,16.8,16.806,16.82,16.845,16.88,16.926,16.981,17.045,17.116,17.191,17.266,17.338,17.402,17.455,17.503,17.544,17.58,17.598,17.599,17.545,17.37,17.135,17.001,16.959,16.877,16.871,16.916,17.002,17.076,17.113,17.128,17.129,17.09,17.017,16.944,16.996,16.891,16.491
16.964,16.965,16.965,16.965,16.965,16.965,16.964,16.962,16.955,16.939,16.915,16.903,16.898,16.89,16.883,16.877,16.87,16.865,16.859,16.855,16.851,16.847,16.845,16.842,16.84,16.839,16.837,16.836,16.835,16.834,16.832,16.831,16.828,16.825,16.823,16.821,16.822,16.829,16.844,16.87,16.907,16.954,17.009,17.07,17.136,17.204,17.273,17.339,17.401,17.456,17.504,17.541,17.571,17.595,17.618,17.629,17.634,17.621,17.586,17.375,17.157,17.031,16.942,16.911,16.925,16.978,17.035,17.07,17.083,17.07,17.024,16.978,16.953,17.023,16.896,16.503
16.975,16.975,16.975,16.975,16.975,16.975,16.974,16.971,16.964,16.947,16.922,16.91,16.905,16.897,16.89,16.884,16.878,16.873,16.869,16.865,16.862,16.86,16.858,16.856,16.855,16.854,16.853,16.852,16.851,16.849,16.847,16.845,16.843,16.842,16.844,16.851,16.865,16.89,16.926,16.972,17.026,17.087,17.151,17.217,17.284,17.348,17.409,17.465,17.514,17.557,17.592,17.619,17.639,17.652,17.662,17.67,17.671,17.656,17.656,17.621,17.42,17.248,17.112,17.004,16.949,16.948,16.972,16.996,17.003,16.996,16.981,16.986,17.006,17.064,16.888,16.513
16.985,16.985,16.985,16.986,16.985,16.985,16.984,16.981,16.974,16.957,16.93,16.918,16.913,16.905,16.899,16.893,16.888,16.884,16.88,16.877,16.875,16.873,16.872,16.872,16.871,16.87,16.869,16.868,16.866,16.865,16.863,16.863,16.865,16.871,16.884,16.906,16.939,16.982,17.034,17.093,17.156,17.221,17.287,17.351,17.413,17.47,17.523,17.568,17.607,17.637,17.66,17.675,17.683,17.686,17.684,17.687,17.687,17.679,17.669,17.677,17.64,17.514,17.372,17.246,17.142,17.071,17.033,17.019,17.018,17.031,17.05,17.084,17.097,17.094,16.858,16.517
16.995,16.996,16.996,16.996,16.996,16.995,16.994,16.991,16.984,16.967,16.939,16.927,16.922,16.915,16.91,16.904,16.9,16.896,16.894,16.892,16.89,16.889,16.889,16.888,16.888,16.887,16.886,16.884,16.883,16.882,16.883,16.888,16.899,16.919,16.948,16.987,17.035,17.09,17.15,17.214,17.279,17.344,17.407,17.466,17.521,17.569,17.61,17.643,17.666,17.681,17.687,17.685,17.677,17.666,17.654,17.647,17.647,17.649,17.653,17.656,17.663,17.653,17.598,17.513,17.428,17.357,17.308,17.281,17.273,17.273,17.262,17.248,17.172,17.07,16.883,16.527
17.006,17.006,17.006,17.006,17.006,17.005,17.004,17.001,16.995,16.977,16.949,16.937,16.933,16.926,16.922,16.917,16.913,16.911,16.908,16.907,16.906,16.906,16.906,16.906,16.906,16.905,16.903,16.902,16.902,16.905,16.913,16.928,16.952,16.986,17.03,17.081,17.137,17.197,17.26,17.325,17.389,17.45,17.508,17.559,17.602,17.638,17.664,17.681,17.689,17.688,17.681,17.671,17.663,17.659,17.647,17.633,17.619,17.603,17.594,17.594,17.599,17.61,17.623,17.623,17.605,17.576,17.55,17.536,17.524,17.485,17.411,17.32,17.228,17.133,16.95,16.538
17.016,17.016,17.016,17.016,17.016,17.016,17.014,17.012,17.005,16.988,16.96,16.948,16.945,16.938,16.934,16.93,16.928,16.925,16.924,16.923,16.923,16.924,16.924,16.924,16.923,16.922,16.921,16.922,16.926,16.937,16.955,16.982,17.02,17.065,17.117,17.174,17.233,17.296,17.36,17.423,17.483,17.538,17.585,17.624,17.654,17.676,17.688,17.692,17.691,17.688,17.685,17.687,17.692,17.678,17.655,17.647,17.639,17.625,17.596,17.565,17.542,17.527,17.52,17.526,17.536,17.539,17.541,17.57,17.578,17.504,17.422,17.379,17.308,17.191,16.982,16.56
17.026,17.027,17.027,17.027,17.026,17.026,17.025,17.022,17.016,16.999,16.971,16.959,16.957,16.951,16.948,16.944,16.942,16.94,16.94,16.94,16.941,16.942,16.942,16.941,16.94,16.94,16.942,16.947,16.959,16.979,17.009,17.047,17.093,17.145,17.201,17.261,17.324,17.388,17.45,17.508,17.559,17.603,17.637,17.664,17.682,17.692,17.697,17.699,17.701,17.704,17.712,17.722,17.692,17.644,17.637,17.638,17.639,17.66,17.66,17.614,17.56,17.508,17.455,17.416,17.398,17.393,17.408,17.457,17.479,17.412,17.375,17.389,17.331,17.204,16.99,16.589
17.037,17.037,17.037,17.037,17.037,17.036,17.035,17.032,17.026,17.01,16.981,16.971,16.969,16.963,16.96,16.957,16.955,16.955,16.955,16.956,16.958,16.958,16.958,16.958,16.958,16.96,16.967,16.979,17,17.03,17.069,17.115,17.166,17.221,17.281,17.344,17.409,17.471,17.527,17.576,17.615,17.647,17.67,17.686,17.696,17.702,17.707,17.715,17.726,17.738,17.761,17.708,17.601,17.58,17.629,17.576,17.579,17.597,17.663,17.657,17.569,17.491,17.4,17.339,17.31,17.297,17.301,17.302,17.288,17.266,17.329,17.369,17.315,17.191,16.987,16.616
17.047,17.047,17.047,17.047,17.047,17.046,17.045,17.042,17.036,17.02,16.991,16.981,16.98,16.975,16.972,16.97,16.969,16.969,16.971,16.973,16.974,16.974,16.974,16.974,16.977,16.984,16.997,17.018,17.048,17.085,17.13,17.18,17.235,17.295,17.359,17.424,17.487,17.542,17.588,17.626,17.654,17.675,17.69,17.7,17.709,17.718,17.731,17.749,17.76,17.771,17.749,17.673,17.573,17.535,17.584,17.5,17.568,17.552,17.593,17.645,17.543,17.424,17.31,17.269,17.253,17.237,17.214,17.129,17.122,17.211,17.322,17.347,17.287,17.169,16.977,16.636
17.057,17.057,17.057,17.057,17.057,17.056,17.055,17.053,17.046,17.03,17,16.99,16.99,16.985,16.983,16.982,16.982,16.984,16.986,16.988,16.988,16.988,16.989,16.991,16.998,17.011,17.031,17.06,17.096,17.139,17.187,17.242,17.302,17.367,17.434,17.497,17.553,17.599,17.635,17.662,17.682,17.697,17.71,17.721,17.732,17.747,17.769,17.781,17.782,17.778,17.692,17.601,17.553,17.576,17.526,17.422,17.516,17.561,17.548,17.516,17.411,17.304,17.283,17.284,17.237,17.19,17.151,17.045,17.071,17.193,17.298,17.307,17.252,17.144,16.963,16.646
17.067,17.068,17.068,17.068,17.067,17.067,17.065,17.063,17.056,17.039,17.009,16.998,16.999,16.995,16.994,16.994,16.995,16.998,17,17.001,17.001,17.002,17.004,17.01,17.022,17.041,17.067,17.101,17.142,17.188,17.242,17.302,17.368,17.436,17.501,17.558,17.606,17.642,17.67,17.69,17.706,17.721,17.733,17.747,17.762,17.779,17.799,17.796,17.801,17.752,17.59,17.491,17.292,17.487,17.447,17.354,17.378,17.435,17.415,17.312,17.273,17.313,17.332,17.295,17.242,17.185,17.134,17.051,16.984,17.124,17.199,17.237,17.206,17.117,16.942,16.644
17.078,17.078,17.078,17.078,17.077,17.077,17.075,17.073,17.066,17.049,17.017,17.005,17.007,17.004,17.004,17.006,17.008,17.011,17.013,17.013,17.014,17.015,17.02,17.031,17.048,17.072,17.102,17.14,17.183,17.234,17.293,17.359,17.429,17.497,17.557,17.607,17.646,17.676,17.698,17.716,17.733,17.746,17.759,17.774,17.789,17.8,17.808,17.803,17.784,17.682,17.464,17.376,17.298,17.494,17.395,17.316,17.294,17.298,17.284,17.298,17.337,17.338,17.294,17.256,17.242,17.208,17.141,17.06,16.935,17.012,17.08,17.144,17.143,17.079,16.911,16.632
17.088,17.088,17.088,17.088,17.088,17.087,17.085,17.083,17.076,17.058,17.025,17.012,17.016,17.013,17.015,17.017,17.02,17.022,17.024,17.024,17.026,17.029,17.038,17.052,17.073,17.101,17.134,17.175,17.222,17.278,17.342,17.412,17.482,17.547,17.602,17.645,17.678,17.704,17.724,17.741,17.758,17.771,17.787,17.799,17.804,17.814,17.79,17.765,17.727,17.623,17.428,17.388,17.515,17.492,17.352,17.282,17.307,17.334,17.311,17.27,17.227,17.183,17.146,17.117,17.151,17.188,17.181,17.117,17.041,16.984,17.003,17.028,17.051,17.017,16.87,16.615
17.098,17.099,17.099,17.098,17.098,17.097,17.095,17.092,17.086,17.068,17.033,17.02,17.024,17.023,17.025,17.028,17.03,17.032,17.033,17.034,17.037,17.043,17.055,17.073,17.097,17.127,17.164,17.207,17.258,17.318,17.387,17.458,17.527,17.587,17.636,17.675,17.704,17.728,17.748,17.767,17.782,17.796,17.792,17.788,17.776,17.777,17.754,17.754,17.697,17.528,17.397,17.182,17.412,17.395,17.27,17.21,17.237,17.242,17.189,17.078,16.994,16.903,16.834,16.843,16.902,17.02,17.146,17.203,17.19,17.143,17.128,16.85,16.919,16.924,16.804,16.578
17.109,17.109,17.109,17.109,17.108,17.107,17.106,17.102,17.095,17.077,17.041,17.027,17.033,17.032,17.035,17.037,17.039,17.041,17.042,17.043,17.048,17.057,17.072,17.093,17.12,17.152,17.191,17.237,17.292,17.356,17.426,17.498,17.563,17.619,17.664,17.698,17.726,17.748,17.768,17.789,17.807,17.795,17.756,17.7,17.714,17.73,17.749,17.686,17.51,17.382,17.313,17.247,17.37,17.295,17.172,17.147,17.13,17.063,16.891,16.768,16.655,16.572,16.537,16.62,16.681,16.774,16.885,17.071,17.267,17.252,17.137,17.037,16.781,16.814,16.71,16.502
17.119,17.119,17.119,17.119,17.119,17.118,17.116,17.112,17.105,17.086,17.05,17.035,17.041,17.041,17.043,17.046,17.047,17.048,17.049,17.052,17.058,17.07,17.088,17.111,17.141,17.176,17.217,17.265,17.323,17.389,17.46,17.53,17.592,17.644,17.686,17.718,17.744,17.765,17.785,17.802,17.789,17.718,17.642,17.609,17.652,17.651,17.642,17.495,17.331,17.254,17.208,17.258,17.278,17.188,17.098,17.053,16.959,16.767,16.592,16.504,16.497,16.468,16.446,16.542,16.613,16.685,16.607,16.625,17.01,17.491,17.185,17.192,16.862,16.737,16.626,16.418
17.129,17.13,17.13,17.129,17.129,17.128,17.126,17.123,17.115,17.096,17.058,17.043,17.049,17.05,17.052,17.053,17.054,17.055,17.056,17.061,17.069,17.083,17.104,17.13,17.162,17.198,17.241,17.292,17.352,17.419,17.49,17.557,17.616,17.665,17.703,17.734,17.759,17.779,17.795,17.788,17.703,17.583,17.515,17.514,17.505,17.486,17.455,17.32,17.176,17.1,17.114,17.106,17.122,17.079,17.052,16.949,16.734,16.503,16.387,16.428,16.53,16.445,16.428,16.516,16.612,16.648,16.484,16.225,16.431,17.219,17.428,17.17,17.03,16.734,16.594,16.385
17.14,17.14,17.14,17.14,17.139,17.138,17.136,17.133,17.125,17.105,17.067,17.05,17.057,17.058,17.059,17.061,17.061,17.062,17.065,17.07,17.081,17.098,17.12,17.149,17.182,17.22,17.264,17.317,17.378,17.445,17.514,17.58,17.636,17.681,17.718,17.746,17.77,17.788,17.807,17.78,17.653,17.494,17.362,17.37,17.323,17.33,17.326,17.216,17.123,17.11,16.938,16.908,16.89,16.892,16.898,16.782,16.543,16.346,16.331,16.499,16.532,16.453,16.447,16.492,16.611,16.63,16.446,16.098,16.154,16.87,17.551,17.198,17.068,16.82,16.63,16.43
17.15,17.15,17.15,17.15,17.15,17.149,17.147,17.143,17.135,17.115,17.075,17.057,17.065,17.066,17.067,17.068,17.068,17.07,17.074,17.081,17.094,17.113,17.138,17.167,17.201,17.24,17.285,17.339,17.4,17.467,17.535,17.598,17.651,17.694,17.729,17.756,17.779,17.799,17.821,17.772,17.6,17.403,17.261,17.227,17.199,17.223,17.211,17.128,17.063,16.985,16.796,16.767,16.773,16.813,16.742,16.609,16.428,16.305,16.352,16.495,16.528,16.502,16.461,16.439,16.548,16.636,16.53,16.219,16.239,16.714,17.212,17.216,17.001,16.842,16.684,16.52
17.16,17.161,17.161,17.161,17.161,17.16,17.158,17.154,17.146,17.125,17.084,17.064,17.073,17.074,17.075,17.076,17.077,17.079,17.084,17.094,17.108,17.129,17.155,17.185,17.22,17.259,17.305,17.359,17.42,17.487,17.553,17.613,17.663,17.705,17.736,17.763,17.786,17.811,17.822,17.734,17.532,17.33,17.194,17.103,17.112,17.106,17.08,16.998,16.893,16.764,16.766,16.779,16.791,16.757,16.688,16.592,16.4,16.224,16.289,16.391,16.473,16.497,16.46,16.402,16.462,16.6,16.603,16.391,16.353,16.76,17.14,17.126,16.918,16.798,16.694,16.586
17.171,17.171,17.172,17.172,17.172,17.171,17.169,17.165,17.156,17.136,17.094,17.07,17.08,17.082,17.082,17.084,17.086,17.089,17.096,17.107,17.124,17.146,17.173,17.204,17.239,17.277,17.323,17.377,17.438,17.503,17.568,17.625,17.672,17.712,17.74,17.766,17.787,17.813,17.822,17.703,17.473,17.255,17.084,17.044,17.054,17.004,16.971,16.9,16.781,16.662,16.658,16.665,16.71,16.694,16.708,16.526,16.222,16.077,16.192,16.276,16.324,16.396,16.426,16.387,16.391,16.518,16.617,16.544,16.365,16.566,16.913,17.01,16.889,16.763,16.673,16.591
17.182,17.183,17.183,17.183,17.183,17.182,17.18,17.176,17.168,17.147,17.104,17.077,17.087,17.09,17.091,17.093,17.095,17.1,17.108,17.121,17.14,17.164,17.191,17.223,17.257,17.295,17.341,17.394,17.454,17.518,17.58,17.634,17.679,17.715,17.743,17.768,17.79,17.805,17.825,17.721,17.468,17.222,16.987,17.053,17.002,16.945,16.903,16.873,16.786,16.727,16.635,16.596,16.596,16.577,16.529,16.435,16.318,16.327,16.347,16.299,16.249,16.287,16.366,16.392,16.382,16.452,16.575,16.623,16.475,16.402,16.679,16.919,16.907,16.757,16.644,16.573
17.194,17.194,17.194,17.194,17.194,17.193,17.191,17.187,17.179,17.159,17.115,17.084,17.094,17.098,17.099,17.102,17.106,17.112,17.122,17.136,17.157,17.182,17.21,17.241,17.275,17.313,17.358,17.41,17.469,17.531,17.589,17.64,17.683,17.717,17.746,17.771,17.796,17.806,17.835,17.752,17.541,17.299,17.112,17.049,16.948,16.897,16.88,16.873,16.833,16.76,16.698,16.667,16.646,16.628,16.616,16.587,16.573,16.592,16.623,16.591,16.484,16.42,16.463,16.542,16.542,16.503,16.537,16.614,16.589,16.446,16.449,16.748,16.877,16.799,16.657,16.55
17.205,17.205,17.205,17.206,17.206,17.205,17.203,17.199,17.192,17.172,17.127,17.092,17.101,17.107,17.109,17.113,17.118,17.125,17.136,17.153,17.175,17.2,17.229,17.26,17.293,17.331,17.374,17.426,17.483,17.542,17.598,17.645,17.685,17.715,17.743,17.766,17.792,17.806,17.843,17.789,17.631,17.456,17.327,17.112,16.961,16.853,16.856,16.857,16.832,16.803,16.784,16.803,16.873,16.903,16.932,16.963,17.018,17.098,17.163,17.161,17.07,16.964,16.937,16.986,16.992,16.837,16.655,16.592,16.593,16.553,16.437,16.42,16.687,16.844,16.728,16.567
17.216,17.217,17.217,17.217,17.217,17.217,17.215,17.211,17.204,17.186,17.141,17.101,17.108,17.118,17.12,17.125,17.131,17.139,17.152,17.171,17.194,17.22,17.249,17.28,17.313,17.349,17.392,17.441,17.496,17.552,17.604,17.648,17.686,17.716,17.744,17.766,17.787,17.804,17.836,17.828,17.717,17.614,17.476,17.223,17.027,16.859,16.807,16.802,16.837,16.883,16.921,17.073,17.248,17.378,17.465,17.532,17.595,17.652,17.689,17.694,17.671,17.636,17.609,17.594,17.572,17.439,17.115,16.786,16.624,16.57,16.537,16.472,16.448,16.599,16.784,16.764
17.228,17.228,17.228,17.228,17.229,17.229,17.227,17.224,17.217,17.2,17.155,17.111,17.117,17.129,17.133,17.138,17.146,17.156,17.17,17.19,17.214,17.241,17.271,17.301,17.333,17.369,17.41,17.457,17.51,17.562,17.609,17.65,17.684,17.71,17.735,17.762,17.787,17.804,17.828,17.837,17.8,17.724,17.547,17.296,17.047,16.907,16.77,16.812,16.902,16.946,17.145,17.387,17.577,17.686,17.745,17.794,17.843,17.886,17.916,17.933,17.944,17.95,17.946,17.93,17.913,17.874,17.706,17.343,16.944,16.698,16.583,16.552,16.482,16.479,16.575,16.701
17.239,17.24,17.24,17.24,17.241,17.241,17.24,17.237,17.23,17.214,17.171,17.124,17.127,17.142,17.147,17.153,17.162,17.173,17.19,17.21,17.235,17.264,17.293,17.323,17.354,17.389,17.428,17.474,17.523,17.571,17.617,17.653,17.681,17.708,17.734,17.76,17.792,17.821,17.838,17.84,17.839,17.749,17.55,17.311,17.044,16.93,16.803,16.869,17.021,17.221,17.506,17.668,17.673,17.635,17.623,17.654,17.719,17.792,17.851,17.888,17.907,17.917,17.923,17.928,17.936,17.957,17.953,17.836,17.549,17.178,16.857,16.673,16.555,16.464,16.417,16.443
17.252,17.251,17.251,17.252,17.253,17.253,17.252,17.249,17.244,17.229,17.189,17.138,17.139,17.155,17.162,17.168,17.179,17.193,17.211,17.232,17.259,17.287,17.316,17.345,17.376,17.409,17.447,17.491,17.535,17.582,17.623,17.654,17.698,17.732,17.738,17.751,17.78,17.815,17.836,17.843,17.825,17.708,17.524,17.287,17.032,16.896,16.859,16.984,17.174,17.527,17.68,17.572,17.453,17.42,17.453,17.528,17.63,17.727,17.796,17.833,17.846,17.849,17.854,17.861,17.87,17.888,17.92,17.945,17.904,17.727,17.456,17.156,16.854,16.624,16.457,16.376
17.262,17.263,17.263,17.264,17.265,17.265,17.264,17.262,17.257,17.244,17.208,17.155,17.151,17.168,17.177,17.184,17.197,17.212,17.232,17.255,17.282,17.311,17.339,17.367,17.397,17.429,17.466,17.507,17.55,17.596,17.622,17.658,17.783,17.849,17.809,17.76,17.751,17.782,17.818,17.833,17.793,17.663,17.483,17.241,16.977,16.867,16.921,17.158,17.521,17.673,17.493,17.333,17.34,17.444,17.56,17.663,17.754,17.818,17.845,17.835,17.807,17.781,17.771,17.785,17.81,17.831,17.848,17.871,17.899,17.901,17.826,17.636,17.38,17.039,16.682,16.471
17.274,17.274,17.274,17.275,17.276,17.277,17.276,17.274,17.27,17.259,17.227,17.173,17.165,17.182,17.193,17.2,17.216,17.232,17.253,17.278,17.306,17.334,17.361,17.389,17.418,17.448,17.486,17.52,17.568,17.606,17.629,17.69,17.868,17.911,17.844,17.77,17.742,17.767,17.807,17.82,17.783,17.636,17.413,17.142,16.924,16.904,17.116,17.46,17.645,17.489,17.289,17.318,17.49,17.668,17.782,17.843,17.869,17.855,17.792,17.691,17.593,17.525,17.503,17.54,17.616,17.707,17.782,17.823,17.843,17.878,17.911,17.877,17.715,17.442,17.071,16.68
17.285,17.284,17.285,17.286,17.287,17.289,17.288,17.286,17.283,17.274,17.247,17.192,17.179,17.196,17.21,17.217,17.234,17.253,17.275,17.301,17.328,17.356,17.383,17.41,17.439,17.467,17.505,17.535,17.586,17.616,17.652,17.759,17.899,17.874,17.792,17.764,17.763,17.776,17.806,17.816,17.78,17.638,17.365,17.044,16.931,16.994,17.254,17.516,17.493,17.277,17.291,17.501,17.721,17.847,17.887,17.877,17.822,17.702,17.52,17.333,17.198,17.115,17.094,17.141,17.236,17.385,17.564,17.719,17.795,17.82,17.854,17.905,17.902,17.749,17.435,17.007
17.294,17.295,17.295,17.295,17.297,17.299,17.299,17.298,17.295,17.288,17.267,17.211,17.194,17.21,17.227,17.235,17.253,17.273,17.296,17.323,17.35,17.378,17.404,17.43,17.457,17.486,17.521,17.551,17.599,17.631,17.671,17.782,17.877,17.855,17.793,17.746,17.838,17.849,17.82,17.81,17.748,17.63,17.342,17.026,16.941,17.035,17.259,17.392,17.269,17.247,17.462,17.721,17.865,17.894,17.862,17.782,17.624,17.387,17.147,16.982,16.883,16.822,16.817,16.854,16.909,17.015,17.197,17.441,17.662,17.773,17.807,17.814,17.861,17.878,17.689,17.322
17.303,17.304,17.304,17.305,17.306,17.308,17.31,17.309,17.307,17.302,17.286,17.232,17.21,17.224,17.244,17.253,17.272,17.293,17.318,17.344,17.372,17.398,17.423,17.449,17.475,17.503,17.533,17.566,17.607,17.645,17.681,17.759,17.849,17.848,17.79,17.76,17.833,17.896,17.854,17.801,17.714,17.585,17.336,17.071,16.965,17.005,17.143,17.192,17.179,17.382,17.674,17.853,17.887,17.842,17.749,17.571,17.313,17.071,16.93,16.862,16.796,16.727,16.719,16.754,16.785,16.835,16.931,17.116,17.399,17.654,17.792,17.814,17.772,17.81,17.8,17.567
17.313,17.313,17.313,17.314,17.314,17.316,17.318,17.319,17.319,17.316,17.306,17.252,17.227,17.24,17.262,17.272,17.292,17.313,17.338,17.364,17.392,17.417,17.441,17.466,17.49,17.517,17.545,17.579,17.617,17.66,17.694,17.742,17.793,17.852,17.816,17.774,17.789,17.865,17.876,17.784,17.711,17.552,17.369,17.163,17.023,16.983,17.036,17.097,17.271,17.583,17.815,17.879,17.834,17.731,17.538,17.282,17.076,16.997,16.99,16.954,16.84,16.694,16.642,16.675,16.718,16.772,16.856,16.953,17.149,17.45,17.71,17.843,17.798,17.754,17.801,17.715
17.322,17.322,17.322,17.322,17.323,17.324,17.326,17.328,17.328,17.329,17.324,17.273,17.246,17.256,17.28,17.291,17.311,17.333,17.358,17.383,17.41,17.434,17.456,17.479,17.502,17.529,17.558,17.592,17.63,17.674,17.711,17.746,17.767,17.785,17.819,17.806,17.791,17.828,17.867,17.789,17.725,17.573,17.409,17.221,17.063,16.997,17.04,17.179,17.457,17.742,17.865,17.841,17.733,17.524,17.276,17.123,17.106,17.154,17.168,17.087,16.873,16.647,16.555,16.593,16.657,16.709,16.817,16.946,17.063,17.289,17.587,17.826,17.846,17.742,17.764,17.765
17.331,17.331,17.331,17.331,17.331,17.331,17.332,17.335,17.337,17.34,17.342,17.295,17.265,17.272,17.298,17.31,17.33,17.351,17.376,17.401,17.425,17.446,17.467,17.49,17.514,17.539,17.567,17.602,17.64,17.684,17.725,17.756,17.774,17.78,17.788,17.797,17.801,17.806,17.839,17.815,17.747,17.65,17.475,17.283,17.124,17.071,17.163,17.357,17.633,17.83,17.856,17.753,17.536,17.302,17.22,17.28,17.333,17.34,17.279,17.103,16.8,16.548,16.47,16.542,16.643,16.705,16.796,16.963,17.111,17.278,17.53,17.807,17.892,17.77,17.723,17.772
17.34,17.339,17.339,17.339,17.339,17.338,17.339,17.341,17.344,17.35,17.358,17.316,17.285,17.288,17.315,17.328,17.348,17.369,17.392,17.415,17.435,17.456,17.478,17.5,17.521,17.543,17.573,17.61,17.65,17.697,17.748,17.791,17.819,17.828,17.822,17.806,17.795,17.804,17.818,17.81,17.752,17.681,17.526,17.35,17.218,17.233,17.35,17.534,17.754,17.86,17.793,17.592,17.369,17.322,17.487,17.53,17.498,17.398,17.228,16.944,16.612,16.405,16.397,16.525,16.662,16.766,16.863,17,17.184,17.362,17.576,17.825,17.924,17.788,17.692,17.747
17.347,17.346,17.346,17.347,17.347,17.346,17.346,17.348,17.351,17.358,17.372,17.336,17.304,17.304,17.331,17.346,17.365,17.384,17.405,17.425,17.446,17.466,17.486,17.504,17.524,17.548,17.582,17.624,17.671,17.728,17.791,17.84,17.865,17.868,17.856,17.83,17.801,17.788,17.797,17.798,17.764,17.707,17.6,17.47,17.409,17.448,17.518,17.668,17.832,17.841,17.68,17.453,17.366,17.545,17.642,17.531,17.413,17.244,17.002,16.683,16.401,16.28,16.367,16.553,16.72,16.856,16.98,17.114,17.284,17.449,17.6,17.636,17.724,17.74,17.669,17.716
17.353,17.353,17.353,17.354,17.354,17.354,17.354,17.355,17.358,17.366,17.384,17.353,17.322,17.319,17.346,17.362,17.38,17.397,17.417,17.436,17.455,17.473,17.489,17.506,17.529,17.56,17.599,17.646,17.702,17.766,17.82,17.849,17.858,17.86,17.855,17.84,17.815,17.793,17.788,17.788,17.773,17.753,17.707,17.644,17.614,17.589,17.626,17.771,17.863,17.774,17.561,17.406,17.509,17.661,17.597,17.447,17.238,17.029,16.764,16.473,16.238,16.208,16.388,16.628,16.818,16.978,17.138,17.303,17.443,17.54,17.503,17.554,17.6,17.626,17.654,17.695
17.359,17.359,17.359,17.36,17.361,17.361,17.361,17.362,17.365,17.373,17.393,17.369,17.339,17.334,17.361,17.377,17.394,17.41,17.428,17.445,17.462,17.476,17.491,17.512,17.544,17.58,17.616,17.661,17.721,17.778,17.812,17.825,17.833,17.842,17.845,17.836,17.82,17.803,17.795,17.79,17.779,17.765,17.748,17.72,17.675,17.64,17.719,17.846,17.844,17.683,17.481,17.453,17.617,17.648,17.635,17.538,17.233,16.985,16.679,16.348,16.122,16.186,16.453,16.73,16.931,17.122,17.322,17.499,17.645,17.705,17.698,17.687,17.68,17.676,17.672,17.686
17.365,17.364,17.364,17.366,17.367,17.368,17.368,17.369,17.372,17.38,17.401,17.383,17.357,17.349,17.374,17.391,17.407,17.422,17.437,17.452,17.465,17.478,17.498,17.53,17.564,17.591,17.619,17.662,17.719,17.766,17.789,17.803,17.821,17.835,17.838,17.828,17.812,17.799,17.789,17.779,17.766,17.752,17.737,17.71,17.682,17.711,17.816,17.876,17.791,17.594,17.452,17.547,17.633,17.665,17.727,17.701,17.422,17.106,16.687,16.247,16.031,16.208,16.543,16.828,17.049,17.271,17.493,17.653,17.775,17.842,17.835,17.794,17.751,17.72,17.692,17.686
