17.065,17.042,16.985,16.921,16.87,16.846,16.808,16.719,16.635,16.513,16.332,16.259,16.349,16.509,16.69,16.5,16.023,15.735,15.617,15.603,15.641,15.677,15.694,15.672,15.608,15.557,15.599,15.537,14.407,13.158,13.083,12.983,13.193
17.022,17.059,17.047,17.001,16.947,16.881,16.764,16.66,16.56,16.336,16.151,16.199,16.375,16.523,16.71,16.67,16.231,15.894,15.759,15.715,15.706,15.712,15.703,15.648,15.567,15.546,15.614,15.399,14.131,13.02,12.937,12.748,12.883
16.88,16.941,16.968,16.94,16.859,16.736,16.636,16.582,16.353,16.05,16.054,16.204,16.415,16.578,16.742,16.759,16.367,15.968,15.826,15.786,15.768,15.748,15.691,15.611,15.54,15.562,15.649,15.299,13.984,12.945,12.828,12.637,12.723
16.744,16.755,16.752,16.721,16.674,16.637,16.594,16.303,15.875,15.829,15.984,16.109,16.345,16.605,16.777,16.823,16.482,16.001,15.798,15.771,15.759,15.708,15.64,15.586,15.557,15.616,15.699,15.227,13.902,12.892,12.745,12.596,12.736
16.715,16.695,16.724,16.713,16.566,16.337,16.085,15.716,15.516,15.53,15.643,15.858,16.182,16.581,16.804,16.875,16.569,16.016,15.731,15.684,15.669,15.635,15.622,15.634,15.642,15.684,15.711,15.148,13.808,12.844,12.649,12.615,12.767
16.744,16.666,16.39,16.112,15.918,15.728,15.483,15.226,15.121,15.085,15.2,15.497,15.966,16.522,16.826,16.919,16.613,16.03,15.7,15.654,15.676,15.701,15.743,15.765,15.741,15.742,15.664,14.803,13.426,12.729,12.579,12.744,12.788
16.334,16.126,15.738,15.45,15.303,15.158,14.978,14.889,14.939,14.995,15.014,15.202,15.702,16.432,16.841,16.933,16.618,16.071,15.833,15.854,15.896,15.902,15.862,15.73,15.629,15.639,15.558,14.405,13.137,13.004,12.91,13.023,13.169
15.708,15.567,15.325,15.091,14.886,14.677,14.554,14.63,14.884,15.153,15.219,15.175,15.484,16.327,16.841,16.918,16.575,16.139,16.071,16.102,16.033,15.768,15.549,15.288,15.364,15.451,15.286,14.173,13.47,13.598,13.595,13.45,13.446
15.513,15.306,15.084,14.845,14.567,14.403,14.434,14.653,15.06,15.469,15.601,15.416,15.469,16.262,16.81,16.831,16.491,16.253,16.284,16.063,15.546,15.108,14.869,14.706,15.107,15.229,14.955,14.305,14.139,14.111,14.083,14.009,13.896
15.732,15.363,14.922,14.593,14.383,14.45,14.694,15.07,15.561,16.02,16.104,15.742,15.633,16.313,16.806,16.766,16.53,16.424,16.028,15.112,14.54,14.373,14.422,14.488,14.887,15.046,14.653,14.179,13.643,13.294,13.394,13.443,13.324
15.689,15.336,14.846,14.452,14.397,14.756,15.247,15.752,16.25,16.568,16.439,15.886,15.855,16.525,16.777,16.564,16.225,15.936,15.53,14.428,13.996,14.026,14.189,14.321,14.66,14.889,14.43,13.731,12.669,12.575,12.685,12.757,12.861
15.724,15.223,14.721,14.371,14.509,15.243,15.981,16.479,16.802,16.792,16.402,15.889,16.221,16.69,16.581,16.218,15.787,15.259,14.574,13.985,13.861,14.057,14.288,14.352,14.56,14.801,14.163,12.975,12.489,12.612,12.606,12.826,12.972
15.993,15.164,14.526,14.352,14.685,15.781,16.577,16.947,16.979,16.674,16.223,16.102,16.563,16.64,16.309,15.784,15.071,14.426,14.243,14.127,13.986,14.149,14.414,14.414,14.582,14.727,13.728,12.361,12.303,12.3,12.135,12.156,12.212
16.225,15.118,14.399,14.43,14.844,16.102,16.866,17.05,16.893,16.517,16.269,16.48,16.709,16.434,15.796,15.026,14.32,14.329,14.534,14.497,14.353,14.439,14.504,14.516,14.675,14.628,13.571,12.786,12.362,12.122,12.035,11.942,11.835
15.995,14.781,14.359,14.566,14.909,16.138,16.911,16.972,16.77,16.505,16.492,16.662,16.524,15.959,15.137,14.359,14.098,14.57,14.74,14.839,14.611,14.582,14.554,14.595,14.698,14.585,13.973,13.865,13.454,12.913,12.133,11.924,11.86
15.213,14.214,14.385,14.815,15.023,16.051,16.858,16.852,16.703,16.579,16.604,16.497,15.953,15.079,14.248,13.933,14.19,14.234,14.493,14.874,14.977,14.898,14.897,14.913,14.928,14.789,14.51,14.329,13.592,12.671,12.204,11.996,0
14.441,14.033,14.585,15.192,15.307,16.057,16.815,16.772,16.672,16.608,16.539,16.246,15.676,15.046,14.463,14.372,14.115,14.343,14.35,14.285,14.628,14.564,14.54,14.418,14.182,13.834,13.416,13.149,12.646,12.234,0,0,0
13.891,14.212,15.049,15.676,15.631,16.205,16.799,16.704,16.628,16.55,16.395,16.114,15.823,15.657,15.499,15.604,15.154,15.12,15.413,13.968,13.445,13.705,13.542,13.35,13.001,12.783,0,0,0,0,0,0,0
13.916,14.622,15.639,16.059,15.876,16.45,16.755,16.626,16.546,16.43,16.264,16.09,16.061,16.135,16.183,16.354,16.097,16.15,16.06,14.245,13.213,13.213,13.082,12.943,12.899,12.755,0,0,0,0,0,0,0
14.3,15.312,16.18,16.236,16.125,16.634,16.682,16.551,16.477,16.357,16.22,16.103,16.159,16.391,16.302,16.602,16.226,15.717,15.111,13.584,13.122,13.062,12.94,12.78,12.829,0,0,0,0,0,0,0,0
14.833,15.885,16.396,16.36,16.521,16.72,16.629,16.525,16.448,16.331,16.206,16.162,16.385,16.244,15.483,15.136,14.46,13.95,13.654,12.993,12.92,12.85,12.769,12.625,0,0,0,0,0,0,0,0,0
15.354,16.132,16.432,16.512,16.605,16.597,16.479,16.447,16.422,16.377,16.369,16.627,16.257,15.21,14.058,13.39,13.002,12.882,12.825,12.684,12.617,12.624,12.664,0,0,0,0,0,0,0,0,0,0
15.46,16.055,16.429,16.504,16.545,16.568,16.572,16.616,16.611,16.513,16.353,15.848,14.854,13.835,13.043,12.876,12.923,12.945,12.966,0,0,0,0,0,0,0,0,0,0,0,0,0,0
15.207,15.881,16.435,16.604,16.521,16.428,16.311,16.098,15.811,15.483,14.995,14.286,13.544,13.149,13.145,0,0,0,0,0,0,0,0,0,0,0,0,0,0,0,0,0,0
14.584,15.04,15.338,15.3,15.167,15.075,14.904,14.62,14.285,13.93,13.521,13.171,13.031,0,0,0,0,0,0,0,0,0,0,0,0,0,0,0,0,0,0,0,0
13.694,13.874,14.014,13.926,13.85,13.824,13.745,13.6,13.474,13.391,13.302,12.95,0,0,0,0,0,0,0,0,0,0,0,0,0,0,0,0,0,0,0,0,0
13.97,13.809,13.741,13.8,13.786,13.693,13.631,13.581,13.575,13.719,13.769,0,0,0,0,0,0,0,0,0,0,0,0,0,0,0,0,0,0,0,0,0,0
13.914,14.122,14.158,14.106,14.057,13.995,13.87,13.608,13.516,13.623,13.63,0,0,0,0,0,0,0,0,0,0,0,0,0,0,0,0,0,0,0,0,0,0
13.763,13.95,13.679,13.678,13.87,13.936,13.89,13.494,13.2,13.226,13.393,0,0,0,0,0,0,0,0,0,0,0,0,0,0,0,0,0,0,0,0,0,0
14.323,13.563,0,0,0,0,0,13.059,12.762,12.823,13.091,0,0,0,0,0,0,0,0,0,0,0,0,0,0,0,0,0,0,0,0,0,0
14.322,0,0,0,0,0,0,0,0,0,0,0,0,0,0,0,0,0,0,0,0,0,0,0,0,0,0,0,0,0,0,0,0
0,0,0,0,0,0,0,0,0,0,0,0,0,0,0,0,0,0,0,0,0,0,0,0,0,0,0,0,0,0,0,0,0
0,0,0,0,0,0,0,0,0,0,0,0,0,0,0,0,0,0,0,0,0,0,0,0,0,0,0,0,0,0,0,0,0
