14.222,14.302,14.348,14.321,14.249,14.242,14.445,14.166,13.246,12.78,12.673,12.598,12.704,12.942,13.368,13.923,14.435,14.673,14.585,14.372,14.144,14.002,14.157,14.32,14.269,13.957,13.699,13.364,13.084,12.804,12.564,12.518,12.577
14.18,14.22,14.292,14.277,14.23,14.315,14.469,13.943,13.015,12.634,12.503,12.452,12.496,12.616,12.907,13.363,13.899,14.351,14.53,14.426,14.272,14.218,14.276,14.267,14.051,13.795,13.473,13.103,12.776,12.549,12.497,12.628,12.537
14.19,14.196,14.263,14.263,14.245,14.378,14.438,13.773,12.879,12.549,12.446,12.446,12.447,12.465,12.604,12.9,13.311,13.746,14.102,14.299,14.332,14.284,14.158,13.889,13.662,13.372,13.038,12.739,12.537,12.493,12.578,12.589,12.564
14.197,14.174,14.243,14.261,14.251,14.394,14.391,13.682,12.82,12.514,12.446,12.499,12.495,12.45,12.454,12.588,12.845,13.164,13.457,13.657,13.729,13.678,13.528,13.307,13.088,12.844,12.632,12.51,12.494,12.549,12.564,12.579,12.58
14.204,14.162,14.22,14.251,14.241,14.37,14.348,13.674,12.829,12.508,12.45,12.524,12.551,12.513,12.443,12.441,12.518,12.674,12.844,12.968,13.015,12.98,12.885,12.76,12.64,12.55,12.516,12.527,12.528,12.51,12.519,12.539,12.559
14.188,14.15,14.202,14.248,14.231,14.332,14.308,13.733,12.909,12.529,12.444,12.507,12.555,12.581,12.5,12.466,12.446,12.467,12.518,12.563,12.591,12.592,12.571,12.541,12.515,12.49,12.452,12.388,12.306,12.244,12.245,12.282,12.375
14.158,14.137,14.17,14.239,14.222,14.296,14.272,13.826,13.055,12.594,12.446,12.469,12.521,12.633,12.539,12.498,12.488,12.476,12.491,12.509,12.516,12.509,12.493,12.466,12.425,12.364,12.286,12.203,12.14,12.118,12.077,12.034,12.116
14.099,14.121,14.131,14.217,14.214,14.264,14.248,13.918,13.24,12.713,12.481,12.447,12.46,12.639,12.647,12.513,12.494,12.467,12.438,12.427,12.414,12.399,12.374,12.343,12.31,12.284,12.274,12.288,12.315,12.361,12.357,12.328,12.342
14.046,14.099,14.096,14.171,14.199,14.232,14.242,13.995,13.427,12.876,12.56,12.459,12.433,12.556,12.715,12.669,12.536,12.536,12.497,12.483,12.444,12.423,12.407,12.408,12.414,12.431,12.462,12.51,12.562,12.575,12.481,12.48,12.594
14.024,14.08,14.08,14.127,14.179,14.204,14.244,14.061,13.591,13.053,12.675,12.506,12.439,12.514,12.678,12.742,12.688,12.659,12.632,12.69,12.705,12.699,12.685,12.685,12.697,12.712,12.718,12.725,12.722,12.616,12.446,12.622,12.809
14.043,14.078,14.078,14.092,14.154,14.184,14.242,14.123,13.727,13.217,12.803,12.576,12.468,12.5,12.705,12.827,12.827,12.805,12.869,12.876,12.871,12.878,12.882,12.877,12.87,12.883,12.9,12.901,12.835,12.606,12.499,12.72,12.867
14.076,14.09,14.088,14.063,14.112,14.161,14.229,14.169,13.836,13.354,12.922,12.652,12.505,12.51,12.782,12.929,12.94,12.899,12.804,12.742,12.731,12.752,12.785,12.795,12.789,12.836,12.93,12.988,12.896,12.606,12.538,12.58,12.647
14.102,14.101,14.099,14.038,14.065,14.131,14.208,14.194,13.915,13.457,13.018,12.717,12.535,12.54,12.84,12.961,12.885,12.716,12.636,12.625,12.64,12.664,12.694,12.704,12.709,12.799,12.912,12.89,12.557,12.436,12.488,12.386,12.359
14.114,14.098,14.087,13.998,14.009,14.089,14.181,14.2,13.963,13.523,13.084,12.762,12.551,12.576,12.855,12.912,12.741,12.611,12.607,12.642,12.669,12.688,12.686,12.679,12.736,12.866,12.778,12.231,12.153,12.124,12.25,12.28,12.11
14.12,14.079,14.041,13.959,13.96,14.059,14.157,14.2,13.987,13.555,13.119,12.781,12.553,12.601,12.817,12.805,12.648,12.594,12.645,12.683,12.688,12.681,12.626,12.673,12.823,12.752,12.152,12.065,12.28,12.202,12.213,12.231,11.975
14.231,14.125,14.054,13.991,13.964,14.051,14.142,14.204,13.99,13.553,13.123,12.773,12.549,12.625,12.751,12.693,12.598,12.621,12.699,12.69,12.665,12.595,12.514,12.76,12.726,12.358,11.882,12.048,12.16,12.176,12.076,12.038,0
14.25,14.263,14.177,14.095,14.013,14.056,14.13,14.204,13.98,13.529,13.109,12.748,12.548,12.619,12.673,12.612,12.599,12.695,12.734,12.634,12.6,12.405,12.41,12.775,12.408,11.994,11.76,11.652,11.672,11.931,0,0,0
13.955,14.17,14.264,14.191,14.081,14.077,14.122,14.185,13.963,13.504,13.09,12.72,12.556,12.595,12.597,12.583,12.686,12.776,12.672,12.487,12.512,12.094,12.189,12.714,12.402,11.866,0,0,0,0,0,0,0
13.65,13.882,14.083,14.21,14.172,14.125,14.13,14.157,13.951,13.477,13.069,12.7,12.576,12.582,12.583,12.664,12.825,12.729,12.437,12.276,12.483,12.076,11.703,12.148,12.318,11.518,0,0,0,0,0,0,0
13.439,13.714,13.913,14.05,14.163,14.151,14.135,14.136,13.936,13.464,13.059,12.705,12.617,12.613,12.664,12.821,12.863,12.411,12.112,12.125,12.229,11.903,11.637,11.745,12.042,0,0,0,0,0,0,0,0
13.242,13.521,13.833,13.976,14.049,14.106,14.119,14.114,13.913,13.463,13.058,12.741,12.682,12.691,12.8,12.914,12.661,12.085,11.997,12.01,11.986,11.772,11.566,11.539,0,0,0,0,0,0,0,0,0
13.186,13.279,13.64,13.94,14.025,14.068,14.094,14.059,13.847,13.428,13.042,12.795,12.743,12.797,12.906,12.857,12.4,11.933,11.946,11.842,11.843,11.79,11.752,0,0,0,0,0,0,0,0,0,0
13.353,13.161,13.342,13.721,13.974,14.016,14.009,13.925,13.698,13.342,13.015,12.835,12.808,12.909,12.907,12.697,12.317,12.181,12.108,0,0,0,0,0,0,0,0,0,0,0,0,0,0
13.615,13.294,13.163,13.361,13.692,13.816,13.776,13.664,13.451,13.181,12.957,12.877,12.912,12.996,12.771,0,0,0,0,0,0,0,0,0,0,0,0,0,0,0,0,0,0
13.71,13.55,13.28,13.117,13.264,13.453,13.411,13.312,13.158,13.014,12.934,12.966,13.008,0,0,0,0,0,0,0,0,0,0,0,0,0,0,0,0,0,0,0,0
13.685,13.583,13.564,13.183,12.988,13.159,13.098,13.033,12.947,12.94,13.051,13.008,0,0,0,0,0,0,0,0,0,0,0,0,0,0,0,0,0,0,0,0,0
13.634,13.629,13.64,13.295,12.867,13.005,12.952,12.883,12.838,12.828,12.998,0,0,0,0,0,0,0,0,0,0,0,0,0,0,0,0,0,0,0,0,0,0
13.553,13.768,13.829,13.4,13.058,13.073,13.069,13.027,12.801,12.827,12.876,0,0,0,0,0,0,0,0,0,0,0,0,0,0,0,0,0,0,0,0,0,0
13.404,13.397,13.282,13.184,13.125,13.061,12.936,12.716,12.641,12.81,12.753,0,0,0,0,0,0,0,0,0,0,0,0,0,0,0,0,0,0,0,0,0,0
13.129,12.988,0,0,0,0,0,12.529,12.642,12.693,12.721,0,0,0,0,0,0,0,0,0,0,0,0,0,0,0,0,0,0,0,0,0,0
13.051,0,0,0,0,0,0,0,0,0,0,0,0,0,0,0,0,0,0,0,0,0,0,0,0,0,0,0,0,0,0,0,0
0,0,0,0,0,0,0,0,0,0,0,0,0,0,0,0,0,0,0,0,0,0,0,0,0,0,0,0,0,0,0,0,0
0,0,0,0,0,0,0,0,0,0,0,0,0,0,0,0,0,0,0,0,0,0,0,0,0,0,0,0,0,0,0,0,0
