18.331,18.258,18.159,18.048,17.976,18.008,18.002,17.475,16.618,16.409,17.005,17.632,17.817,17.776,17.725,17.698,17.674,17.654,17.642,17.648,17.676,17.706,17.712,17.708,17.716,17.735,17.153,15.698,15.365,15.644,15.659,15.609,15.496
18.445,18.393,18.31,18.187,18.019,17.896,17.968,18.018,17.312,16.372,16.355,17.054,17.618,17.796,17.779,17.735,17.711,17.694,17.685,17.688,17.699,17.708,17.707,17.717,17.747,17.562,16.657,15.509,15.538,15.687,15.732,15.74,15.674
18.483,18.464,18.406,18.324,18.184,17.957,17.808,17.974,18.072,17.065,16.138,16.296,17,17.536,17.758,17.783,17.748,17.725,17.715,17.711,17.711,17.716,17.731,17.752,17.665,17.128,16.107,15.471,15.773,15.948,15.869,15.621,15.641
18.47,18.493,18.447,18.381,18.299,18.118,17.847,17.731,18.084,18.109,16.785,15.948,16.173,16.815,17.343,17.662,17.78,17.784,17.77,17.763,17.764,17.772,17.772,17.682,17.299,16.484,15.69,15.624,16.007,15.918,15.39,15.04,15.218
18.474,18.513,18.475,18.405,18.344,18.211,17.968,17.71,17.738,18.346,18.045,16.615,15.857,15.998,16.462,16.936,17.351,17.599,17.699,17.73,17.731,17.697,17.578,17.247,16.592,15.849,15.577,15.904,16.093,15.621,14.888,14.726,14.972
18.529,18.537,18.486,18.414,18.364,18.254,18.022,17.792,17.617,17.883,18.578,18.043,16.646,15.843,15.827,16.018,16.334,16.702,16.992,17.178,17.258,17.198,16.936,16.436,15.839,15.524,15.724,16.084,15.912,15.207,14.649,14.576,14.621
18.568,18.542,18.472,18.404,18.367,18.263,18.044,17.805,17.671,17.674,18.19,18.649,18.059,16.543,15.874,15.729,15.673,15.759,15.957,16.159,16.278,16.232,15.987,15.632,15.393,15.516,15.875,15.969,15.522,14.859,14.643,14.688,14.567
18.552,18.501,18.428,18.385,18.36,18.241,18.023,17.818,17.682,17.728,17.907,18.482,18.608,17.71,16.315,15.936,15.748,15.522,15.401,15.354,15.319,15.267,15.168,15.084,15.163,15.425,15.659,15.571,15.124,14.738,14.862,15.15,15.221
18.48,18.43,18.382,18.372,18.34,18.18,17.98,17.837,17.73,17.764,17.959,18.239,18.682,18.053,16.814,16.126,15.974,15.902,15.76,15.638,15.51,15.343,15.178,15.034,14.952,15.005,15.088,15.021,14.831,14.888,15.166,15.525,15.864
18.403,18.373,18.359,18.362,18.28,18.07,17.948,17.897,17.806,17.816,18.013,18.263,18.607,18.309,17.315,16.293,15.898,15.894,15.953,16.034,16.135,16.095,15.952,15.813,15.638,15.489,15.386,15.313,15.384,15.596,15.777,15.87,16.157
18.349,18.35,18.351,18.316,18.138,17.934,17.991,17.993,17.862,17.871,18.086,18.323,18.54,18.567,17.917,16.747,16.126,15.829,15.743,16.053,16.838,16.87,16.315,16.124,16.094,16.182,16.256,16.273,16.271,16.304,16.289,16.278,16.369
18.342,18.344,18.296,18.157,17.897,17.878,18.142,18.11,17.917,17.93,18.176,18.419,18.548,18.537,17.282,16.407,16.328,16.176,15.959,16.189,17.195,17.687,16.803,16.196,15.982,16.262,16.574,16.701,16.697,16.635,16.557,16.496,16.62
18.344,18.256,18.082,17.838,17.665,18.1,18.407,18.209,17.961,18.015,18.266,18.494,18.586,18.373,16.994,16.89,17.076,16.521,16.584,17.242,18.124,18.087,16.932,15.827,15.92,16.552,17.127,17.276,17.181,17.005,16.907,16.899,17.039
18.182,17.948,17.689,17.5,17.725,18.297,18.488,18.259,17.993,18.158,18.388,18.536,18.663,18.483,17.589,17.565,17.527,17.435,17.743,18.157,18.551,18.402,16.934,15.603,15.862,16.518,17.265,17.38,17.261,17.268,17.297,16.856,16.353
17.787,17.548,17.383,17.501,17.945,18.402,18.496,18.268,18.079,18.273,18.491,18.557,18.699,18.643,18.245,17.912,17.935,18.229,18.53,18.509,18.622,18.781,17.125,15.952,15.953,16.205,16.961,17.235,17.199,16.987,16.648,16.177,15.975
17.526,17.5,17.504,17.692,18.107,18.461,18.47,18.256,18.168,18.308,18.539,18.611,18.634,18.427,18.252,18.431,18.565,18.633,18.589,18.552,18.749,18.986,17.32,15.764,15.569,15.643,16.196,16.487,16.433,16.19,15.934,15.922,0
17.752,17.683,17.627,17.82,18.237,18.505,18.408,18.237,18.242,18.427,18.592,18.594,18.501,18.428,18.625,18.359,18.371,18.372,18.272,18.149,18.511,18.946,17.433,15.941,15.859,15.4,15.619,15.864,15.902,16.074,0,0,0
18.019,17.873,17.767,18.023,18.401,18.479,18.316,18.31,18.359,18.448,18.702,18.749,18.691,18.311,17.896,17.874,18.155,18.326,18.245,18.125,18.499,18.99,17.244,15.918,16.343,15.973,0,0,0,0,0,0,0
18.114,17.997,18.053,18.341,18.498,18.363,18.352,18.372,18.425,18.629,18.912,18.771,18.46,17.948,17.606,17.797,18.162,18.599,18.836,19.023,18.803,18.253,16.565,16.147,16.535,16.441,0,0,0,0,0,0,0
18.249,18.308,18.419,18.437,18.382,18.406,18.46,18.439,18.606,18.796,18.645,18.177,17.721,17.679,17.753,17.671,17.911,18.365,18.542,18.423,18.059,17.281,16.326,16.667,16.951,0,0,0,0,0,0,0,0
18.383,18.394,18.391,18.423,18.505,18.561,18.583,18.594,18.733,18.62,18.133,17.555,17.392,17.652,17.749,17.471,17.372,17.478,17.527,17.393,17.094,16.743,16.846,17.286,0,0,0,0,0,0,0,0,0
18.371,18.397,18.436,18.49,18.55,18.589,18.6,18.644,18.728,18.462,17.885,17.443,17.477,17.647,17.72,17.707,17.406,17.303,17.469,17.217,17.079,16.933,17.238,0,0,0,0,0,0,0,0,0,0
18.592,18.618,18.633,18.64,18.635,18.627,18.592,18.566,18.602,18.429,17.924,17.641,17.635,17.685,17.399,17.676,17.686,17.675,17.842,0,0,0,0,0,0,0,0,0,0,0,0,0,0
18.557,18.569,18.616,18.741,18.728,18.627,18.519,18.437,18.383,18.329,17.996,17.746,17.744,17.58,17.643,0,0,0,0,0,0,0,0,0,0,0,0,0,0,0,0,0,0
18.011,18.063,18.263,18.422,18.732,18.791,18.657,18.524,18.323,18.168,17.968,17.709,17.726,0,0,0,0,0,0,0,0,0,0,0,0,0,0,0,0,0,0,0,0
17.461,17.573,17.947,18.346,18.437,18.659,18.718,18.825,18.615,18.095,17.884,17.79,0,0,0,0,0,0,0,0,0,0,0,0,0,0,0,0,0,0,0,0,0
17.604,17.263,17.398,18.126,18.193,18.287,18.417,18.599,18.713,18.218,17.838,0,0,0,0,0,0,0,0,0,0,0,0,0,0,0,0,0,0,0,0,0,0
17.406,17.291,16.938,17.842,18.097,18.132,18.217,18.545,18.65,18.137,17.868,0,0,0,0,0,0,0,0,0,0,0,0,0,0,0,0,0,0,0,0,0,0
16.55,16.417,16.963,17.629,17.891,17.948,17.987,18.167,18.303,17.802,17.699,0,0,0,0,0,0,0,0,0,0,0,0,0,0,0,0,0,0,0,0,0,0
15.963,16.132,0,0,0,0,0,17.959,17.907,17.849,17.963,0,0,0,0,0,0,0,0,0,0,0,0,0,0,0,0,0,0,0,0,0,0
16.546,0,0,0,0,0,0,0,0,0,0,0,0,0,0,0,0,0,0,0,0,0,0,0,0,0,0,0,0,0,0,0,0
0,0,0,0,0,0,0,0,0,0,0,0,0,0,0,0,0,0,0,0,0,0,0,0,0,0,0,0,0,0,0,0,0
0,0,0,0,0,0,0,0,0,0,0,0,0,0,0,0,0,0,0,0,0,0,0,0,0,0,0,0,0,0,0,0,0
