16.875,16.947,17.007,17.051,17.069,17.051,17.003,16.962,16.955,17.001,17.08,17.188,17.321,16.431,16.171,16.338,16.276,16.237,16.187,16.14,16.133,16.217,16.327,16.367,16.342,16.283,16.145,16.117,16.208,15.936,15.13,14.4,14.121
16.72,16.778,16.83,16.87,16.89,16.889,16.882,16.885,16.918,16.98,17.07,17.142,17.301,16.923,16.173,16.218,16.268,16.221,16.186,16.157,16.175,16.26,16.338,16.358,16.312,16.202,16.054,16.075,16.009,15.46,14.643,14.188,14.094
16.681,16.697,16.724,16.75,16.774,16.797,16.824,16.863,16.925,17.005,17.09,17.154,17.238,17.278,16.614,16.146,16.226,16.229,16.205,16.198,16.231,16.296,16.329,16.293,16.154,16.031,15.977,15.908,15.464,14.851,14.338,14.024,14.074
16.783,16.761,16.757,16.768,16.791,16.825,16.867,16.923,16.999,17.078,17.145,17.19,17.221,17.357,17.022,16.333,16.11,16.205,16.239,16.254,16.284,16.303,16.262,16.126,15.983,15.998,15.852,15.403,14.684,14.491,14.135,13.834,14.032
16.938,16.904,16.887,16.888,16.907,16.934,16.97,17.026,17.095,17.153,17.2,17.233,17.247,17.345,17.23,16.617,16.141,16.069,16.134,16.189,16.228,16.216,16.131,15.995,15.986,15.98,15.418,14.641,14.474,14.37,13.882,13.661,13.984
17.025,16.987,16.97,16.97,16.987,17.024,17.072,17.113,17.127,17.142,17.188,17.241,17.28,17.345,17.288,16.818,16.337,16.117,16.049,16.057,16.077,16.068,16.015,15.966,16.043,15.711,14.896,14.67,14.5,14.166,13.628,13.507,13.91
16.988,16.972,16.976,17.007,17.094,17.148,17.086,16.911,16.825,16.896,17.044,17.173,17.286,17.357,17.293,16.923,16.559,16.38,16.253,16.163,16.108,16.071,16.034,16.038,16.045,15.451,14.65,14.774,14.462,14.1,13.469,13.368,13.679
17.059,17.12,17.134,17.029,16.809,16.595,16.489,16.415,16.465,16.572,16.771,16.943,17.177,17.327,17.271,16.966,16.744,16.66,16.528,16.36,16.24,16.181,16.018,15.838,15.77,15.202,14.757,14.825,14.568,14.158,13.551,13.358,13.348
16.937,16.853,16.638,16.406,16.275,16.26,16.325,16.386,16.437,16.433,16.478,16.649,17.063,17.292,17.239,16.978,16.816,16.78,16.674,16.53,16.447,16.359,16.119,15.679,15.357,14.932,14.799,14.876,14.704,14.296,13.761,13.459,13.114
16.306,16.228,16.165,16.157,16.196,16.273,16.405,16.528,16.653,16.643,16.474,16.542,17.076,17.284,17.179,16.928,16.8,16.787,16.727,16.643,16.515,16.232,15.985,15.829,15.375,14.803,14.667,14.862,14.838,14.485,13.894,13.492,12.935
16.143,16.216,16.284,16.265,16.22,16.271,16.462,16.646,16.724,16.799,16.609,16.585,17.089,17.239,17.045,16.822,16.75,16.659,16.483,16.226,15.826,15.341,15.111,15.304,15.433,14.974,14.829,14.937,14.797,14.534,13.988,13.569,12.85
16.61,16.685,16.599,16.338,16.174,16.282,16.558,16.834,16.956,16.947,16.734,16.641,17.073,17.139,16.884,16.735,16.719,16.619,16.304,15.745,15.13,14.719,14.609,14.727,15.198,15.096,15.128,14.928,14.49,14.371,14.078,13.661,12.799
17.071,16.947,16.463,16.102,16.091,16.374,16.757,17.046,17.158,17.146,16.877,16.684,17.019,17.02,16.736,16.616,16.597,16.486,16.124,15.339,14.55,14.488,14.594,14.667,14.996,15.176,14.818,14.207,14.149,14.354,14.16,13.667,12.762
17.088,16.51,15.978,15.907,16.112,16.556,17.048,17.333,17.371,17.271,16.982,16.712,16.947,16.906,16.623,16.497,16.426,16.122,15.505,14.786,14.382,14.54,14.73,14.829,14.842,14.491,13.94,14.026,14.167,14.143,13.834,13.18,12.486
16.413,15.806,15.752,15.866,16.065,16.642,17.272,17.505,17.502,17.343,16.989,16.691,16.863,16.792,16.497,16.419,16.404,15.943,15.136,14.544,14.371,14.551,14.74,14.589,14.214,13.739,13.603,13.7,13.639,13.437,13.059,12.559,12.374
15.675,15.622,15.686,15.674,15.854,16.535,17.298,17.494,17.502,17.344,16.944,16.659,16.776,16.67,16.437,16.386,16.418,16.104,15.206,14.613,14.185,14.274,14.385,14.138,13.668,13.3,13.194,13.074,12.888,12.664,12.451,12.243,0
15.489,15.519,15.447,15.404,15.563,16.21,17.094,17.377,17.368,17.278,16.917,16.634,16.66,16.592,16.402,16.345,16.426,16.297,15.502,14.775,13.96,13.713,13.686,13.537,13.234,13.006,12.872,12.75,12.621,12.56,0,0,0
15.328,15.259,15.223,15.189,15.268,15.82,16.743,17.221,17.163,17.115,16.861,16.612,16.565,16.494,16.35,16.343,16.508,16.462,15.841,15.018,13.959,13.574,13.36,13.183,13.056,12.927,0,0,0,0,0,0,0
15.033,14.966,14.986,15.034,15.111,15.519,16.344,17.003,17.023,16.946,16.798,16.606,16.541,16.477,16.423,16.472,16.738,16.641,16.038,14.893,13.709,13.481,13.302,13.094,12.958,12.873,0,0,0,0,0,0,0
14.687,14.592,14.647,14.847,15.022,15.277,15.962,16.683,16.862,16.821,16.755,16.677,16.711,16.834,16.767,16.66,16.649,16.436,15.545,14.105,13.38,13.33,13.102,12.864,12.8,0,0,0,0,0,0,0,0
14.377,14.21,14.232,14.555,14.918,15.082,15.545,16.192,16.513,16.585,16.57,16.427,16.186,15.953,15.848,15.896,15.865,15.366,14.293,13.395,13.143,13.007,12.836,12.797,0,0,0,0,0,0,0,0,0
14.242,13.982,13.97,14.304,14.773,14.959,15.059,15.497,15.672,15.495,15.246,14.881,14.5,14.35,14.439,14.48,14.314,13.719,13.202,12.93,12.91,12.856,12.959,0,0,0,0,0,0,0,0,0,0
14.089,13.819,13.96,14.315,14.673,15.012,14.694,14.731,14.841,14.349,13.879,13.512,13.311,13.221,13.203,13.216,13.11,12.889,12.713,0,0,0,0,0,0,0,0,0,0,0,0,0,0
13.998,13.693,13.903,14.367,14.749,15.001,14.826,14.366,14.278,13.909,13.476,13.218,13.053,12.971,13.042,0,0,0,0,0,0,0,0,0,0,0,0,0,0,0,0,0,0
14.021,13.565,13.715,14.262,14.767,15.003,14.932,14.495,14.159,13.92,13.558,13.11,12.973,0,0,0,0,0,0,0,0,0,0,0,0,0,0,0,0,0,0,0,0
14.044,13.412,13.508,14.063,14.579,14.819,14.748,14.482,14.164,13.841,13.335,13,0,0,0,0,0,0,0,0,0,0,0,0,0,0,0,0,0,0,0,0,0
14.043,13.259,13.303,13.779,14.164,14.314,14.261,14.141,14.013,13.764,13.327,0,0,0,0,0,0,0,0,0,0,0,0,0,0,0,0,0,0,0,0,0,0
14.072,13.086,13.04,13.353,13.532,13.549,13.53,13.55,13.609,13.4,13.197,0,0,0,0,0,0,0,0,0,0,0,0,0,0,0,0,0,0,0,0,0,0
14.072,12.77,12.747,12.917,13.016,13.05,13.075,13.124,13.1,12.746,12.578,0,0,0,0,0,0,0,0,0,0,0,0,0,0,0,0,0,0,0,0,0,0
14.007,13.039,0,0,0,0,0,13.025,12.783,12.688,12.669,0,0,0,0,0,0,0,0,0,0,0,0,0,0,0,0,0,0,0,0,0,0
13.922,0,0,0,0,0,0,0,0,0,0,0,0,0,0,0,0,0,0,0,0,0,0,0,0,0,0,0,0,0,0,0,0
0,0,0,0,0,0,0,0,0,0,0,0,0,0,0,0,0,0,0,0,0,0,0,0,0,0,0,0,0,0,0,0,0
0,0,0,0,0,0,0,0,0,0,0,0,0,0,0,0,0,0,0,0,0,0,0,0,0,0,0,0,0,0,0,0,0
