14.411,14.373,14.343,14.32,14.314,14.309,14.349,14.244,13.752,12.997,12.323,12.292,12.384,12.364,12.354,12.425,12.562,12.708,12.835,12.936,12.998,13.017,12.988,12.897,12.734,12.51,12.273,12.105,12.068,12.091,12.111,12.154,12.232
14.349,14.399,14.406,14.392,14.368,14.324,14.344,14.278,13.854,13.13,12.356,12.293,12.418,12.42,12.366,12.336,12.387,12.48,12.565,12.631,12.662,12.643,12.572,12.454,12.305,12.162,12.07,12.045,12.046,12.045,12.082,12.132,12.202
13.997,14.133,14.222,14.326,14.399,14.367,14.361,14.318,13.98,13.343,12.492,12.271,12.399,12.451,12.434,12.363,12.313,12.331,12.359,12.367,12.355,12.316,12.248,12.164,12.088,12.041,12.025,12.024,12.042,12.063,12.086,12.1,12.157
13.658,13.709,13.874,14.062,14.258,14.352,14.388,14.368,14.107,13.592,12.749,12.29,12.328,12.414,12.465,12.449,12.362,12.312,12.308,12.288,12.251,12.204,12.151,12.102,12.068,12.057,12.065,12.09,12.124,12.148,12.152,12.109,12.121
13.679,13.614,13.686,13.814,13.961,14.191,14.366,14.424,14.234,13.839,13.088,12.46,12.255,12.33,12.421,12.487,12.457,12.376,12.355,12.349,12.336,12.317,12.295,12.27,12.247,12.235,12.229,12.245,12.274,12.293,12.29,12.199,12.128
13.506,13.505,13.524,13.647,13.812,13.945,14.221,14.432,14.354,14.064,13.45,12.76,12.347,12.259,12.342,12.446,12.5,12.455,12.421,12.417,12.411,12.406,12.401,12.387,12.361,12.35,12.345,12.353,12.37,12.386,12.405,12.391,12.236
13.363,13.348,13.363,13.455,13.659,13.822,13.988,14.314,14.411,14.248,13.78,13.119,12.574,12.309,12.284,12.373,12.47,12.479,12.441,12.451,12.463,12.473,12.47,12.438,12.348,12.279,12.314,12.358,12.388,12.413,12.462,12.5,12.44
13.494,13.382,13.319,13.342,13.508,13.722,13.844,14.09,14.344,14.346,14.036,13.461,12.864,12.46,12.298,12.311,12.406,12.475,12.407,12.404,12.437,12.477,12.487,12.454,12.284,12.138,12.264,12.329,12.365,12.421,12.494,12.514,12.552
13.64,13.498,13.378,13.334,13.429,13.639,13.778,13.909,14.182,14.328,14.184,13.73,13.144,12.655,12.377,12.29,12.33,12.449,12.438,12.401,12.437,12.492,12.493,12.461,12.237,12.055,12.313,12.373,12.39,12.422,12.386,12.372,12.518
13.659,13.549,13.436,13.374,13.426,13.598,13.748,13.837,14.019,14.229,14.218,13.895,13.362,12.838,12.479,12.315,12.272,12.352,12.475,12.468,12.488,12.514,12.479,12.445,12.192,12.005,12.341,12.41,12.39,12.241,12.157,12.339,12.479
13.655,13.567,13.484,13.439,13.476,13.613,13.754,13.822,13.926,14.119,14.177,13.959,13.494,12.97,12.566,12.35,12.261,12.28,12.438,12.518,12.544,12.516,12.45,12.427,12.182,11.948,12.277,12.337,12.129,12.096,12.189,12.327,12.416
13.697,13.622,13.561,13.536,13.576,13.686,13.789,13.826,13.883,14.037,14.114,13.95,13.542,13.037,12.618,12.376,12.267,12.286,12.436,12.522,12.514,12.45,12.395,12.405,12.214,11.89,12.13,12.392,12.203,12.033,12.14,12.14,12.211
13.765,13.703,13.661,13.652,13.686,13.756,13.81,13.824,13.857,13.994,14.063,13.903,13.527,13.041,12.626,12.376,12.245,12.341,12.457,12.442,12.405,12.377,12.349,12.368,12.279,11.913,11.986,12.165,12.388,12.281,12.213,12.139,12.097
13.814,13.773,13.751,13.744,13.759,13.79,13.815,13.817,13.842,13.982,14.031,13.845,13.465,12.993,12.586,12.34,12.258,12.372,12.363,12.309,12.328,12.334,12.305,12.302,12.318,11.992,11.973,12.121,12.245,12.282,12.219,12.248,12.054
13.723,13.791,13.779,13.779,13.78,13.786,13.8,13.803,13.838,13.993,14.013,13.78,13.373,12.905,12.521,12.314,12.276,12.299,12.256,12.263,12.332,12.305,12.231,12.201,12.307,12.067,11.961,12.121,12.325,12.272,12.312,12.235,12.052
13.43,13.764,13.724,13.71,13.738,13.765,13.788,13.799,13.863,14.025,13.991,13.689,13.253,12.784,12.42,12.249,12.249,12.247,12.262,12.326,12.368,12.238,12.121,12.096,12.217,12.159,11.951,11.97,12.233,12.259,12.153,12.127,0
13.263,13.706,13.749,13.707,13.76,13.812,13.825,13.838,13.923,14.061,13.965,13.59,13.122,12.661,12.352,12.261,12.279,12.303,12.335,12.411,12.336,12.122,12.052,12.033,12.13,12.113,11.966,11.79,11.844,12.118,0,0,0
13.3,13.447,13.794,13.757,13.776,13.863,13.879,13.906,13.993,14.091,13.927,13.493,13.013,12.585,12.356,12.328,12.356,12.364,12.424,12.429,12.187,12.014,12.031,12.01,12.117,12.11,0,0,0,0,0,0,0
13.325,13.262,13.743,13.805,13.815,13.893,13.929,13.968,14.057,14.111,13.887,13.426,12.954,12.571,12.409,12.398,12.413,12.422,12.474,12.31,11.96,11.997,11.999,11.97,12.027,12.037,0,0,0,0,0,0,0
13.333,13.357,13.799,13.844,13.852,13.906,13.943,14.003,14.095,14.104,13.85,13.385,12.937,12.606,12.499,12.466,12.455,12.44,12.426,12.031,11.869,11.959,11.978,11.982,11.845,0,0,0,0,0,0,0,0
13.415,13.551,13.876,13.856,13.867,13.884,13.924,14.002,14.087,14.058,13.787,13.335,12.917,12.656,12.552,12.48,12.45,12.38,12.208,11.907,11.752,11.814,11.52,11.801,0,0,0,0,0,0,0,0,0
13.609,13.793,13.946,13.863,13.821,13.789,13.851,13.936,13.996,13.92,13.648,13.24,12.868,12.652,12.535,12.45,12.402,12.112,11.762,11.628,11.711,11.711,11.456,0,0,0,0,0,0,0,0,0,0
13.751,13.86,13.865,13.752,13.692,13.664,13.723,13.805,13.818,13.692,13.414,13.035,12.711,12.533,12.476,12.413,12.231,12.134,12.082,0,0,0,0,0,0,0,0,0,0,0,0,0,0
13.839,13.836,13.716,13.561,13.475,13.435,13.471,13.541,13.533,13.385,13.139,12.873,12.667,12.415,12.423,0,0,0,0,0,0,0,0,0,0,0,0,0,0,0,0,0,0
13.866,13.763,13.535,13.25,12.99,12.854,12.927,13.154,13.286,13.148,12.949,12.657,12.513,0,0,0,0,0,0,0,0,0,0,0,0,0,0,0,0,0,0,0,0
13.909,13.574,13.173,12.797,12.502,12.455,12.565,12.708,13.018,12.854,12.637,12.475,0,0,0,0,0,0,0,0,0,0,0,0,0,0,0,0,0,0,0,0,0
13.658,13.291,12.933,12.602,12.443,12.526,12.611,12.71,12.83,12.767,12.53,0,0,0,0,0,0,0,0,0,0,0,0,0,0,0,0,0,0,0,0,0,0
13.334,13.106,12.88,12.68,12.573,12.546,12.557,12.661,12.801,12.696,12.45,0,0,0,0,0,0,0,0,0,0,0,0,0,0,0,0,0,0,0,0,0,0
12.896,12.812,12.743,12.709,12.667,12.628,12.549,12.55,12.693,12.57,12.371,0,0,0,0,0,0,0,0,0,0,0,0,0,0,0,0,0,0,0,0,0,0
12.749,12.717,0,0,0,0,0,12.463,12.52,12.508,12.379,0,0,0,0,0,0,0,0,0,0,0,0,0,0,0,0,0,0,0,0,0,0
12.846,0,0,0,0,0,0,0,0,0,0,0,0,0,0,0,0,0,0,0,0,0,0,0,0,0,0,0,0,0,0,0,0
0,0,0,0,0,0,0,0,0,0,0,0,0,0,0,0,0,0,0,0,0,0,0,0,0,0,0,0,0,0,0,0,0
0,0,0,0,0,0,0,0,0,0,0,0,0,0,0,0,0,0,0,0,0,0,0,0,0,0,0,0,0,0,0,0,0
