14.142,14.087,13.994,13.883,13.781,13.701,13.696,13.79,13.464,12.403,12.397,12.493,12.375,12.253,12.081,11.909,11.793,11.783,11.838,11.865,11.878,11.909,11.975,12.051,12.069,11.928,11.58,11.254,11.286,11.655,12.123,12.577,12.955
14.085,14.03,13.946,13.854,13.765,13.69,13.656,13.741,13.739,12.652,12.233,12.333,12.196,12.042,11.882,11.79,11.776,11.817,11.846,11.85,11.869,11.891,11.959,12.045,12.126,12.127,11.885,11.429,11.144,11.27,11.595,11.941,12.299
13.885,13.884,13.843,13.785,13.722,13.656,13.607,13.635,13.849,13.125,12.284,12.217,12.082,11.908,11.786,11.715,11.724,11.764,11.81,11.845,11.861,11.872,11.915,11.978,12.074,12.2,12.184,11.818,11.292,11.116,11.28,11.484,11.678
13.709,13.718,13.744,13.757,13.751,13.71,13.636,13.569,13.763,13.577,12.672,12.157,12.165,11.884,11.757,11.678,11.676,11.704,11.744,11.801,11.858,11.867,11.878,11.899,11.955,12.116,12.3,12.239,11.732,11.211,11.164,11.315,11.425
13.271,13.276,13.356,13.484,13.617,13.721,13.726,13.629,13.628,13.775,13.2,12.335,12.172,12.048,11.895,11.811,11.803,11.844,11.873,11.883,11.881,11.885,11.86,11.851,11.856,11.981,12.229,12.425,12.281,11.635,11.195,11.235,11.365
13.141,13.108,13.101,13.191,13.32,13.491,13.68,13.719,13.613,13.758,13.597,12.774,12.194,12.12,12.043,11.984,11.958,11.952,11.925,11.911,11.904,11.91,11.87,11.853,11.819,11.928,12.177,12.409,12.534,12.283,11.605,11.289,11.31
13.135,13.157,13.169,13.175,13.161,13.213,13.436,13.684,13.667,13.689,13.775,13.236,12.47,12.11,12.044,12.012,11.983,11.914,11.898,11.9,11.909,11.921,11.88,11.851,11.822,11.995,12.265,12.479,12.576,12.566,12.241,11.885,11.53
13.087,13.121,13.143,13.156,13.181,13.183,13.225,13.496,13.671,13.659,13.796,13.564,12.859,12.248,12.006,11.962,11.919,11.875,11.914,11.927,11.927,11.91,11.852,11.846,11.933,12.2,12.454,12.625,12.703,12.687,12.442,11.99,11.721
13.14,13.191,13.22,13.202,13.173,13.185,13.197,13.329,13.608,13.652,13.755,13.733,13.196,12.474,12.016,11.915,11.871,11.875,11.925,11.913,11.891,11.866,11.869,11.946,12.215,12.49,12.654,12.748,12.809,12.781,12.604,12.277,12.057
13.167,13.21,13.273,13.297,13.238,13.186,13.187,13.289,13.555,13.659,13.715,13.793,13.422,12.683,12.069,11.899,11.856,11.885,11.899,11.888,11.888,11.904,11.964,12.198,12.543,12.683,12.702,12.764,12.836,12.832,12.683,12.405,12.191
13.202,13.172,13.228,13.318,13.321,13.241,13.203,13.287,13.517,13.67,13.698,13.801,13.541,12.808,12.107,11.892,11.856,11.89,11.897,11.896,11.895,11.905,12.049,12.514,12.758,12.622,12.552,12.676,12.81,12.813,12.652,12.435,12.254
13.322,13.176,13.14,13.243,13.33,13.312,13.274,13.321,13.509,13.69,13.699,13.793,13.578,12.824,12.088,11.868,11.865,11.899,11.896,11.881,11.86,11.926,12.277,12.83,12.723,12.318,12.367,12.613,12.765,12.732,12.584,12.407,12.161
13.471,13.274,13.095,13.141,13.271,13.328,13.359,13.42,13.568,13.711,13.71,13.782,13.532,12.729,12.012,11.846,11.882,11.907,11.891,11.862,11.869,12.094,12.546,13.019,12.454,12.065,12.344,12.596,12.69,12.606,12.416,12.154,11.914
13.535,13.419,13.126,13.088,13.22,13.301,13.383,13.498,13.619,13.721,13.733,13.756,13.399,12.544,11.911,11.839,11.899,11.911,11.879,11.838,11.977,12.344,12.811,13.093,12.164,12.046,12.376,12.471,12.361,12.127,11.948,11.889,11.803
13.524,13.527,13.202,13.104,13.239,13.294,13.362,13.522,13.656,13.735,13.757,13.683,13.186,12.307,11.829,11.851,11.91,11.907,11.854,11.892,12.22,12.674,13.057,13.06,11.985,12.086,12.262,12.241,12.081,11.864,11.731,11.699,11.686
13.493,13.569,13.276,13.161,13.331,13.366,13.363,13.522,13.693,13.765,13.755,13.536,12.893,12.083,11.787,11.854,11.892,11.862,11.879,12.165,12.642,13.021,13.229,12.836,11.85,12.093,12.074,11.977,11.84,11.744,11.695,11.669,0
13.459,13.571,13.314,13.218,13.431,13.49,13.44,13.554,13.734,13.787,13.696,13.34,12.619,11.933,11.747,11.804,11.822,11.918,12.225,12.7,13.111,13.238,13.209,12.409,11.841,12.008,11.916,11.881,11.835,11.791,0,0,0
13.424,13.548,13.319,13.256,13.494,13.597,13.541,13.603,13.759,13.78,13.605,13.178,12.484,11.92,11.787,11.857,12.071,12.427,12.87,13.24,13.302,13.119,12.984,12.67,11.902,11.86,0,0,0,0,0,0,0
13.402,13.519,13.319,13.273,13.515,13.666,13.637,13.648,13.757,13.757,13.554,13.151,12.581,12.16,12.131,12.374,12.728,13.088,13.363,13.371,13.003,12.655,12.464,12.2,11.568,11.705,0,0,0,0,0,0,0
13.393,13.485,13.318,13.273,13.483,13.675,13.708,13.682,13.736,13.736,13.556,13.244,12.851,12.622,12.749,13.046,13.295,13.426,13.356,12.887,12.195,12.276,12.155,11.733,11.395,0,0,0,0,0,0,0,0
13.391,13.47,13.334,13.247,13.381,13.589,13.726,13.741,13.727,13.722,13.595,13.4,13.198,13.1,13.362,13.403,13.375,13.227,12.602,12.088,11.869,12.025,11.935,11.68,0,0,0,0,0,0,0,0,0
13.392,13.476,13.343,13.232,13.294,13.464,13.637,13.718,13.731,13.714,13.66,13.582,13.528,13.495,13.766,13.104,12.756,12.576,12.005,11.788,11.756,11.779,11.905,0,0,0,0,0,0,0,0,0,0
13.382,13.486,13.426,13.286,13.238,13.378,13.589,13.697,13.722,13.713,13.62,13.399,13.197,13.057,12.792,12.471,12.501,12.366,12.183,0,0,0,0,0,0,0,0,0,0,0,0,0,0
13.285,13.268,13.179,12.992,12.93,13.064,13.286,13.498,13.593,13.475,13.168,12.913,12.739,12.556,12.462,0,0,0,0,0,0,0,0,0,0,0,0,0,0,0,0,0,0
13.091,12.853,12.608,12.571,12.688,12.908,13.133,13.282,13.292,13.113,12.784,12.533,12.437,0,0,0,0,0,0,0,0,0,0,0,0,0,0,0,0,0,0,0,0
13.187,13.221,12.864,12.6,12.6,12.675,12.762,12.875,12.863,12.7,12.507,12.387,0,0,0,0,0,0,0,0,0,0,0,0,0,0,0,0,0,0,0,0,0
13.131,13.342,13.164,12.997,12.725,12.55,12.503,12.618,12.771,12.619,12.492,0,0,0,0,0,0,0,0,0,0,0,0,0,0,0,0,0,0,0,0,0,0
13.104,13.433,13.273,12.899,12.627,12.473,12.531,12.68,12.753,12.68,12.524,0,0,0,0,0,0,0,0,0,0,0,0,0,0,0,0,0,0,0,0,0,0
13.083,12.935,12.613,12.478,12.427,12.432,12.497,12.591,12.748,12.593,12.523,0,0,0,0,0,0,0,0,0,0,0,0,0,0,0,0,0,0,0,0,0,0
12.779,12.638,0,0,0,0,0,12.403,12.503,12.447,12.447,0,0,0,0,0,0,0,0,0,0,0,0,0,0,0,0,0,0,0,0,0,0
12.56,0,0,0,0,0,0,0,0,0,0,0,0,0,0,0,0,0,0,0,0,0,0,0,0,0,0,0,0,0,0,0,0
0,0,0,0,0,0,0,0,0,0,0,0,0,0,0,0,0,0,0,0,0,0,0,0,0,0,0,0,0,0,0,0,0
0,0,0,0,0,0,0,0,0,0,0,0,0,0,0,0,0,0,0,0,0,0,0,0,0,0,0,0,0,0,0,0,0
