16.328,16.423,16.414,16.349,16.246,16.035,15.663,15.261,15.177,15.491,15.718,15.529,15.318,15.554,15.817,15.786,15.707,15.693,15.713,15.777,15.855,15.908,15.927,15.931,15.931,15.926,15.895,15.843,15.795,15.732,15.613,15.415,15.294
16.422,16.415,16.39,16.393,16.36,16.231,15.984,15.701,15.629,15.876,16.045,15.706,15.298,15.466,15.784,15.784,15.694,15.662,15.656,15.705,15.785,15.856,15.898,15.916,15.92,15.91,15.873,15.812,15.74,15.632,15.488,15.337,15.287
16.399,16.374,16.394,16.41,16.396,16.366,16.307,16.229,16.212,16.333,16.372,15.905,15.299,15.36,15.724,15.78,15.685,15.639,15.595,15.607,15.674,15.755,15.811,15.844,15.853,15.834,15.78,15.693,15.594,15.481,15.37,15.307,15.317
16.359,16.376,16.416,16.42,16.422,16.441,16.478,16.528,16.588,16.643,16.568,16.054,15.326,15.252,15.632,15.762,15.678,15.632,15.565,15.517,15.549,15.613,15.663,15.692,15.694,15.668,15.608,15.524,15.437,15.361,15.321,15.337,15.411
16.354,16.425,16.482,16.482,16.464,16.45,16.469,16.526,16.598,16.644,16.551,16.097,15.364,15.152,15.504,15.721,15.66,15.629,15.574,15.485,15.45,15.478,15.486,15.51,15.512,15.484,15.442,15.392,15.347,15.329,15.352,15.421,15.52
16.386,16.518,16.606,16.613,16.569,16.503,16.452,16.448,16.477,16.499,16.427,16.078,15.418,15.064,15.336,15.642,15.64,15.61,15.597,15.526,15.468,15.44,15.428,15.422,15.412,15.393,15.372,15.354,15.35,15.377,15.437,15.508,15.543
16.426,16.615,16.75,16.793,16.763,16.67,16.544,16.454,16.428,16.409,16.343,16.098,15.526,15.019,15.13,15.504,15.603,15.562,15.582,15.561,15.514,15.476,15.448,15.427,15.409,15.394,15.385,15.39,15.417,15.479,15.551,15.593,15.578
16.43,16.652,16.826,16.911,16.939,16.891,16.737,16.544,16.447,16.394,16.314,16.167,15.729,15.093,14.937,15.276,15.535,15.521,15.516,15.534,15.519,15.496,15.471,15.449,15.434,15.427,15.433,15.463,15.518,15.59,15.644,15.666,15.646
16.353,16.577,16.76,16.857,16.946,17.012,16.964,16.706,16.502,16.415,16.291,16.195,15.971,15.379,14.868,14.978,15.337,15.492,15.475,15.472,15.474,15.469,15.461,15.455,15.459,15.472,15.498,15.541,15.596,15.649,15.681,15.673,15.562
16.277,16.369,16.533,16.682,16.824,16.959,17.071,16.915,16.593,16.466,16.299,16.138,16.097,15.827,15.136,14.762,14.977,15.304,15.455,15.47,15.459,15.454,15.462,15.469,15.478,15.488,15.501,15.518,15.536,15.547,15.556,15.586,15.561
16.58,16.472,16.473,16.591,16.772,16.901,17.017,17.041,16.709,16.527,16.399,16.074,16.005,16.055,15.818,14.977,14.695,14.832,15.129,15.388,15.442,15.451,15.441,15.415,15.378,15.364,15.407,15.448,15.45,15.438,15.416,15.454,15.484
16.799,16.828,16.837,16.872,16.883,16.88,16.922,17.007,16.774,16.541,16.537,16.158,15.881,15.919,16.069,15.836,15.115,14.628,14.693,15.062,15.349,15.292,15.138,14.999,14.945,15.013,15.215,15.435,15.515,15.504,15.478,15.483,15.644
16.001,16.389,16.586,16.623,16.6,16.602,16.67,16.822,16.72,16.494,16.563,16.35,15.963,15.812,15.887,16.265,15.831,15.244,14.715,14.753,14.997,14.832,14.593,14.465,14.401,14.457,14.712,15.121,15.41,15.469,15.479,15.472,15.414
15.571,15.617,15.662,15.778,15.93,16.052,16.188,16.417,16.487,16.372,16.495,16.46,16.133,15.981,15.791,15.992,16.22,15.669,15.395,14.909,14.29,14.458,14.212,14.02,14.051,14.015,14.123,14.368,14.774,14.921,14.949,14.844,14.779
15.856,15.914,15.947,15.938,15.857,15.754,15.758,15.938,16.101,16.164,16.431,16.486,16.181,16.08,15.964,15.86,16.146,16.023,15.61,15.345,14.506,14.144,13.965,13.825,14.01,14.215,14.382,13.789,13.613,13.877,14.033,14.142,14.383
16.306,16.356,16.36,16.321,16.23,16.091,15.92,15.855,15.901,16.086,16.452,16.488,16.143,16.035,15.995,15.884,15.982,15.93,15.296,15.197,14.812,14.443,14.286,14.301,14.563,14.82,14.76,14.124,13.125,12.656,12.627,12.737,0
16.723,16.731,16.704,16.647,16.575,16.472,16.376,16.363,16.304,16.378,16.616,16.492,16.074,15.97,16.025,16.063,16.153,15.278,14.866,14.81,14.843,14.738,14.694,14.731,14.924,14.927,14.843,14.478,13.8,13.386,0,0,0
16.906,16.914,16.899,16.875,16.883,16.891,16.909,16.88,16.66,16.621,16.777,16.419,15.986,15.974,16.059,16.178,15.533,14.479,14.649,14.747,14.876,14.904,14.905,15.068,14.988,14.752,0,0,0,0,0,0,0
16.95,16.971,16.968,16.974,17.034,17.088,17.092,17.07,16.829,16.684,16.798,16.194,15.899,15.996,15.775,15.507,14.747,14.356,14.448,14.479,14.654,14.688,14.82,14.801,14.754,14.666,0,0,0,0,0,0,0
16.882,16.903,16.9,16.942,17.036,17.089,17.001,16.883,16.602,16.503,16.693,15.904,15.854,15.973,15.723,15.101,14.468,14.659,14.565,14.596,14.712,14.691,14.694,14.513,14.336,0,0,0,0,0,0,0,0
16.858,16.86,16.866,16.992,17.106,16.76,16.289,16.254,16.201,16.352,16.621,15.492,15.703,15.897,15.584,14.929,14.378,14.664,14.721,14.751,14.773,14.669,14.334,14.873,0,0,0,0,0,0,0,0,0
16.83,16.838,16.893,17.049,17.028,16.191,15.945,16.107,16.426,16.49,16.333,15.164,15.374,15.369,15.266,14.733,14.376,14.762,14.643,14.718,14.753,14.742,14.572,0,0,0,0,0,0,0,0,0,0
16.85,16.891,16.941,16.821,16.05,15.699,16.086,16.347,16.562,16.302,15.323,14.904,15.093,15.082,14.91,14.937,15.073,15.194,15.718,0,0,0,0,0,0,0,0,0,0,0,0,0,0
16.913,16.809,16.878,16.829,16.071,15.49,15.415,15.575,15.802,15.811,15.128,14.818,15.027,15.386,15.279,0,0,0,0,0,0,0,0,0,0,0,0,0,0,0,0,0,0
17.006,16.93,16.938,17.112,16.706,16.225,15.676,15.248,15.182,15.146,15.243,14.996,14.957,0,0,0,0,0,0,0,0,0,0,0,0,0,0,0,0,0,0,0,0
16.981,17.031,17.046,16.195,16.562,16.503,15.808,15.229,14.835,14.995,15.188,15.284,0,0,0,0,0,0,0,0,0,0,0,0,0,0,0,0,0,0,0,0,0
16.913,16.818,16.495,15.604,15.646,16.19,15.599,15.047,14.57,14.873,15.083,0,0,0,0,0,0,0,0,0,0,0,0,0,0,0,0,0,0,0,0,0,0
16.818,17.123,17.354,15.98,15.477,15.742,15.375,15.077,14.604,14.824,14.964,0,0,0,0,0,0,0,0,0,0,0,0,0,0,0,0,0,0,0,0,0,0
16.759,16.777,16.037,15.311,15.484,15.477,15.434,15.015,14.557,14.82,14.792,0,0,0,0,0,0,0,0,0,0,0,0,0,0,0,0,0,0,0,0,0,0
16.209,16.089,0,0,0,0,0,14.501,14.547,14.976,14.828,0,0,0,0,0,0,0,0,0,0,0,0,0,0,0,0,0,0,0,0,0,0
15.583,0,0,0,0,0,0,0,0,0,0,0,0,0,0,0,0,0,0,0,0,0,0,0,0,0,0,0,0,0,0,0,0
0,0,0,0,0,0,0,0,0,0,0,0,0,0,0,0,0,0,0,0,0,0,0,0,0,0,0,0,0,0,0,0,0
0,0,0,0,0,0,0,0,0,0,0,0,0,0,0,0,0,0,0,0,0,0,0,0,0,0,0,0,0,0,0,0,0
