13.348,13.125,13.09,13.095,13.097,13.246,13.481,13.343,12.827,12.653,12.559,12.513,12.456,12.414,12.385,12.367,12.353,12.339,12.318,12.245,12.059,11.862,11.866,11.902,11.971,12.115,12.127,11.806,11.666,11.874,12.057,12.209,12.272
13.195,13.107,13.092,13.101,13.1,13.151,13.318,13.433,12.908,12.695,12.589,12.545,12.506,12.461,12.419,12.375,12.336,12.292,12.224,12.092,11.914,11.829,11.87,11.86,11.956,12.126,12.177,11.874,11.624,11.788,11.967,12.127,12.24
13.126,13.103,13.094,13.09,13.103,13.103,13.169,13.543,13.091,12.771,12.641,12.566,12.526,12.479,12.427,12.368,12.289,12.174,12.036,11.914,11.836,11.833,11.845,11.824,11.972,12.158,12.229,11.992,11.602,11.685,11.836,11.991,12.139
13.105,13.086,13.069,13.054,13.081,13.126,13.177,13.549,13.348,12.937,12.709,12.602,12.546,12.491,12.413,12.332,12.26,12.15,11.956,11.802,11.806,11.836,11.81,11.824,12.029,12.212,12.272,12.154,11.646,11.597,11.701,11.815,11.951
13.075,13.027,12.994,12.984,13.026,13.095,13.161,13.143,13.437,13.195,12.877,12.667,12.565,12.501,12.41,12.287,12.205,12.128,11.95,11.776,11.798,11.821,11.787,11.881,12.114,12.274,12.301,12.282,11.816,11.577,11.613,11.664,11.742
12.96,12.888,12.874,12.893,12.95,13.041,13.183,13.146,13.328,13.35,13.099,12.805,12.611,12.499,12.407,12.271,12.162,12.078,11.929,11.782,11.789,11.795,11.782,11.93,12.188,12.322,12.31,12.299,12.183,11.71,11.627,11.634,11.633
12.785,12.743,12.781,12.824,12.92,13.026,13.14,13.201,13.212,13.373,13.258,12.981,12.705,12.513,12.389,12.257,12.133,12.013,11.884,11.783,11.771,11.765,11.786,11.972,12.242,12.352,12.3,12.273,12.367,12.09,11.769,11.746,11.727
12.668,12.701,12.76,12.827,12.993,13.132,13.191,13.256,13.207,13.326,13.347,13.135,12.821,12.551,12.371,12.237,12.107,11.954,11.838,11.773,11.742,11.733,11.798,12.04,12.3,12.37,12.261,12.221,12.296,12.276,12.038,11.901,11.9
12.674,12.739,12.746,12.842,13.124,13.311,13.324,13.332,13.272,13.3,13.399,13.24,12.919,12.595,12.36,12.216,12.083,11.905,11.799,11.756,11.721,11.736,11.825,12.132,12.364,12.357,12.19,12.162,12.244,12.329,12.195,12.096,12.018
12.718,12.741,12.655,12.871,13.225,13.399,13.377,13.345,13.283,13.268,13.413,13.298,12.977,12.621,12.348,12.194,12.061,11.87,11.775,11.761,11.75,11.766,11.905,12.262,12.41,12.282,12.084,12.143,12.244,12.327,12.291,12.199,11.831
12.744,12.687,12.6,12.914,13.238,13.356,13.356,13.304,13.258,13.273,13.427,13.315,12.984,12.611,12.323,12.177,12.053,11.855,11.763,11.781,11.786,11.779,12.045,12.403,12.381,12.132,12.007,12.205,12.325,12.376,12.279,11.939,11.569
12.735,12.618,12.648,12.973,13.218,13.325,13.323,13.283,13.28,13.358,13.443,13.282,12.931,12.558,12.29,12.176,12.071,11.872,11.745,11.751,11.764,11.888,12.238,12.499,12.253,11.982,11.988,12.248,12.348,12.253,12.044,11.74,11.632
12.719,12.613,12.771,13.052,13.21,13.314,13.374,13.393,13.421,13.456,13.406,13.17,12.806,12.462,12.252,12.194,12.146,12.002,11.853,11.837,11.908,12.148,12.452,12.506,12.078,11.889,11.921,12.124,12.189,12.065,11.849,11.664,11.651
12.686,12.684,12.911,13.091,13.21,13.364,13.47,13.489,13.468,13.399,13.234,12.951,12.615,12.358,12.254,12.271,12.274,12.197,12.108,12.111,12.241,12.444,12.583,12.415,11.921,11.846,11.795,11.933,12.029,11.91,11.748,11.702,11.606
12.692,12.826,13.008,13.065,13.161,13.296,13.358,13.338,13.265,13.132,12.93,12.681,12.455,12.337,12.325,12.345,12.321,12.28,12.297,12.383,12.51,12.608,12.595,12.258,11.813,11.804,11.746,11.762,11.848,11.814,11.703,11.613,11.603
12.795,12.986,13.03,12.985,13.023,13.059,13.042,12.988,12.9,12.776,12.627,12.483,12.389,12.36,12.36,12.363,12.38,12.43,12.501,12.574,12.633,12.628,12.493,12.059,11.787,11.715,11.777,11.662,11.607,11.651,11.621,11.543,0
12.979,13.019,12.907,12.832,12.8,12.752,12.695,12.639,12.578,12.512,12.451,12.41,12.402,12.416,12.441,12.478,12.514,12.542,12.565,12.583,12.584,12.493,12.271,11.929,11.821,11.698,11.728,11.7,11.727,11.712,0,0,0
13.01,12.898,12.743,12.649,12.572,12.501,12.454,12.427,12.412,12.404,12.402,12.413,12.434,12.459,12.488,12.501,12.49,12.48,12.473,12.465,12.406,12.206,11.987,11.868,11.875,11.836,0,0,0,0,0,0,0
12.919,12.731,12.559,12.433,12.319,12.236,12.2,12.199,12.225,12.263,12.308,12.363,12.42,12.483,12.494,12.425,12.334,12.301,12.291,12.266,12.108,11.783,11.592,11.674,11.676,11.781,0,0,0,0,0,0,0
12.781,12.55,12.348,12.176,12.024,11.927,11.901,11.923,11.97,12.049,12.171,12.318,12.426,12.526,12.404,12.182,12.061,12.028,12.023,11.997,11.835,11.446,11.387,11.7,11.792,0,0,0,0,0,0,0,0
12.643,12.389,12.171,11.997,11.88,11.85,11.885,11.927,11.96,12.027,12.182,12.37,12.488,12.55,12.089,11.818,11.832,11.879,12.008,11.904,11.447,11.228,11.342,11.696,0,0,0,0,0,0,0,0,0
12.545,12.292,12.085,11.952,11.896,11.911,11.955,11.991,12.029,12.119,12.299,12.473,12.554,12.478,11.612,11.461,11.762,11.956,11.933,11.64,11.106,11.345,11.702,0,0,0,0,0,0,0,0,0,0
12.511,12.308,12.145,12.059,12.044,12.049,12.055,12.071,12.124,12.255,12.446,12.567,12.585,12.358,11.494,11.396,11.655,11.673,11.548,0,0,0,0,0,0,0,0,0,0,0,0,0,0
12.501,12.371,12.262,12.201,12.157,12.134,12.135,12.185,12.291,12.452,12.591,12.621,12.592,12.531,12.115,0,0,0,0,0,0,0,0,0,0,0,0,0,0,0,0,0,0
12.408,12.333,12.267,12.215,12.202,12.228,12.283,12.393,12.519,12.627,12.661,12.603,12.465,0,0,0,0,0,0,0,0,0,0,0,0,0,0,0,0,0,0,0,0
12.285,12.292,12.328,12.372,12.441,12.5,12.573,12.646,12.668,12.666,12.625,12.453,0,0,0,0,0,0,0,0,0,0,0,0,0,0,0,0,0,0,0,0,0
12.522,12.618,12.673,12.721,12.76,12.773,12.799,12.645,12.565,12.579,12.597,0,0,0,0,0,0,0,0,0,0,0,0,0,0,0,0,0,0,0,0,0,0
12.681,12.602,12.635,12.696,12.737,12.781,12.726,12.363,12.438,12.504,12.595,0,0,0,0,0,0,0,0,0,0,0,0,0,0,0,0,0,0,0,0,0,0
12.557,12.455,12.562,12.572,12.609,12.605,12.53,12.401,12.493,12.52,12.569,0,0,0,0,0,0,0,0,0,0,0,0,0,0,0,0,0,0,0,0,0,0
12.64,12.371,0,0,0,0,0,12.346,12.392,12.489,12.503,0,0,0,0,0,0,0,0,0,0,0,0,0,0,0,0,0,0,0,0,0,0
12.299,0,0,0,0,0,0,0,0,0,0,0,0,0,0,0,0,0,0,0,0,0,0,0,0,0,0,0,0,0,0,0,0
0,0,0,0,0,0,0,0,0,0,0,0,0,0,0,0,0,0,0,0,0,0,0,0,0,0,0,0,0,0,0,0,0
0,0,0,0,0,0,0,0,0,0,0,0,0,0,0,0,0,0,0,0,0,0,0,0,0,0,0,0,0,0,0,0,0
