14.258,14.217,14.181,14.165,14.174,14.217,14.292,14.37,14.386,14.294,14.203,14.416,14.589,14.571,14.643,14.724,14.439,13.809,13.305,13.263,13.474,13.728,13.811,13.819,13.866,13.954,13.993,13.989,13.951,13.856,13.711,13.556,13.455
14.331,14.314,14.295,14.278,14.288,14.32,14.364,14.381,14.321,14.188,14.108,14.295,14.4,14.399,14.53,14.677,14.484,13.874,13.387,13.3,13.457,13.7,13.782,13.771,13.771,13.823,13.852,13.829,13.766,13.664,13.559,13.488,13.471
14.37,14.353,14.378,14.366,14.382,14.399,14.411,14.375,14.26,14.094,13.981,14.079,14.153,14.259,14.457,14.636,14.552,13.996,13.536,13.376,13.433,13.659,13.757,13.744,13.703,13.698,13.695,13.658,13.606,13.552,13.517,13.512,13.516
14.424,14.334,14.39,14.389,14.406,14.419,14.416,14.36,14.224,14.038,13.93,13.943,14.019,14.229,14.461,14.626,14.616,14.156,13.747,13.505,13.414,13.6,13.725,13.736,13.687,13.645,13.629,13.599,13.578,13.566,13.562,13.548,13.484
14.54,14.373,14.385,14.37,14.361,14.358,14.352,14.313,14.197,13.991,13.868,13.871,14.024,14.317,14.555,14.667,14.643,14.304,13.986,13.682,13.412,13.522,13.67,13.725,13.705,13.652,13.642,13.624,13.608,13.583,13.531,13.434,13.279
14.688,14.537,14.497,14.469,14.413,14.349,14.298,14.248,14.169,14.01,13.889,13.942,14.19,14.509,14.706,14.748,14.633,14.379,14.184,13.85,13.418,13.422,13.575,13.678,13.717,13.653,13.627,13.596,13.544,13.474,13.37,13.227,13.052
14.817,14.699,14.647,14.587,14.523,14.47,14.41,14.335,14.248,14.142,14.095,14.216,14.476,14.711,14.805,14.782,14.587,14.358,14.234,13.876,13.384,13.288,13.429,13.576,13.705,13.649,13.565,13.515,13.428,13.313,13.169,13.028,12.897
14.803,14.655,14.513,14.399,14.337,14.37,14.442,14.485,14.47,14.423,14.427,14.533,14.688,14.781,14.797,14.727,14.489,14.272,14.094,13.667,13.234,13.09,13.223,13.4,13.64,13.709,13.568,13.489,13.404,13.302,13.18,13.066,13.01
14.6,14.392,14.272,14.156,14.052,14.08,14.215,14.379,14.506,14.569,14.599,14.636,14.694,14.75,14.749,14.637,14.392,14.189,13.9,13.374,12.938,12.807,12.911,13.11,13.391,13.721,13.709,13.625,13.606,13.554,13.479,13.407,13.357
14.451,14.38,14.293,14.136,13.998,13.985,14.093,14.195,14.34,14.45,14.486,14.534,14.656,14.759,14.732,14.584,14.369,14.198,13.811,13.129,12.638,12.541,12.649,12.811,13.091,13.664,13.856,13.732,13.701,13.688,13.69,13.641,13.462
14.464,14.502,14.48,14.343,14.139,14.139,14.307,14.283,14.25,14.316,14.365,14.491,14.708,14.817,14.752,14.605,14.456,14.323,13.787,12.921,12.438,12.486,12.734,12.915,13.104,13.521,13.833,13.744,13.617,13.625,13.665,13.626,13.355
14.573,14.662,14.624,14.452,14.191,14.236,14.576,14.614,14.345,14.271,14.326,14.529,14.78,14.84,14.765,14.675,14.589,14.445,13.801,12.822,12.293,12.44,12.785,13.035,13.237,13.437,13.575,13.549,13.529,13.615,13.635,13.431,12.983
14.598,14.648,14.652,14.494,14.218,14.254,14.694,14.914,14.658,14.411,14.451,14.661,14.771,14.704,14.75,14.788,14.746,14.59,13.961,12.91,12.174,12.13,12.469,12.769,13.073,13.286,13.331,13.366,13.437,13.404,13.231,12.873,12.332
14.627,14.631,14.656,14.547,14.256,14.276,14.743,15.041,14.923,14.713,14.715,14.701,14.401,14.215,14.557,14.77,14.828,14.722,14.176,13.241,12.349,11.798,11.953,12.184,12.405,12.583,12.671,12.771,12.829,12.717,12.45,12.045,11.618
14.651,14.649,14.676,14.574,14.274,14.311,14.79,15.055,14.971,14.819,14.624,14.113,13.629,13.728,14.187,14.587,14.831,14.817,14.361,13.596,13.033,12.284,11.625,11.745,11.776,11.74,11.82,11.973,11.991,11.81,11.524,11.255,11.256
14.656,14.649,14.67,14.565,14.282,14.361,14.809,14.976,14.799,14.384,13.771,13.252,13.306,13.828,14.345,14.584,14.806,14.879,14.551,13.716,13.156,12.677,12.114,12.047,11.961,11.599,11.179,11.245,11.3,11.135,10.932,10.889,0
14.587,14.607,14.628,14.521,14.276,14.407,14.773,14.749,14.281,13.561,12.985,12.872,13.179,13.78,14.48,14.773,14.832,14.895,14.693,13.92,13.145,12.519,12.09,11.773,11.492,11.087,10.848,11.016,11.057,11.089,0,0,0
14.498,14.543,14.561,14.459,14.261,14.416,14.646,14.326,13.634,12.969,12.629,12.61,12.716,13.233,14.165,14.73,14.778,14.825,14.594,13.93,13.133,12.413,11.954,11.506,11.112,10.805,0,0,0,0,0,0,0
14.679,14.627,14.542,14.402,14.238,14.417,14.568,14.113,13.364,12.877,12.776,12.737,12.463,12.536,13.456,14.382,14.568,14.61,14.354,13.646,12.682,11.931,11.43,10.939,10.615,10.641,0,0,0,0,0,0,0
14.925,14.851,14.681,14.47,14.341,14.533,14.627,14.11,13.381,13.063,13.187,13.192,12.656,12.09,12.575,13.599,13.954,13.933,13.561,12.755,11.924,11.415,10.978,10.627,10.558,0,0,0,0,0,0,0,0
14.673,14.785,14.73,14.525,14.484,14.701,14.735,14.204,13.477,13.144,13.202,13.175,12.634,11.917,11.829,12.595,13.061,12.985,12.616,11.964,11.445,11.162,10.923,10.812,0,0,0,0,0,0,0,0,0
14.118,14.564,14.792,14.682,14.671,14.829,14.833,14.329,13.553,13.087,13.066,13.334,12.536,11.675,11.343,11.666,12.163,12.182,11.897,11.57,11.385,11.254,11.132,0,0,0,0,0,0,0,0,0,0
13.715,14.424,14.88,14.947,14.927,14.995,14.924,14.459,13.673,13.194,13.435,13.552,12.476,11.378,11.078,11.015,11.256,11.428,11.496,0,0,0,0,0,0,0,0,0,0,0,0,0,0
13.659,14.483,15.032,15.174,15.129,15.067,14.926,14.576,13.927,13.511,13.685,13.306,11.989,11.122,11.148,0,0,0,0,0,0,0,0,0,0,0,0,0,0,0,0,0,0
13.511,14.211,14.796,15,14.834,14.632,14.638,14.737,14.383,14.013,13.287,12.039,11.483,0,0,0,0,0,0,0,0,0,0,0,0,0,0,0,0,0,0,0,0
13.19,13.387,13.706,13.867,13.641,13.424,13.683,14.328,14.44,13.788,12.473,11.308,0,0,0,0,0,0,0,0,0,0,0,0,0,0,0,0,0,0,0,0,0
13.381,12.974,12.747,12.822,12.781,12.657,12.895,13.781,14.074,13.449,12.463,0,0,0,0,0,0,0,0,0,0,0,0,0,0,0,0,0,0,0,0,0,0
13.288,13.165,13.103,13.019,13.02,12.7,12.158,13.025,13.572,12.956,12.211,0,0,0,0,0,0,0,0,0,0,0,0,0,0,0,0,0,0,0,0,0,0
12.184,12.294,12.44,12.322,12.139,11.843,11.698,12.199,12.77,12.249,11.741,0,0,0,0,0,0,0,0,0,0,0,0,0,0,0,0,0,0,0,0,0,0
11.346,10.911,0,0,0,0,0,11.607,11.713,11.802,11.63,0,0,0,0,0,0,0,0,0,0,0,0,0,0,0,0,0,0,0,0,0,0
11.515,0,0,0,0,0,0,0,0,0,0,0,0,0,0,0,0,0,0,0,0,0,0,0,0,0,0,0,0,0,0,0,0
0,0,0,0,0,0,0,0,0,0,0,0,0,0,0,0,0,0,0,0,0,0,0,0,0,0,0,0,0,0,0,0,0
0,0,0,0,0,0,0,0,0,0,0,0,0,0,0,0,0,0,0,0,0,0,0,0,0,0,0,0,0,0,0,0,0
