13.269,13.133,13.111,13.094,13.128,13.266,13.486,13.485,12.915,12.824,12.703,12.636,12.604,12.565,12.534,12.491,12.435,12.354,12.237,12.077,11.894,11.808,11.868,11.879,11.962,12.074,12.036,11.75,11.625,11.782,11.969,12.171,12.277
13.173,13.111,13.097,13.094,13.089,13.2,13.475,13.566,13.023,12.812,12.755,12.638,12.594,12.553,12.52,12.479,12.417,12.302,12.104,11.881,11.787,11.817,11.86,11.855,11.94,12.085,12.104,11.834,11.616,11.74,11.912,12.081,12.21
13.138,13.106,13.094,13.104,13.096,13.118,13.262,13.667,13.242,12.847,12.78,12.672,12.583,12.547,12.507,12.436,12.357,12.276,12.134,11.853,11.744,11.827,11.844,11.824,11.919,12.081,12.161,11.968,11.624,11.684,11.817,11.955,12.086
13.102,13.098,13.101,13.105,13.119,13.121,13.17,13.61,13.491,13.04,12.804,12.684,12.576,12.523,12.492,12.406,12.296,12.212,12.13,11.925,11.746,11.828,11.823,11.794,11.908,12.073,12.191,12.132,11.682,11.635,11.723,11.817,11.913
13.105,13.098,13.092,13.095,13.131,13.159,13.154,13.174,13.584,13.332,12.967,12.718,12.561,12.469,12.436,12.356,12.25,12.17,12.064,11.953,11.769,11.822,11.795,11.771,11.916,12.081,12.199,12.232,11.841,11.622,11.652,11.679,11.743
13.087,13.061,13.041,13.061,13.123,13.188,13.224,13.138,13.398,13.496,13.206,12.868,12.603,12.432,12.358,12.297,12.221,12.167,12.001,11.899,11.794,11.805,11.763,11.778,11.957,12.125,12.219,12.265,12.137,11.702,11.637,11.624,11.602
13.011,12.95,12.946,13,13.097,13.207,13.266,13.23,13.205,13.485,13.408,13.095,12.744,12.472,12.316,12.242,12.201,12.168,11.957,11.829,11.81,11.775,11.744,11.825,12.037,12.2,12.259,12.291,12.343,11.969,11.677,11.725,11.65
12.842,12.802,12.857,12.952,13.089,13.218,13.301,13.306,13.199,13.346,13.483,13.294,12.926,12.579,12.338,12.219,12.195,12.173,11.927,11.788,11.806,11.739,11.738,11.869,12.126,12.271,12.303,12.324,12.364,12.19,11.929,11.778,11.691
12.699,12.725,12.833,12.959,13.146,13.289,13.343,13.332,13.246,13.263,13.476,13.416,13.082,12.7,12.394,12.23,12.209,12.173,11.902,11.766,11.794,11.721,11.745,11.913,12.201,12.33,12.311,12.325,12.374,12.334,12.146,11.964,11.835
12.654,12.737,12.847,12.985,13.229,13.388,13.372,13.292,13.267,13.267,13.486,13.478,13.173,12.78,12.442,12.257,12.238,12.178,11.889,11.758,11.801,11.746,11.738,11.966,12.271,12.348,12.286,12.281,12.362,12.374,12.214,11.929,11.732
12.688,12.768,12.818,12.914,13.218,13.4,13.368,13.346,13.3,13.335,13.501,13.484,13.185,12.797,12.461,12.29,12.278,12.196,11.893,11.746,11.816,11.824,11.768,12.065,12.348,12.334,12.203,12.233,12.339,12.332,12.043,11.743,11.623
12.733,12.754,12.692,12.744,13.069,13.324,13.371,13.34,13.341,13.419,13.513,13.428,13.117,12.743,12.439,12.317,12.322,12.227,11.933,11.737,11.794,11.724,11.883,12.261,12.422,12.267,12.097,12.164,12.307,12.193,11.874,11.686,11.624
12.753,12.728,12.574,12.566,12.856,13.129,13.226,13.251,13.311,13.395,13.402,13.236,12.92,12.599,12.401,12.379,12.395,12.271,12,11.795,11.748,11.865,12.184,12.482,12.388,12.124,11.989,12.084,12.188,12.047,11.773,11.686,11.652
12.747,12.702,12.536,12.543,12.795,13.006,13.06,13.075,13.12,13.152,13.093,12.918,12.691,12.532,12.486,12.49,12.407,12.21,12.014,11.944,12.05,12.26,12.494,12.525,12.165,11.975,11.883,11.912,12.008,11.923,11.753,11.668,11.608
12.72,12.673,12.573,12.684,12.913,13.035,13.01,12.959,12.943,12.918,12.846,12.735,12.63,12.56,12.494,12.383,12.239,12.155,12.184,12.287,12.4,12.482,12.524,12.258,11.866,11.916,11.792,11.762,11.816,11.785,11.713,11.627,11.548
12.69,12.641,12.685,12.939,13.113,13.085,12.987,12.903,12.839,12.769,12.685,12.592,12.501,12.417,12.346,12.315,12.361,12.453,12.513,12.487,12.435,12.386,12.282,11.847,11.764,11.866,11.777,11.698,11.637,11.624,11.646,11.54,0
12.667,12.714,12.924,13.102,13.084,12.959,12.832,12.727,12.634,12.548,12.47,12.408,12.38,12.394,12.448,12.521,12.587,12.611,12.513,12.334,12.223,12.131,11.947,11.769,11.746,11.614,11.724,11.669,11.702,11.628,0,0,0
12.71,12.841,12.998,12.999,12.853,12.685,12.549,12.443,12.365,12.314,12.295,12.32,12.381,12.446,12.509,12.551,12.559,12.5,12.289,12.104,12.03,11.841,11.721,11.774,11.835,11.634,0,0,0,0,0,0,0
12.754,12.856,12.878,12.741,12.53,12.348,12.213,12.124,12.086,12.101,12.179,12.313,12.424,12.489,12.516,12.491,12.418,12.3,12.05,11.953,11.909,11.588,11.419,11.583,11.543,11.623,0,0,0,0,0,0,0
12.725,12.751,12.663,12.453,12.221,12.038,11.917,11.861,11.871,11.947,12.126,12.351,12.471,12.505,12.438,12.287,12.184,12.129,12.032,12.013,11.822,11.418,11.153,11.449,11.661,0,0,0,0,0,0,0,0
12.63,12.594,12.456,12.237,12.028,11.885,11.824,11.836,11.872,11.948,12.172,12.406,12.507,12.499,12.301,12.141,11.981,11.95,12.099,12.062,11.684,11.116,11.134,11.327,0,0,0,0,0,0,0,0,0
12.512,12.444,12.314,12.142,11.989,11.9,11.889,11.928,11.951,12.061,12.296,12.494,12.54,12.485,12.137,11.761,11.701,11.895,11.871,11.573,11.2,11.17,11.332,0,0,0,0,0,0,0,0,0,0
12.4,12.333,12.237,12.129,12.044,11.999,11.997,12.01,12.061,12.226,12.454,12.568,12.55,12.461,11.952,11.288,11.582,11.576,11.417,0,0,0,0,0,0,0,0,0,0,0,0,0,0
12.282,12.243,12.181,12.118,12.076,12.063,12.067,12.124,12.25,12.446,12.591,12.594,12.537,12.475,12.241,0,0,0,0,0,0,0,0,0,0,0,0,0,0,0,0,0,0
12.204,12.171,12.14,12.115,12.14,12.198,12.267,12.376,12.515,12.625,12.632,12.566,12.412,0,0,0,0,0,0,0,0,0,0,0,0,0,0,0,0,0,0,0,0
12.387,12.357,12.342,12.352,12.424,12.502,12.577,12.652,12.69,12.656,12.592,12.426,0,0,0,0,0,0,0,0,0,0,0,0,0,0,0,0,0,0,0,0,0
12.696,12.695,12.688,12.688,12.711,12.73,12.752,12.745,12.655,12.586,12.549,0,0,0,0,0,0,0,0,0,0,0,0,0,0,0,0,0,0,0,0,0,0
12.752,12.77,12.775,12.777,12.784,12.752,12.761,12.611,12.527,12.502,12.545,0,0,0,0,0,0,0,0,0,0,0,0,0,0,0,0,0,0,0,0,0,0
12.745,12.717,12.731,12.723,12.669,12.638,12.653,12.479,12.512,12.555,12.548,0,0,0,0,0,0,0,0,0,0,0,0,0,0,0,0,0,0,0,0,0,0
12.584,12.547,0,0,0,0,0,12.49,12.507,12.545,12.511,0,0,0,0,0,0,0,0,0,0,0,0,0,0,0,0,0,0,0,0,0,0
12.211,0,0,0,0,0,0,0,0,0,0,0,0,0,0,0,0,0,0,0,0,0,0,0,0,0,0,0,0,0,0,0,0
0,0,0,0,0,0,0,0,0,0,0,0,0,0,0,0,0,0,0,0,0,0,0,0,0,0,0,0,0,0,0,0,0
0,0,0,0,0,0,0,0,0,0,0,0,0,0,0,0,0,0,0,0,0,0,0,0,0,0,0,0,0,0,0,0,0
