13.221,13.214,13.209,13.256,13.37,13.55,13.593,13.567,12.876,12.616,12.797,12.734,12.669,12.612,12.572,12.548,12.506,12.456,12.369,12.09,11.764,11.778,11.89,11.828,11.867,11.879,11.808,11.695,11.686,11.735,11.757,11.842,12.146
13.201,13.17,13.174,13.195,13.289,13.475,13.602,13.668,13.115,12.607,12.606,12.637,12.563,12.543,12.556,12.543,12.463,12.351,12.246,12.132,11.808,11.799,11.879,11.829,11.893,11.929,11.866,11.707,11.657,11.712,11.743,11.786,12.004
13.187,13.147,13.144,13.149,13.188,13.319,13.591,13.747,13.408,12.799,12.5,12.465,12.428,12.405,12.46,12.503,12.452,12.317,12.115,12.038,11.847,11.818,11.866,11.828,11.894,11.968,11.941,11.759,11.639,11.679,11.729,11.743,11.835
13.141,13.132,13.128,13.126,13.143,13.196,13.362,13.721,13.659,13.154,12.657,12.398,12.311,12.279,12.289,12.313,12.316,12.317,12.138,11.879,11.859,11.835,11.851,11.814,11.872,11.984,12.015,11.855,11.652,11.639,11.707,11.719,11.727
13.115,13.125,13.124,13.12,13.137,13.169,13.229,13.476,13.735,13.497,12.99,12.564,12.324,12.234,12.218,12.215,12.195,12.267,12.234,11.797,11.848,11.848,11.833,11.79,11.84,11.977,12.068,11.975,11.725,11.612,11.664,11.714,11.713
13.123,13.132,13.132,13.141,13.159,13.184,13.223,13.251,13.569,13.648,13.329,12.883,12.51,12.307,12.247,12.251,12.217,12.254,12.288,11.807,11.825,11.857,11.813,11.768,11.817,11.965,12.094,12.086,11.853,11.65,11.616,11.671,11.71
13.143,13.137,13.146,13.184,13.224,13.24,13.246,13.256,13.326,13.556,13.489,13.146,12.762,12.479,12.36,12.355,12.32,12.308,12.322,11.85,11.806,11.864,11.793,11.751,11.819,11.979,12.116,12.169,11.998,11.774,11.641,11.635,11.675
13.132,13.122,13.155,13.227,13.297,13.319,13.308,13.273,13.291,13.403,13.467,13.279,12.958,12.66,12.496,12.466,12.436,12.4,12.352,11.879,11.796,11.864,11.769,11.741,11.854,12.033,12.169,12.227,12.116,11.929,11.771,11.685,11.72
13.071,13.068,13.127,13.233,13.336,13.377,13.348,13.294,13.305,13.33,13.357,13.264,13.008,12.743,12.586,12.561,12.553,12.504,12.355,11.876,11.793,11.862,11.76,11.759,11.92,12.121,12.258,12.283,12.22,11.988,11.86,11.821,11.801
12.966,12.956,13.049,13.197,13.336,13.407,13.372,13.317,13.323,13.36,13.28,13.155,12.952,12.752,12.657,12.685,12.691,12.579,12.312,11.851,11.797,11.879,11.796,11.814,12.018,12.234,12.344,12.359,12.28,12.042,11.835,11.77,11.743
12.81,12.833,12.974,13.15,13.311,13.422,13.416,13.431,13.476,13.392,13.224,13.068,12.914,12.808,12.808,12.858,12.792,12.574,12.231,11.817,11.798,11.903,11.793,11.906,12.151,12.353,12.428,12.398,12.284,12.047,11.831,11.738,11.687
12.688,12.775,12.914,13.07,13.219,13.357,13.423,13.398,13.325,13.211,13.1,13.016,12.963,12.968,13.003,12.973,12.795,12.498,12.133,11.78,11.759,11.822,11.833,12.073,12.309,12.448,12.468,12.367,12.212,11.985,11.791,11.729,11.659
12.663,12.768,12.843,12.948,12.994,13.017,12.989,12.909,12.871,12.888,12.952,13.035,13.114,13.162,13.121,12.946,12.65,12.309,11.98,11.729,11.707,11.782,12.052,12.321,12.426,12.466,12.39,12.202,12.057,11.89,11.767,11.719,11.647
12.711,12.778,12.781,12.81,12.742,12.625,12.528,12.486,12.575,12.782,13.024,13.204,13.258,13.161,12.923,12.6,12.271,12.014,11.861,11.86,12.005,12.245,12.455,12.477,12.383,12.371,12.197,11.95,11.908,11.827,11.744,11.688,11.608
12.767,12.782,12.756,12.746,12.646,12.503,12.443,12.526,12.74,12.987,13.14,13.129,12.955,12.674,12.373,12.141,12.032,12.054,12.172,12.35,12.528,12.605,12.528,12.29,12.169,12.199,11.971,11.83,11.803,11.768,11.695,11.687,11.648
12.767,12.749,12.736,12.707,12.621,12.566,12.619,12.748,12.869,12.903,12.806,12.6,12.36,12.183,12.133,12.208,12.344,12.465,12.581,12.678,12.667,12.482,12.239,11.957,11.984,12.02,11.854,11.767,11.725,11.686,11.642,11.61,0
12.706,12.699,12.711,12.687,12.644,12.649,12.683,12.694,12.634,12.497,12.319,12.168,12.13,12.235,12.411,12.564,12.636,12.668,12.711,12.685,12.453,12.16,12.007,11.799,11.81,11.833,11.79,11.776,11.774,11.682,0,0,0
12.64,12.658,12.686,12.659,12.62,12.584,12.523,12.417,12.272,12.127,12.028,12.03,12.164,12.38,12.607,12.701,12.636,12.61,12.647,12.481,12.099,11.948,12.051,12,11.814,11.775,0,0,0,0,0,0,0
12.551,12.57,12.599,12.562,12.493,12.396,12.267,12.119,11.982,11.888,11.868,11.973,12.229,12.497,12.721,12.67,12.438,12.43,12.466,12.151,11.863,11.745,11.756,11.815,11.727,11.725,0,0,0,0,0,0,0
12.451,12.436,12.455,12.411,12.318,12.192,12.05,11.916,11.82,11.78,11.843,12.102,12.425,12.656,12.767,12.466,12.118,12.22,12.226,11.982,11.778,11.668,11.559,11.613,11.693,0,0,0,0,0,0,0,0
12.382,12.309,12.291,12.243,12.159,12.053,11.945,11.864,11.828,11.843,12.035,12.377,12.643,12.754,12.686,12.093,11.744,11.874,11.899,11.79,11.638,11.545,11.467,11.448,0,0,0,0,0,0,0,0,0
12.438,12.304,12.231,12.173,12.103,12.034,11.977,11.942,11.931,12.026,12.348,12.636,12.755,12.742,12.484,11.683,11.362,11.484,11.267,11.187,11.438,11.506,11.544,0,0,0,0,0,0,0,0,0,0
12.352,12.292,12.205,12.147,12.095,12.049,12.001,11.959,12.033,12.324,12.623,12.746,12.735,12.671,12.294,11.512,11.208,10.971,11.066,0,0,0,0,0,0,0,0,0,0,0,0,0,0
12.276,12.213,12.13,12.07,12.04,12.021,12.021,12.116,12.36,12.624,12.73,12.694,12.652,12.636,12.58,0,0,0,0,0,0,0,0,0,0,0,0,0,0,0,0,0,0
12.447,12.319,12.229,12.19,12.248,12.344,12.441,12.568,12.696,12.725,12.647,12.587,12.55,0,0,0,0,0,0,0,0,0,0,0,0,0,0,0,0,0,0,0,0
12.73,12.626,12.533,12.488,12.536,12.622,12.686,12.705,12.678,12.619,12.54,12.504,0,0,0,0,0,0,0,0,0,0,0,0,0,0,0,0,0,0,0,0,0
12.778,12.77,12.729,12.697,12.701,12.708,12.682,12.643,12.621,12.594,12.528,0,0,0,0,0,0,0,0,0,0,0,0,0,0,0,0,0,0,0,0,0,0
12.804,12.802,12.797,12.783,12.756,12.693,12.645,12.657,12.629,12.601,12.527,0,0,0,0,0,0,0,0,0,0,0,0,0,0,0,0,0,0,0,0,0,0
12.826,12.788,12.738,12.723,12.705,12.613,12.612,12.65,12.585,12.533,12.547,0,0,0,0,0,0,0,0,0,0,0,0,0,0,0,0,0,0,0,0,0,0
12.731,12.692,0,0,0,0,0,12.619,12.62,12.585,12.505,0,0,0,0,0,0,0,0,0,0,0,0,0,0,0,0,0,0,0,0,0,0
12.538,0,0,0,0,0,0,0,0,0,0,0,0,0,0,0,0,0,0,0,0,0,0,0,0,0,0,0,0,0,0,0,0
0,0,0,0,0,0,0,0,0,0,0,0,0,0,0,0,0,0,0,0,0,0,0,0,0,0,0,0,0,0,0,0,0
0,0,0,0,0,0,0,0,0,0,0,0,0,0,0,0,0,0,0,0,0,0,0,0,0,0,0,0,0,0,0,0,0
