13.877,13.853,13.887,13.947,13.937,13.807,13.643,12.814,11.968,11.984,12.145,12.295,12.384,12.386,12.281,12.075,11.868,11.807,11.909,12.035,12.103,12.106,12.018,11.874,11.827,11.994,12.306,12.314,11.94,11.571,11.679,12.022,12.383
13.952,13.967,13.975,13.973,13.916,13.777,13.692,13.15,12.084,11.868,11.932,11.971,12.005,11.978,11.921,11.859,11.842,11.909,11.996,12.055,12.06,12.013,11.891,11.776,11.743,11.855,12.24,12.376,12.091,11.637,11.579,11.816,12.078
13.691,13.949,13.956,13.942,13.912,13.812,13.711,13.52,12.485,11.83,11.844,11.834,11.843,11.831,11.826,11.844,11.896,11.966,12.013,12.019,11.989,11.924,11.842,11.787,11.764,11.797,12.194,12.415,12.238,11.791,11.517,11.666,11.815
13.252,13.429,13.538,13.616,13.706,13.768,13.723,13.735,13.065,12.062,11.783,11.805,11.807,11.814,11.826,11.857,11.895,11.924,11.928,11.91,11.883,11.849,11.809,11.819,11.796,11.827,12.213,12.455,12.33,12.037,11.531,11.576,11.671
13.077,13.061,13.06,13.117,13.282,13.462,13.586,13.72,13.538,12.61,11.851,11.761,11.8,11.816,11.824,11.838,11.848,11.852,11.849,11.845,11.841,11.84,11.834,11.849,11.799,11.938,12.326,12.515,12.381,12.294,11.665,11.514,11.575
13.135,13.152,13.146,13.105,13.079,13.147,13.361,13.551,13.718,13.201,12.256,11.761,11.744,11.788,11.794,11.803,11.819,11.841,11.869,11.879,11.875,11.867,11.855,11.825,11.873,12.202,12.513,12.56,12.416,12.361,11.975,11.557,11.528
13.137,13.159,13.19,13.193,13.141,13.085,13.124,13.31,13.619,13.573,12.825,12.016,11.707,11.718,11.747,11.774,11.819,11.88,11.905,11.878,11.863,11.838,11.844,11.924,12.248,12.6,12.645,12.526,12.421,12.271,12.34,11.778,11.602
13.08,13.087,13.143,13.204,13.199,13.136,13.07,13.138,13.4,13.66,13.3,12.491,11.886,11.692,11.702,11.759,11.85,11.92,11.897,11.845,11.848,11.843,12.073,12.461,12.765,12.763,12.526,12.404,12.379,12.277,12.434,11.949,11.647
13.086,13.069,13.128,13.199,13.227,13.193,13.105,13.074,13.214,13.561,13.56,12.97,12.259,11.84,11.734,11.799,11.906,11.921,11.859,11.851,11.974,12.222,12.574,12.773,12.747,12.493,12.283,12.373,12.443,12.326,12.426,12.085,11.737
13.168,13.131,13.195,13.254,13.251,13.246,13.16,13.074,13.109,13.401,13.628,13.312,12.652,12.127,11.891,11.909,11.979,11.885,11.883,12.063,12.3,12.491,12.722,12.686,12.452,12.206,12.224,12.491,12.547,12.419,12.436,12.16,11.868
13.279,13.219,13.296,13.367,13.312,13.287,13.228,13.121,13.093,13.275,13.59,13.499,12.965,12.422,12.109,12.046,11.964,11.868,12.011,12.192,12.29,12.49,12.76,12.531,12.173,12.046,12.246,12.533,12.548,12.485,12.435,12.21,12.119
13.347,13.279,13.382,13.468,13.403,13.332,13.313,13.205,13.139,13.228,13.533,13.573,13.158,12.639,12.292,12.156,11.905,11.929,12.07,12.086,12.105,12.452,12.741,12.348,11.954,11.964,12.21,12.48,12.548,12.537,12.471,12.331,12.237
13.366,13.32,13.463,13.538,13.471,13.404,13.402,13.305,13.218,13.253,13.51,13.593,13.254,12.739,12.401,12.131,11.872,11.942,11.945,11.815,12.005,12.442,12.699,12.168,11.811,11.922,12.117,12.362,12.471,12.458,12.371,12.115,11.83
13.363,13.371,13.541,13.586,13.53,13.488,13.482,13.397,13.298,13.329,13.528,13.563,13.242,12.78,12.398,11.99,11.86,11.921,11.853,11.675,11.989,12.483,12.662,11.966,11.738,11.901,11.993,12.135,12.279,12.203,12.035,11.778,11.667
13.353,13.427,13.597,13.622,13.596,13.575,13.538,13.445,13.366,13.417,13.557,13.534,13.191,12.707,12.21,11.855,11.856,11.881,11.761,11.748,12.137,12.594,12.617,11.777,11.682,11.801,11.831,11.942,12.037,11.933,11.728,11.617,11.587
13.342,13.462,13.62,13.653,13.652,13.638,13.579,13.501,13.469,13.538,13.598,13.449,12.982,12.393,11.93,11.802,11.837,11.844,11.737,11.962,12.428,12.707,12.505,11.659,11.615,11.657,11.738,11.792,11.782,11.68,11.571,11.558,0
13.323,13.462,13.623,13.658,13.663,13.674,13.646,13.614,13.616,13.631,13.525,13.125,12.509,11.977,11.786,11.804,11.808,11.809,11.975,12.431,12.717,12.678,12.387,11.744,11.688,11.646,11.665,11.66,11.643,11.609,0,0,0
13.278,13.436,13.613,13.625,13.609,13.65,13.666,13.652,13.604,13.459,13.106,12.54,12.004,11.786,11.811,11.862,12.007,12.202,12.552,12.862,12.641,12.439,12.37,12.369,12.138,11.705,0,0,0,0,0,0,0
13.222,13.418,13.603,13.577,13.489,13.495,13.504,13.44,13.277,12.966,12.488,12,11.75,11.774,11.845,12.205,12.423,12.608,12.87,12.658,12.111,12.326,12.439,12.162,11.809,11.678,0,0,0,0,0,0,0
13.207,13.435,13.605,13.568,13.379,13.24,13.169,13.031,12.749,12.347,11.911,11.638,11.661,11.72,12.198,12.53,12.461,12.604,12.644,11.83,12.039,12.176,12.067,11.708,11.525,0,0,0,0,0,0,0,0
13.23,13.425,13.579,13.618,13.452,13.157,12.891,12.651,12.321,11.965,11.794,12.109,12.391,12.383,12.747,12.408,12.103,12.434,12.264,11.705,11.747,11.722,11.66,11.461,0,0,0,0,0,0,0,0,0
13.097,13.197,13.431,13.618,13.574,13.334,12.975,12.613,12.257,11.974,12.002,12.907,12.952,12.998,12.901,11.705,11.98,11.888,11.798,11.707,11.704,11.67,11.603,0,0,0,0,0,0,0,0,0,0
12.704,12.827,13.131,13.487,13.636,13.516,13.253,12.912,12.613,12.465,12.789,12.886,12.51,12.504,12.029,11.678,11.896,11.744,11.667,0,0,0,0,0,0,0,0,0,0,0,0,0,0
12.59,12.654,12.786,13.194,13.535,13.586,13.486,13.288,13.127,13.001,12.663,12.285,12.013,11.972,11.769,0,0,0,0,0,0,0,0,0,0,0,0,0,0,0,0,0,0
12.87,12.825,12.592,12.849,13.281,13.458,13.537,13.471,13.273,12.886,12.3,11.888,11.701,0,0,0,0,0,0,0,0,0,0,0,0,0,0,0,0,0,0,0,0
13.023,13.124,12.646,12.573,12.936,13.084,13.197,13.155,12.909,12.465,12,11.777,0,0,0,0,0,0,0,0,0,0,0,0,0,0,0,0,0,0,0,0,0
12.92,13.026,12.689,12.41,12.65,12.731,12.754,12.74,12.569,12.209,11.931,0,0,0,0,0,0,0,0,0,0,0,0,0,0,0,0,0,0,0,0,0,0
12.822,12.705,12.275,12.346,12.396,12.401,12.376,12.413,12.513,12.236,12.02,0,0,0,0,0,0,0,0,0,0,0,0,0,0,0,0,0,0,0,0,0,0
12.491,12.175,11.9,12.008,12.048,12.082,12.136,12.244,12.461,12.141,11.976,0,0,0,0,0,0,0,0,0,0,0,0,0,0,0,0,0,0,0,0,0,0
12.283,11.993,0,0,0,0,0,11.943,12.006,11.927,11.963,0,0,0,0,0,0,0,0,0,0,0,0,0,0,0,0,0,0,0,0,0,0
12.126,0,0,0,0,0,0,0,0,0,0,0,0,0,0,0,0,0,0,0,0,0,0,0,0,0,0,0,0,0,0,0,0
0,0,0,0,0,0,0,0,0,0,0,0,0,0,0,0,0,0,0,0,0,0,0,0,0,0,0,0,0,0,0,0,0
0,0,0,0,0,0,0,0,0,0,0,0,0,0,0,0,0,0,0,0,0,0,0,0,0,0,0,0,0,0,0,0,0
