17.304,17.255,17.377,17.726,18.354,18.821,18.865,18.805,18.387,17.743,17.368,17.357,17.432,17.588,17.541,17.619,17.83,18.071,18.474,18.392,18.061,17.528,17.176,17.145,17.257,17.457,17.655,17.541,17.052,16.794,16.668,16.452,16.362
17.228,17.224,17.383,17.645,18.179,18.73,18.9,18.827,18.552,17.944,17.426,17.342,17.39,17.608,17.753,17.58,17.566,17.885,18.384,18.252,17.885,17.382,17.114,17.16,17.333,17.54,17.578,17.315,16.979,16.736,16.559,16.307,16.402
17.132,17.226,17.463,17.706,18.153,18.696,18.929,18.837,18.584,17.886,17.401,17.332,17.414,17.659,17.804,17.662,17.593,17.97,18.304,18.079,17.701,17.272,17.102,17.218,17.418,17.502,17.426,17.315,16.973,16.687,16.447,16.222,16.573
17.081,17.346,17.657,17.861,18.244,18.737,18.922,18.804,18.41,17.48,17.327,17.332,17.483,17.74,17.88,17.813,17.819,18.117,18.165,17.877,17.546,17.198,17.146,17.309,17.45,17.431,17.434,17.31,16.905,16.625,16.342,16.214,16.79
17.178,17.625,17.948,18.067,18.382,18.798,18.833,18.507,17.769,17.241,17.305,17.388,17.596,17.804,17.929,17.977,18.02,18.093,17.94,17.652,17.39,17.172,17.218,17.353,17.447,17.55,17.48,17.17,16.745,16.553,16.24,16.265,16.929
17.483,18.016,18.247,18.256,18.526,18.775,18.479,17.833,17.21,17.278,17.318,17.482,17.677,17.824,17.907,17.969,17.965,17.878,17.673,17.467,17.28,17.205,17.272,17.372,17.58,17.752,17.329,16.821,16.518,16.484,16.12,16.363,16.952
17.913,18.368,18.434,18.393,18.655,18.551,17.928,17.336,17.221,17.269,17.344,17.517,17.647,17.731,17.785,17.779,17.731,17.632,17.466,17.332,17.25,17.247,17.313,17.595,18.05,17.804,16.806,16.422,16.391,16.458,15.954,16.49,16.868
18.285,18.621,18.533,18.496,18.659,18.191,17.493,17.234,17.263,17.246,17.347,17.471,17.549,17.581,17.59,17.572,17.515,17.432,17.348,17.293,17.287,17.352,17.652,18.338,18.415,17.24,16.069,16.414,16.515,16.466,15.721,16.511,17.118
18.502,18.765,18.606,18.588,18.533,17.855,17.343,17.331,17.305,17.281,17.346,17.415,17.459,17.473,17.465,17.443,17.407,17.366,17.339,17.342,17.386,17.586,18.255,18.821,18.076,16.287,15.751,16.733,16.653,16.007,15.305,16.019,16.594
18.658,18.896,18.683,18.631,18.406,17.679,17.424,17.501,17.446,17.446,17.469,17.465,17.447,17.436,17.427,17.417,17.415,17.431,17.475,17.562,17.735,17.964,18.404,18.731,17.402,15.672,15.561,16.615,16.584,15.704,14.469,14.881,15.66
18.832,19.015,18.74,18.642,18.291,17.64,17.574,17.689,17.747,17.855,17.89,17.865,17.811,17.754,17.713,17.705,17.716,17.786,17.81,18.111,18.214,17.997,18.219,18.377,16.835,15.428,14.994,16.115,16.686,15.804,14.489,13.992,14.689
19.041,19.132,18.782,18.639,18.213,17.675,17.788,18.061,18.241,18.333,18.324,18.299,18.29,18.298,18.324,18.393,18.453,18.585,18.719,18.663,18.158,17.47,17.819,17.833,16.246,15.29,14.595,15.332,16.659,15.936,14.836,13.975,14.039
19.196,19.18,18.779,18.626,18.165,17.776,18.074,18.368,18.389,18.26,18.196,18.163,18.128,18.096,18.147,18.403,18.555,18.599,18.879,18.418,17.136,16.657,17.422,16.929,15.55,15.39,14.685,14.335,15.499,15.635,14.538,13.262,13.21
19.142,19.096,18.741,18.608,18.147,17.908,18.262,18.412,18.245,18.221,18.296,18.272,18.223,18.135,18.119,18.343,18.455,18.188,18.507,17.602,16.055,16.157,16.977,15.942,15.248,15.672,15.197,14.069,14.31,15.067,13.975,12.999,12.71
18.949,18.937,18.703,18.591,18.137,18.018,18.352,18.37,18.288,18.442,18.458,18.394,18.325,18.239,18.24,18.525,18.362,17.417,17.766,16.53,15.379,15.709,16.425,15.124,15.108,15.805,15.506,14.32,13.397,14.032,13.726,13.167,12.815
18.756,18.781,18.684,18.582,18.14,18.078,18.378,18.353,18.378,18.514,18.446,18.382,18.329,18.244,18.294,18.603,18.031,16.2,16.243,15.23,14.99,15.206,15.87,14.516,14.05,14.536,15.212,14.312,13.225,13.126,13.394,12.728,0
18.666,18.694,18.688,18.58,18.161,18.108,18.367,18.367,18.385,18.47,18.402,18.361,18.33,18.275,18.397,18.646,17.528,14.905,14.555,14.839,14.989,14.85,15.415,14.559,13.879,13.734,13.975,13.569,13.19,13.149,0,0,0
18.694,18.695,18.716,18.606,18.201,18.127,18.317,18.379,18.411,18.388,18.344,18.336,18.338,18.332,18.486,18.572,17.279,14.637,14.432,15.023,14.979,14.664,15.094,14.576,14.245,13.952,0,0,0,0,0,0,0
18.803,18.758,18.735,18.639,18.279,18.151,18.261,18.326,18.352,18.314,18.314,18.357,18.391,18.419,18.559,18.323,16.716,14.192,14.458,14.862,14.532,14.633,14.951,14.551,14.198,14.067,0,0,0,0,0,0,0
18.998,18.941,18.83,18.699,18.389,18.2,18.195,18.232,18.247,18.265,18.369,18.452,18.479,18.518,18.591,17.597,15.279,13.7,13.89,14.293,14.127,14.451,14.493,14.163,14.093,0,0,0,0,0,0,0,0
19.089,19.138,19.088,18.994,18.724,18.477,18.349,18.318,18.332,18.457,18.555,18.541,18.587,18.633,18.618,17.039,13.977,13.621,13.668,13.855,13.904,14.029,13.898,13.939,0,0,0,0,0,0,0,0,0
18.686,18.884,19.023,19.077,19.025,18.884,18.754,18.685,18.71,18.727,18.642,18.557,18.777,18.781,18.658,16.41,13.933,13.737,13.77,13.489,13.531,13.596,13.773,0,0,0,0,0,0,0,0,0,0
18.342,18.215,18.225,18.445,18.688,18.837,18.881,18.862,18.841,18.669,18.621,18.5,18.925,18.781,17.278,14.588,13.83,13.899,14.04,0,0,0,0,0,0,0,0,0,0,0,0,0,0
17.828,17.634,18.06,18.051,18.198,18.452,18.63,18.689,18.671,18.529,18.708,18.125,17.358,16.855,16.381,0,0,0,0,0,0,0,0,0,0,0,0,0,0,0,0,0,0
17.274,17.709,18.505,18.547,18.207,18.149,18.305,18.453,18.513,18.528,18.886,17.825,16.8,0,0,0,0,0,0,0,0,0,0,0,0,0,0,0,0,0,0,0,0
16.98,17.453,18.285,18.791,18.526,18.239,18.228,18.281,18.484,18.616,18.115,17.219,0,0,0,0,0,0,0,0,0,0,0,0,0,0,0,0,0,0,0,0,0
16.064,16.326,17.287,18.42,18.645,18.625,18.588,18.616,18.695,18.485,17.807,0,0,0,0,0,0,0,0,0,0,0,0,0,0,0,0,0,0,0,0,0,0
16.487,15.697,15.979,17.12,17.875,18.257,18.472,18.711,18.58,18.045,17.381,0,0,0,0,0,0,0,0,0,0,0,0,0,0,0,0,0,0,0,0,0,0
16.83,16.547,15.895,16.075,16.803,17.473,17.771,18.106,18.116,17.432,17.103,0,0,0,0,0,0,0,0,0,0,0,0,0,0,0,0,0,0,0,0,0,0
16.323,15.677,0,0,0,0,0,17.308,17.595,16.939,16.92,0,0,0,0,0,0,0,0,0,0,0,0,0,0,0,0,0,0,0,0,0,0
16.118,0,0,0,0,0,0,0,0,0,0,0,0,0,0,0,0,0,0,0,0,0,0,0,0,0,0,0,0,0,0,0,0
0,0,0,0,0,0,0,0,0,0,0,0,0,0,0,0,0,0,0,0,0,0,0,0,0,0,0,0,0,0,0,0,0
0,0,0,0,0,0,0,0,0,0,0,0,0,0,0,0,0,0,0,0,0,0,0,0,0,0,0,0,0,0,0,0,0
