15.781,15.898,16.009,16.086,16.112,16.098,16.061,16.006,15.937,15.848,15.752,15.658,15.539,15.396,15.3,15.26,15.18,15.021,14.878,14.938,15.036,14.692,14.138,14.129,14.267,14.41,14.386,14.271,14.131,14.066,14.195,14.395,14.168
15.599,15.694,15.815,15.963,16.066,16.097,16.073,16.011,15.924,15.828,15.698,15.486,15.295,15.216,15.224,15.236,15.162,14.979,14.893,15.001,14.991,14.514,14.006,14.073,14.252,14.4,14.346,14.194,14.08,14.052,13.91,13.489,13.198
15.472,15.548,15.605,15.741,15.872,15.93,15.91,15.82,15.667,15.48,15.298,15.212,15.246,15.227,15.18,15.128,15.018,14.919,14.97,15.02,14.787,14.089,13.987,14.146,14.27,14.279,14.15,14.044,14.028,13.963,13.601,13.134,13.221
15.358,15.454,15.469,15.535,15.595,15.563,15.478,15.392,15.336,15.289,15.224,15.14,15.094,15.076,15.034,14.995,14.97,14.962,15.014,14.769,14.207,13.935,14.053,14.127,14.171,14.16,14.144,14.181,14.202,14.066,13.655,13.192,13.174
15.235,15.362,15.389,15.412,15.411,15.323,15.24,15.197,15.17,15.134,15.086,15.032,15.002,15.002,14.971,14.947,14.967,14.81,14.581,14.171,13.936,14.033,14.169,14.261,14.317,14.333,14.327,14.287,14.17,13.936,13.556,13.091,13.054
15.13,15.254,15.298,15.29,15.255,15.136,15.042,15.008,15.004,14.96,14.951,14.95,14.941,14.94,14.678,14.572,14.547,14.27,14.081,13.99,14.113,14.256,14.298,14.244,14.11,13.932,13.751,13.583,13.423,13.267,13.118,13.015,12.958
15.068,15.143,15.21,15.145,15.087,14.997,14.893,14.798,14.81,14.822,14.855,14.751,14.551,14.425,14.247,14.165,14.108,14.017,14.059,14.162,14.238,14.181,14.006,13.788,13.614,13.54,13.56,13.604,13.615,13.638,13.399,13.257,13.115
15.058,15.09,15.119,15.141,15.057,14.989,14.843,14.622,14.625,14.672,14.569,14.328,14.145,14.078,14.027,14.026,14.051,14.098,14.164,14.169,14.055,13.847,13.652,13.573,13.652,13.831,14.007,14.143,14.226,14.36,14.164,13.598,13.256
15.053,15.106,15.084,15.103,15.061,14.992,14.82,14.503,14.45,14.389,14.195,14.058,14.032,14.069,14.104,14.135,14.157,14.164,14.125,13.988,13.753,13.511,13.37,13.368,13.504,13.762,14.001,14.168,14.281,14.424,14.419,13.507,13.177
15.013,15.136,15.128,15.091,15.048,15.045,14.806,14.405,14.236,14.161,14.07,14.098,14.153,14.165,14.15,14.128,14.093,14.028,13.903,13.696,13.419,13.156,13.021,13.061,13.318,13.724,13.957,14.02,14.071,14.229,14.33,13.152,13.13
14.961,15.136,15.19,15.132,15.053,15.058,14.774,14.349,14.167,14.17,14.222,14.298,14.286,14.227,14.192,14.185,14.171,14.116,14.008,13.845,13.614,13.381,13.212,13.211,13.471,13.773,13.904,13.855,13.776,13.875,14.249,12.942,12.889
14.932,15.179,15.243,15.175,15.06,15.077,14.748,14.333,14.192,14.241,14.246,14.116,13.861,13.64,13.558,13.581,13.654,13.696,13.686,13.814,13.93,13.959,13.947,13.956,14.014,13.931,13.761,13.611,13.542,13.585,14.221,13.32,12.376
14.875,15.221,15.239,15.168,15.053,15.096,14.696,14.34,14.235,14.262,14.154,13.894,13.617,13.468,13.381,13.325,13.269,13.068,13.088,13.214,13.336,13.432,13.493,13.526,13.536,13.515,13.493,13.462,13.469,13.493,14.018,13.617,12.752
14.779,15.143,15.173,15.123,15.046,15.032,14.66,14.355,14.265,14.245,14.063,13.793,13.556,13.236,13.127,13.067,12.968,12.82,13.115,13.484,13.718,13.825,13.814,13.745,13.674,13.628,13.641,13.605,13.486,13.588,14.13,13.792,12.79
14.654,15.007,15.102,15.073,15.003,14.874,14.636,14.368,14.286,14.231,14.043,13.821,13.403,12.919,12.954,12.842,12.751,12.724,13.142,13.592,13.83,13.997,14.038,13.95,13.812,13.69,13.748,13.755,13.824,13.914,13.805,13.207,12.42
14.539,14.849,15.016,15.003,14.93,14.752,14.602,14.371,14.299,14.225,14.053,13.758,13.103,12.859,12.802,12.724,12.642,12.616,13.06,13.495,13.703,13.871,13.875,13.824,13.745,13.66,13.639,13.61,13.524,13.341,13.066,12.856,0
14.451,14.696,14.875,14.878,14.829,14.699,14.547,14.36,14.304,14.226,14.031,13.465,12.872,12.827,12.857,12.98,12.695,12.485,12.844,13.271,13.415,13.504,13.483,13.357,13.157,12.956,12.915,12.962,12.906,12.868,0,0,0
14.401,14.568,14.713,14.752,14.758,14.65,14.479,14.346,14.315,14.23,13.908,13.179,12.802,12.942,12.966,13.195,12.689,12.382,12.588,13.003,13.105,13.107,13.032,12.803,12.454,12.091,0,0,0,0,0,0,0
14.527,14.607,14.673,14.719,14.715,14.581,14.425,14.356,14.331,14.175,13.694,12.998,12.841,12.747,12.805,13.181,12.719,12.305,12.393,12.711,12.9,12.845,12.733,12.571,12.269,11.794,0,0,0,0,0,0,0
14.756,14.758,14.743,14.725,14.653,14.515,14.417,14.4,14.341,14.09,13.519,12.889,12.805,12.705,12.921,13.242,12.594,12.22,12.252,12.317,12.505,12.54,12.397,12.142,11.76,0,0,0,0,0,0,0,0
14.82,14.801,14.749,14.686,14.597,14.506,14.47,14.447,14.31,13.983,13.368,12.864,12.767,12.949,13.295,13.43,12.139,12.157,12.239,11.962,11.99,12.019,11.926,11.755,0,0,0,0,0,0,0,0,0
14.734,14.731,14.708,14.653,14.591,14.536,14.492,14.416,14.229,13.84,13.241,13.054,13.104,13.441,13.62,12.639,11.604,11.903,11.791,11.683,11.673,11.639,11.589,0,0,0,0,0,0,0,0,0,0
14.649,14.637,14.619,14.561,14.485,14.412,14.339,14.218,13.994,13.64,13.287,13.236,13.312,13.733,13.317,11.856,11.608,11.566,11.52,0,0,0,0,0,0,0,0,0,0,0,0,0,0
14.541,14.468,14.418,14.357,14.277,14.191,14.092,13.955,13.783,13.588,13.272,13.04,13.291,13.323,13.252,0,0,0,0,0,0,0,0,0,0,0,0,0,0,0,0,0,0
14.514,14.457,14.387,14.314,14.224,14.127,14.035,13.963,13.869,13.816,13.747,13.583,13.412,0,0,0,0,0,0,0,0,0,0,0,0,0,0,0,0,0,0,0,0
14.267,14.267,14.375,14.355,14.333,14.296,14.148,14.035,14.065,13.976,13.798,13.397,0,0,0,0,0,0,0,0,0,0,0,0,0,0,0,0,0,0,0,0,0
13.493,13.675,14.212,14.083,14.005,13.674,13.175,13.495,13.898,13.849,13.534,0,0,0,0,0,0,0,0,0,0,0,0,0,0,0,0,0,0,0,0,0,0
12.63,12.904,13.683,13.653,13.498,13.105,12.659,13.268,13.818,13.605,13.132,0,0,0,0,0,0,0,0,0,0,0,0,0,0,0,0,0,0,0,0,0,0
12.548,12.405,12.866,12.909,12.905,12.696,12.665,13.081,13.741,13.329,12.798,0,0,0,0,0,0,0,0,0,0,0,0,0,0,0,0,0,0,0,0,0,0
12.493,12.431,0,0,0,0,0,12.652,13.025,12.754,12.554,0,0,0,0,0,0,0,0,0,0,0,0,0,0,0,0,0,0,0,0,0,0
12.331,0,0,0,0,0,0,0,0,0,0,0,0,0,0,0,0,0,0,0,0,0,0,0,0,0,0,0,0,0,0,0,0
0,0,0,0,0,0,0,0,0,0,0,0,0,0,0,0,0,0,0,0,0,0,0,0,0,0,0,0,0,0,0,0,0
0,0,0,0,0,0,0,0,0,0,0,0,0,0,0,0,0,0,0,0,0,0,0,0,0,0,0,0,0,0,0,0,0
